1.368298227787017929e+00 1.367115817766190395e-04
1.371618316173553342e+00 1.880777552815282464e-04
1.374938404560089200e+00 1.875414830185312854e-04
1.378258492946624614e+00 2.097586588522041239e-04
1.381578581333160471e+00 4.813034132061451181e-04
1.384898669719695885e+00 5.943942185459335625e-04
1.388218758106231743e+00 1.118838579947325227e-03
1.391538846492767156e+00 1.807343205482252841e-03
1.394858934879303014e+00 3.012257127487223858e-03
1.398179023265838428e+00 3.573108171275643594e-03
1.401499111652374285e+00 6.016420331741996474e-03
1.404819200038909699e+00 8.232074301211440154e-03
1.408139288425445557e+00 1.466486596018605829e-02
1.411459376811981414e+00 1.963643594183774738e-02
1.414779465198516828e+00 2.605841829943563587e-02
1.418099553585052686e+00 3.723707792688886464e-02
1.421419641971588099e+00 5.312934240068085956e-02
1.424739730358123957e+00 7.457959072193441619e-02
1.428059818744659371e+00 1.022167527369709367e-01
1.431379907131195228e+00 1.382793732943223275e-01
1.434699995517730642e+00 1.844937873680766727e-01
1.438020083904266500e+00 2.508771769015671893e-01
1.441340172290801913e+00 3.191376962342158397e-01
1.444660260677337771e+00 4.139055809766057359e-01
1.447980349063873184e+00 5.308121044833779001e-01
1.451300437450409042e+00 6.918947152715552162e-01
1.454620525836944456e+00 8.744296933435896646e-01
1.457940614223480313e+00 1.092269355420272481e+00
1.461260702610015727e+00 1.345525172525098068e+00
1.464580790996551585e+00 1.665327177746402487e+00
1.467900879383086998e+00 2.009297067100071388e+00
1.471220967769622856e+00 2.420696693937152588e+00
1.474541056156158270e+00 2.891486825526861981e+00
1.477861144542694127e+00 3.372735854254594212e+00
1.481181232929229541e+00 3.951426227523921586e+00
1.484501321315765399e+00 4.543728431288538872e+00
1.487821409702300812e+00 5.199611929703560342e+00
1.491141498088836670e+00 5.909110682565766659e+00
1.494461586475372306e+00 6.621599191641695192e+00
1.497781674861907941e+00 7.245639643202221869e+00
1.501101763248443799e+00 8.070318312098818225e+00
1.504421851634979213e+00 8.715238532366665680e+00
1.507741940021515070e+00 9.371015834256279931e+00
1.511062028408050484e+00 9.984775682132461583e+00
1.514382116794586342e+00 1.058417687163459142e+01
1.517702205181121755e+00 1.097864608527988572e+01
1.521022293567657613e+00 1.149556886305298953e+01
1.524342381954193026e+00 1.165780015415423776e+01
1.527662470340728884e+00 1.181240663575981564e+01
1.530982558727264298e+00 1.190762973924060830e+01
1.534302647113800155e+00 1.179651436306106760e+01
1.537622735500335569e+00 1.156434651172608596e+01
1.540942823886871427e+00 1.130262572250596520e+01
1.544262912273406840e+00 1.095620872457007167e+01
1.547583000659942698e+00 1.034454074159668835e+01
1.550903089046478112e+00 9.854801922391184021e+00
1.554223177433013969e+00 9.172873913361780041e+00
1.557543265819549383e+00 8.561835050014609649e+00
1.560863354206085241e+00 7.834547606974058276e+00
1.564183442592620654e+00 7.137187111307434328e+00
1.567503530979156512e+00 6.359738375685675571e+00
1.570823619365691926e+00 5.747471605689306706e+00
1.574143707752227783e+00 5.037720553714603255e+00
1.577463796138763419e+00 4.399159328232558508e+00
1.580783884525299055e+00 3.814818377512374958e+00
1.584103972911834912e+00 3.273688077803059482e+00
1.587424061298370326e+00 2.736308365471160187e+00
1.590744149684906183e+00 2.304684297821935512e+00
1.594064238071441597e+00 1.935162874778309172e+00
1.597384326457977455e+00 1.575611186461133517e+00
1.600704414844512868e+00 1.291493377866527847e+00
1.604024503231048726e+00 1.026798597346648023e+00
1.607344591617584140e+00 8.280484607244765760e-01
1.610664680004119997e+00 6.545427316338060519e-01
1.613984768390655411e+00 5.166149555584651498e-01
1.617304856777191269e+00 3.946928712773878356e-01
1.620624945163726682e+00 3.144366364851145512e-01
1.623945033550262540e+00 2.323893724689805595e-01
1.627265121936797954e+00 1.745112388710936269e-01
1.630585210323333811e+00 1.308066886121610484e-01
1.633905298709869225e+00 1.001566519198510419e-01
1.637225387096405083e+00 7.236614096891041958e-02
1.640545475482940496e+00 5.149076321772402126e-02
1.643865563869476354e+00 3.407454917111043396e-02
1.647185652256011767e+00 2.309121872515470381e-02
1.650505740642547625e+00 1.723612860062730817e-02
1.653825829029083039e+00 1.313717498636502237e-02
1.657145917415618896e+00 8.842119500919985026e-03
1.660466005802154532e+00 6.240162811455032127e-03
1.663786094188690168e+00 4.353558258971907714e-03
1.667106182575225803e+00 3.021021063598429077e-03
1.670426270961761439e+00 2.046909381480205899e-03
1.673746359348297297e+00 9.790961207478672632e-04
1.677066447734832710e+00 7.573293589212705791e-04
1.680386536121368568e+00 6.481734997677075132e-04
1.683706624507903982e+00 2.913094434271386616e-04
1.687026712894439839e+00 3.724815370178189669e-04
1.690346801280975253e+00 8.132445619590578144e-05
1.693666889667511111e+00 7.744464899082808450e-06
1.696986978054046524e+00 6.205397528500586910e-05
