1.255506506562233060e+00 6.716940670089426892e-05
1.258849593997001470e+00 1.740102183524477520e-05
1.262192681431770325e+00 7.588446139390120154e-05
1.265535768866539179e+00 9.845075787008946029e-05
1.268878856301307589e+00 1.934136996734319575e-04
1.272221943736076444e+00 1.996067298059174533e-04
1.275565031170844854e+00 2.713338359068537308e-04
1.278908118605613708e+00 1.072774050797613808e-03
1.282251206040382563e+00 1.194834511142991952e-03
1.285594293475150973e+00 2.215099181962857430e-03
1.288937380909919828e+00 2.851615398546300615e-03
1.292280468344688238e+00 5.434272909148308260e-03
1.295623555779457092e+00 8.792657452988227387e-03
1.298966643214225947e+00 1.199633987873949606e-02
1.302309730648994357e+00 1.956284219685807541e-02
1.305652818083763211e+00 2.905751963544597055e-02
1.308995905518531622e+00 4.043684495526059242e-02
1.312338992953300476e+00 6.012201533836600276e-02
1.315682080388069330e+00 8.679665135271195930e-02
1.319025167822837741e+00 1.202203081928549105e-01
1.322368255257606595e+00 1.628684094950540173e-01
1.325711342692375005e+00 2.270631539768916685e-01
1.329054430127143860e+00 3.001088456369002122e-01
1.332397517561912714e+00 4.096640166926602267e-01
1.335740604996681125e+00 5.429798595703996256e-01
1.339083692431449979e+00 7.076948555247301043e-01
1.342426779866218389e+00 9.242537114802972242e-01
1.345769867300987244e+00 1.165825484644919641e+00
1.349112954735756098e+00 1.462898398139369505e+00
1.352456042170524508e+00 1.860329156233008430e+00
1.355799129605293363e+00 2.253573032431297030e+00
1.359142217040061773e+00 2.748662071081735103e+00
1.362485304474830627e+00 3.313132615932116831e+00
1.365828391909599482e+00 3.948067807956905373e+00
1.369171479344367892e+00 4.648728042382280989e+00
1.372514566779136747e+00 5.421911163806225176e+00
1.375857654213905157e+00 6.154399053943746978e+00
1.379200741648674011e+00 6.953531683493937798e+00
1.382543829083442866e+00 7.863199127236287111e+00
1.385886916518211276e+00 8.640892111416683008e+00
1.389230003952980130e+00 9.508477876820663255e+00
1.392573091387748541e+00 1.036358157712247596e+01
1.395916178822517395e+00 1.100552806103816472e+01
1.399259266257286249e+00 1.155883742016838589e+01
1.402602353692054660e+00 1.219953783199362363e+01
1.405945441126823514e+00 1.245112456341869489e+01
1.409288528561591924e+00 1.277145308596993445e+01
1.412631615996360779e+00 1.280232732429444553e+01
1.415974703431129633e+00 1.278936002310194198e+01
1.419317790865898044e+00 1.251836972841345919e+01
1.422660878300666898e+00 1.236218501480099974e+01
1.426003965735435308e+00 1.166342863958197107e+01
1.429347053170204163e+00 1.116245263410512401e+01
1.432690140604973017e+00 1.052586033972906243e+01
1.436033228039741427e+00 9.712969838590886695e+00
1.439376315474510282e+00 8.869307931334056150e+00
1.442719402909278692e+00 8.106714660277017259e+00
1.446062490344047546e+00 7.221254191676864664e+00
1.449405577778816401e+00 6.383565244704217712e+00
1.452748665213584811e+00 5.578219957443010024e+00
1.456091752648353665e+00 4.799880270010289607e+00
1.459434840083122076e+00 4.121941724649183847e+00
1.462777927517890930e+00 3.517554873165495088e+00
1.466121014952659785e+00 2.917665812863520447e+00
1.469464102387428195e+00 2.374174772897406083e+00
1.472807189822197049e+00 1.956891176649274033e+00
1.476150277256965460e+00 1.551391660263133021e+00
1.479493364691734314e+00 1.252187848986572538e+00
1.482836452126503168e+00 9.794406412719364186e-01
1.486179539561271579e+00 7.566049440562626627e-01
1.489522626996040433e+00 5.764518817178682086e-01
1.492865714430808843e+00 4.444165971570855356e-01
1.496208801865577698e+00 3.239009533575398780e-01
1.499551889300346552e+00 2.487176175751173168e-01
1.502894976735114962e+00 1.812672129805960874e-01
1.506238064169883817e+00 1.267619958730830665e-01
1.509581151604652227e+00 9.089768250465353472e-02
1.512924239039421082e+00 6.525715784424004906e-02
1.516267326474189936e+00 4.511630288832847724e-02
1.519610413908958346e+00 3.216241437179307577e-02
1.522953501343727201e+00 2.063078439323934657e-02
1.526296588778495611e+00 1.333311613291918683e-02
1.529639676213264465e+00 9.442246088784557456e-03
1.532982763648033320e+00 6.690156439948643542e-03
1.536325851082801730e+00 4.245876602635577715e-03
1.539668938517570584e+00 2.780010738208870628e-03
1.543012025952338995e+00 1.404568680822232060e-03
1.546355113387107849e+00 8.605097127832460249e-04
1.549698200821876704e+00 6.575359928122032158e-04
1.553041288256645114e+00 3.726506835740630544e-04
1.556384375691413968e+00 2.534177424194830716e-04
1.559727463126182379e+00 4.522889349459583032e-05
1.563070550560951233e+00 3.613249466895905114e-06
1.566413637995720087e+00 1.210532148888744029e-04
1.569756725430488498e+00 2.533041046441180500e-05
1.573099812865257352e+00 3.192587293053523168e-08
1.576442900300025762e+00 2.437495246744101946e-13
1.579785987734794617e+00 2.082233324664028579e-09
1.583129075169563471e+00 5.011217367158098257e-06
1.586472162604331881e+00 6.715543871554818692e-05
