8.394513770937919173e-01 1.258163503192543482e-04
8.419292703270913059e-01 1.587348353705263357e-04
8.444071635603904724e-01 1.998437945978646154e-04
8.468850567936896390e-01 2.602610556853224765e-04
8.493629500269890276e-01 4.869212102138313907e-04
8.518408432602881941e-01 8.048752274881917305e-04
8.543187364935875827e-01 1.233824642020124899e-03
8.567966297268867493e-01 2.121234236948811754e-03
8.592745229601859158e-01 2.532768881952115851e-03
8.617524161934853044e-01 5.009899416611725970e-03
8.642303094267844710e-01 6.638947966182694692e-03
8.667082026600838596e-01 9.738514750203822873e-03
8.691860958933830261e-01 1.357961930362258998e-02
8.716639891266821927e-01 2.175448319504046102e-02
8.741418823599815813e-01 3.129667529229715472e-02
8.766197755932807478e-01 4.182497828964411996e-02
8.790976688265801364e-01 5.983288993322400523e-02
8.815755620598793030e-01 8.101066665490407048e-02
8.840534552931784695e-01 1.140930058103876293e-01
8.865313485264778581e-01 1.615235527216421496e-01
8.890092417597770247e-01 2.067182052633674272e-01
8.914871349930764133e-01 2.938137254274496568e-01
8.939650282263755798e-01 3.773288510751129921e-01
8.964429214596747464e-01 4.917693049493991331e-01
8.989208146929741350e-01 6.359004779398176321e-01
9.013987079262733015e-01 8.198324061361915716e-01
9.038766011595726901e-01 1.026209147427070256e+00
9.063544943928718567e-01 1.286236498077628854e+00
9.088323876261710232e-01 1.603725224330999843e+00
9.113102808594704118e-01 1.973868762131288257e+00
9.137881740927695784e-01 2.460100031591940795e+00
9.162660673260689670e-01 2.901180492667700506e+00
9.187439605593681335e-01 3.499706002056541365e+00
9.212218537926673001e-01 4.223183450987328946e+00
9.236997470259666887e-01 4.892229637171848999e+00
9.261776402592658552e-01 5.608852082285620710e+00
9.286555334925652438e-01 6.481186594672158741e+00
9.311334267258644104e-01 7.435822418274396384e+00
9.336113199591635770e-01 8.280248303227175199e+00
9.360892131924629656e-01 9.396466839614282307e+00
9.385671064257621321e-01 1.003469479640956408e+01
9.410449996590615207e-01 1.134870065389301530e+01
9.435228928923606873e-01 1.220195648792134868e+01
9.460007861256598538e-01 1.275107786373797758e+01
9.484786793589592424e-01 1.382519928922786967e+01
9.509565725922584090e-01 1.444189919263863864e+01
9.534344658255577976e-01 1.506558495578975609e+01
9.559123590588569641e-01 1.548458623539330858e+01
9.583902522921561307e-01 1.565269389679241385e+01
9.608681455254555193e-01 1.593216559170877211e+01
9.633460387587546858e-01 1.607542645049099761e+01
9.658239319920540744e-01 1.565723987305505638e+01
9.683018252253532410e-01 1.530515484055604247e+01
9.707797184586524075e-01 1.522291943560631644e+01
9.732576116919517961e-01 1.425829022765309340e+01
9.757355049252509627e-01 1.363910254473523587e+01
9.782133981585503513e-01 1.271548594999064363e+01
9.806912913918495178e-01 1.194565712379517919e+01
9.831691846251486844e-01 1.105258673288437166e+01
9.856470778584480730e-01 1.005317422546709238e+01
9.881249710917472395e-01 8.991506264520504388e+00
9.906028643250466281e-01 8.169869854530221076e+00
9.930807575583457947e-01 7.290513574871185121e+00
9.955586507916449612e-01 6.213367390443929494e+00
9.980365440249443498e-01 5.498620948486562021e+00
1.000514437258243516e+00 4.764464953624580446e+00
1.002992330491542905e+00 3.992375795890798607e+00
1.005470223724842072e+00 3.416673322501065702e+00
1.007948116958141238e+00 2.800198250130644162e+00
1.010426010191440627e+00 2.367117601745654554e+00
1.012903903424739793e+00 1.955165979872256932e+00
1.015381796658039182e+00 1.530256531208040949e+00
1.017859689891338348e+00 1.247199475389089152e+00
1.020337583124637515e+00 1.002643202435620884e+00
1.022815476357936904e+00 7.703943140228103337e-01
1.025293369591236070e+00 6.091903451509134149e-01
1.027771262824535459e+00 4.706022005817805942e-01
1.030249156057834625e+00 3.576516411715653931e-01
1.032727049291133792e+00 2.695589247304034930e-01
1.035204942524433180e+00 1.937507470260686482e-01
1.037682835757732347e+00 1.448109119936269451e-01
1.040160728991031736e+00 1.110158874394093637e-01
1.042638622224330902e+00 8.157678490671689542e-02
1.045116515457630069e+00 5.701622850065759390e-02
1.047594408690929457e+00 4.111368271200921409e-02
1.050072301924228624e+00 2.938097581866423724e-02
1.052550195157528012e+00 1.870663395542328591e-02
1.055028088390827179e+00 1.298224017214056995e-02
1.057505981624126346e+00 1.015371150548530915e-02
1.059983874857425734e+00 6.326807699296819500e-03
1.062461768090724901e+00 4.064801185306807924e-03
1.064939661324024289e+00 3.693835200992167701e-03
1.067417554557323456e+00 1.759153338678698646e-03
1.069895447790622622e+00 1.072010555705801230e-03
1.072373341023922011e+00 6.400839445163086479e-04
1.074851234257221178e+00 6.164905474613176272e-04
1.077329127490520566e+00 7.708245963528566141e-05
1.079807020723819733e+00 7.589064815362661577e-05
1.082284913957118899e+00 3.065127280989722629e-05
1.084762807190418288e+00 8.331180512937526805e-05
