1.259374693632125730e+00 6.546758253625977820e-05
1.262494312524795603e+00 5.010256841511337433e-05
1.265613931417465032e+00 2.902976246039597153e-04
1.268733550310134905e+00 5.716521958322877449e-04
1.271853169202804557e+00 5.201181891830192628e-04
1.274972788095474208e+00 7.365420149470946381e-04
1.278092406988144081e+00 1.354689508159977922e-03
1.281212025880813510e+00 2.157631772522591602e-03
1.284331644773483383e+00 3.755427917056880505e-03
1.287451263666152812e+00 4.943834104967029242e-03
1.290570882558822685e+00 6.446142228634743274e-03
1.293690501451492114e+00 9.505284864519973967e-03
1.296810120344161987e+00 1.505622611528261746e-02
1.299929739236831860e+00 2.105563465097212358e-02
1.303049358129501289e+00 2.951627578074203159e-02
1.306168977022171163e+00 4.270929141255017797e-02
1.309288595914840592e+00 6.043709198585339032e-02
1.312408214807510465e+00 8.248894254175807850e-02
1.315527833700179894e+00 1.100243577299059861e-01
1.318647452592849767e+00 1.469121256476021986e-01
1.321767071485519418e+00 1.954245858530321567e-01
1.324886690378189069e+00 2.655993445409968734e-01
1.328006309270858942e+00 3.397233995568404996e-01
1.331125928163528371e+00 4.424746755750317284e-01
1.334245547056198244e+00 5.574295313930744955e-01
1.337365165948867674e+00 7.196438904732087583e-01
1.340484784841537547e+00 8.994366227061768582e-01
1.343604403734206976e+00 1.127271337068033397e+00
1.346724022626876849e+00 1.394843859363484651e+00
1.349843641519546500e+00 1.702339629492145567e+00
1.352963260412216151e+00 2.091566243882581944e+00
1.356082879304886024e+00 2.473640130898160372e+00
1.359202498197555453e+00 2.923318485444332371e+00
1.362322117090225326e+00 3.466260430324214603e+00
1.365441735982894755e+00 4.066787121303587327e+00
1.368561354875564628e+00 4.645377600456245482e+00
1.371680973768234058e+00 5.292878199842683706e+00
1.374800592660903931e+00 6.025476600388892656e+00
1.377920211553573582e+00 6.706441079320937249e+00
1.381039830446243233e+00 7.523415762837137422e+00
1.384159449338913106e+00 8.205230415928149057e+00
1.387279068231582535e+00 8.974613372287564061e+00
1.390398687124252408e+00 9.609465138259297490e+00
1.393518306016921837e+00 1.033002951340943021e+01
1.396637924909591710e+00 1.084072431056795871e+01
1.399757543802261361e+00 1.139940474200880161e+01
1.402877162694931013e+00 1.191903539988916805e+01
1.405996781587600886e+00 1.207067719532453864e+01
1.409116400480270315e+00 1.238657477703227627e+01
1.412236019372940188e+00 1.244353512994186772e+01
1.415355638265609617e+00 1.246172666877264490e+01
1.418475257158279490e+00 1.221742297346247419e+01
1.421594876050948919e+00 1.207150088130300070e+01
1.424714494943618792e+00 1.161168404094768647e+01
1.427834113836288443e+00 1.109080813931170795e+01
1.430953732728958094e+00 1.064445750688478221e+01
1.434073351621627967e+00 9.987585070968263423e+00
1.437192970514297397e+00 9.345760055588844040e+00
1.440312589406967270e+00 8.620937717558833313e+00
1.443432208299636699e+00 7.951124322138038991e+00
1.446551827192306572e+00 7.089838033316946841e+00
1.449671446084976001e+00 6.406446431719110102e+00
1.452791064977645874e+00 5.672910763428158809e+00
1.455910683870315525e+00 4.960476540993755457e+00
1.459030302762985176e+00 4.347130715791355016e+00
1.462149921655655049e+00 3.761886307163750498e+00
1.465269540548324478e+00 3.219310447858779511e+00
1.468389159440994352e+00 2.722771648943909106e+00
1.471508778333663781e+00 2.304145330504874245e+00
1.474628397226333654e+00 1.911604516774133566e+00
1.477748016119003305e+00 1.573814062144381465e+00
1.480867635011672956e+00 1.275824377842071922e+00
1.483987253904342829e+00 1.023333692452206511e+00
1.487106872797012258e+00 8.084421004308232073e-01
1.490226491689682131e+00 6.440367830803732652e-01
1.493346110582351560e+00 5.005961261554010555e-01
1.496465729475021433e+00 3.843518285577341986e-01
1.499585348367690862e+00 2.930396822314126348e-01
1.502704967260360736e+00 2.222494898556062470e-01
1.505824586153030387e+00 1.694626837801650465e-01
1.508944205045700038e+00 1.270905149069640194e-01
1.512063823938369911e+00 9.372753787090752631e-02
1.515183442831039340e+00 7.036428189500214259e-02
1.518303061723709213e+00 5.244669184506761672e-02
1.521422680616378642e+00 3.587488499477972659e-02
1.524542299509048515e+00 2.443463553429644705e-02
1.527661918401717944e+00 1.618462164469157069e-02
1.530781537294387817e+00 1.297739477302112601e-02
1.533901156187057468e+00 9.448804160242683589e-03
1.537020775079727120e+00 5.545911091570324830e-03
1.540140393972396993e+00 3.664582779255816554e-03
1.543260012865066422e+00 2.492218874225496286e-03
1.546379631757736295e+00 2.228042428962022977e-03
1.549499250650405724e+00 2.045014688377830379e-03
1.552618869543075597e+00 1.402910870756442913e-03
1.555738488435745248e+00 4.823480489608003769e-04
1.558858107328414899e+00 2.389684157459301612e-04
1.561977726221084550e+00 2.940329591321602567e-04
1.565097345113754201e+00 9.026493094061321411e-05
1.568216964006424075e+00 1.216401823753098351e-04
