2.499999944120645523e-02 0.000000000000000000e+00
7.499999832361936569e-02 0.000000000000000000e+00
1.249999925494194031e-01 0.000000000000000000e+00
1.750000007450580597e-01 0.000000000000000000e+00
2.249999903142452240e-01 0.000000000000000000e+00
2.749999985098838806e-01 0.000000000000000000e+00
3.249999880790710449e-01 0.000000000000000000e+00
3.750000149011611938e-01 0.000000000000000000e+00
4.249999672174453735e-01 0.000000000000000000e+00
4.749999940395355225e-01 0.000000000000000000e+00
5.249999836087226868e-01 0.000000000000000000e+00
5.749999731779098511e-01 0.000000000000000000e+00
6.250000000000000000e-01 0.000000000000000000e+00
6.749999523162841797e-01 0.000000000000000000e+00
7.249999791383743286e-01 0.000000000000000000e+00
7.750000059604644775e-01 0.000000000000000000e+00
8.249999582767486572e-01 0.000000000000000000e+00
8.749999850988388062e-01 0.000000000000000000e+00
9.250000119209289551e-01 0.000000000000000000e+00
9.749999642372131348e-01 0.000000000000000000e+00
1.024999916553497314e+00 0.000000000000000000e+00
1.075000017881393433e+00 0.000000000000000000e+00
1.124999970197677612e+00 0.000000000000000000e+00
1.174999922513961792e+00 0.000000000000000000e+00
1.225000023841857910e+00 0.000000000000000000e+00
1.274999976158142090e+00 0.000000000000000000e+00
1.324999928474426270e+00 0.000000000000000000e+00
1.374999880790710449e+00 0.000000000000000000e+00
1.424999982118606567e+00 0.000000000000000000e+00
1.474999934434890747e+00 0.000000000000000000e+00
1.525000035762786865e+00 0.000000000000000000e+00
1.574999988079071045e+00 0.000000000000000000e+00
1.624999940395355225e+00 0.000000000000000000e+00
1.674999892711639404e+00 0.000000000000000000e+00
1.724999994039535522e+00 0.000000000000000000e+00
1.774999946355819702e+00 0.000000000000000000e+00
1.825000047683715820e+00 0.000000000000000000e+00
1.875000000000000000e+00 0.000000000000000000e+00
1.924999952316284180e+00 0.000000000000000000e+00
1.974999904632568359e+00 0.000000000000000000e+00
2.024999856948852539e+00 0.000000000000000000e+00
2.074999958276748657e+00 0.000000000000000000e+00
2.124999910593032837e+00 0.000000000000000000e+00
2.175000011920928955e+00 0.000000000000000000e+00
2.224999964237213135e+00 0.000000000000000000e+00
2.274999916553497314e+00 0.000000000000000000e+00
2.324999868869781494e+00 0.000000000000000000e+00
2.374999970197677612e+00 0.000000000000000000e+00
2.424999922513961792e+00 0.000000000000000000e+00
2.475000023841857910e+00 0.000000000000000000e+00
2.524999976158142090e+00 0.000000000000000000e+00
2.574999928474426270e+00 0.000000000000000000e+00
2.624999880790710449e+00 0.000000000000000000e+00
2.674999833106994629e+00 0.000000000000000000e+00
2.724999785423278809e+00 0.000000000000000000e+00
2.775000035762786865e+00 0.000000000000000000e+00
2.824999988079071045e+00 0.000000000000000000e+00
2.874999940395355225e+00 0.000000000000000000e+00
2.924999892711639404e+00 0.000000000000000000e+00
2.974999845027923584e+00 0.000000000000000000e+00
3.025000095367431641e+00 0.000000000000000000e+00
3.075000047683715820e+00 0.000000000000000000e+00
3.125000000000000000e+00 0.000000000000000000e+00
3.174999952316284180e+00 0.000000000000000000e+00
3.224999904632568359e+00 0.000000000000000000e+00
3.274999856948852539e+00 3.472222147138381843e-06
3.324999809265136719e+00 5.324073947576835053e-05
3.374999761581420898e+00 4.224536896799691021e-04
3.425000011920928955e+00 2.052083269518334419e-03
3.474999964237213135e+00 7.704860938247293234e-03
3.524999916553497314e+00 2.306249970570206642e-02
3.574999868869781494e+00 5.659143393859267235e-02
3.624999821186065674e+00 1.187795111909508705e-01
3.675000071525573730e+00 2.182933986186981201e-01
3.725000023841857910e+00 3.628784660249948502e-01
3.774999976158142090e+00 5.549722090363502502e-01
3.824999928474426270e+00 7.928391024470329285e-01
3.874999880790710449e+00 1.073224514722824097e+00
3.924999833106994629e+00 1.386661425232887268e+00
3.974999785423278809e+00 1.728058412671089172e+00
4.024999737739562988e+00 2.086277753114700317e+00
4.074999988079071045e+00 2.455785840749740601e+00
4.124999940395355225e+00 2.828381896018981934e+00
4.174999892711639404e+00 3.200160816311836243e+00
4.224999845027923584e+00 3.566340222954750061e+00
4.274999797344207764e+00 3.925897508859634399e+00
4.325000047683715820e+00 4.276699006557464600e+00
4.375000000000000000e+00 4.615835011005401611e+00
4.424999952316284180e+00 4.943266123533248901e+00
4.474999904632568359e+00 5.259254574775695801e+00
4.524999856948852539e+00 5.564308434724807739e+00
4.574999809265136719e+00 5.858664333820343018e+00
4.624999761581420898e+00 6.142356455326080322e+00
4.675000011920928955e+00 6.417101800441741943e+00
4.724999964237213135e+00 6.681692659854888916e+00
4.774999916553497314e+00 6.939154416322708130e+00
4.824999868869781494e+00 7.188293874263763428e+00
4.874999821186065674e+00 7.430133014917373657e+00
4.924999773502349854e+00 7.664858758449554443e+00
4.975000023841857910e+00 7.894240647554397583e+00
5.024999976158142090e+00 8.119362831115722656e+00
5.074999928474426270e+00 8.340094983577728271e+00
5.124999880790710449e+00 8.556539475917816162e+00
5.174999833106994629e+00 8.769392371177673340e+00
5.224999785423278809e+00 8.980526089668273926e+00
5.274999737739562988e+00 9.188272058963775635e+00
5.324999690055847168e+00 9.394617438316345215e+00
5.374999642372131348e+00 9.598714053630828857e+00
5.425000190734863281e+00 9.803299129009246826e+00
5.475000143051147461e+00 1.000710171461105347e+01
5.525000095367431641e+00 1.021139520406723022e+01
5.575000047683715820e+00 1.041504800319671631e+01
5.625000000000000000e+00 1.061972159147262573e+01
5.674999952316284180e+00 1.082508683204650879e+01
5.724999904632568359e+00 1.103344267606735229e+01
5.774999856948852539e+00 1.124343001842498779e+01
5.824999809265136719e+00 1.145476561784744263e+01
5.874999761581420898e+00 1.167028295993804932e+01
5.924999713897705078e+00 1.188817238807678223e+01
5.974999666213989258e+00 1.211067128181457520e+01
6.024999618530273438e+00 1.233834487199783325e+01
6.074999570846557617e+00 1.257030779123306274e+01
6.125000119209289551e+00 1.280766886472702026e+01
6.175000071525573730e+00 1.305018395185470581e+01
6.225000023841857910e+00 1.329942303895950317e+01
6.274999976158142090e+00 1.355577427148818970e+01
6.324999928474426270e+00 1.381945824623107910e+01
6.374999880790710449e+00 1.409053570032119751e+01
6.424999833106994629e+00 1.437027299404144287e+01
6.474999785423278809e+00 1.465949636697769165e+01
6.524999737739562988e+00 1.495891416072845459e+01
6.574999690055847168e+00 1.526964920759201050e+01
6.624999642372131348e+00 1.559078466892242432e+01
6.674999594688415527e+00 1.592346990108489990e+01
6.725000143051147461e+00 1.626919543743133545e+01
6.775000095367431641e+00 1.662739741802215576e+01
6.825000047683715820e+00 1.699820554256439209e+01
6.875000000000000000e+00 1.738127076625823975e+01
6.924999952316284180e+00 1.777968168258666992e+01
6.974999904632568359e+00 1.819132709503173828e+01
7.024999856948852539e+00 1.861808741092681885e+01
7.074999809265136719e+00 1.905970251560211182e+01
7.124999761581420898e+00 1.951603174209594727e+01
7.174999713897705078e+00 1.998585426807403564e+01
7.224999666213989258e+00 2.047219443321228027e+01
7.274999618530273438e+00 2.097358632087707520e+01
7.324999570846557617e+00 2.148967182636260986e+01
7.374999523162841797e+00 2.202110898494720459e+01
7.425000071525573730e+00 2.256735301017761230e+01
7.475000023841857910e+00 2.312780416011810303e+01
7.524999976158142090e+00 2.370345330238342285e+01
7.574999928474426270e+00 2.429071545600891113e+01
7.624999880790710449e+00 2.489236843585968018e+01
7.674999833106994629e+00 2.550754761695861816e+01
7.724999785423278809e+00 2.613322114944458008e+01
7.774999737739562988e+00 2.677043795585632324e+01
7.824999690055847168e+00 2.741650974750518799e+01
7.874999642372131348e+00 2.807049131393432617e+01
7.924999594688415527e+00 2.873171818256378174e+01
7.974999547004699707e+00 2.940033984184265137e+01
8.025000095367431641e+00 3.007433736324310303e+01
8.075000047683715820e+00 3.075083792209625244e+01
8.125000000000000000e+00 3.143320667743682861e+01
8.174999952316284180e+00 3.211663222312927246e+01
8.224999904632568359e+00 3.280150079727172852e+01
8.274999856948852539e+00 3.348930144309997559e+01
8.324999809265136719e+00 3.417744350433349609e+01
8.374999761581420898e+00 3.486320376396179199e+01
8.424999713897705078e+00 3.555118989944458008e+01
8.474999666213989258e+00 3.624022984504699707e+01
8.524999618530273438e+00 3.692622613906860352e+01
8.574999570846557617e+00 3.761330437660217285e+01
8.624999523162841797e+00 3.830055546760559082e+01
8.675000071525573730e+00 3.898637294769287109e+01
8.725000023841857910e+00 3.967193746566772461e+01
8.774999976158142090e+00 4.035825157165527344e+01
8.824999928474426270e+00 4.104485154151916504e+01
8.874999880790710449e+00 4.173192691802978516e+01
8.924999833106994629e+00 4.242011189460754395e+01
8.974999785423278809e+00 4.310966777801513672e+01
9.024999737739562988e+00 4.379954814910888672e+01
9.074999690055847168e+00 4.449313640594482422e+01
9.124999642372131348e+00 4.518840241432189941e+01
9.174999594688415527e+00 4.588535332679748535e+01
9.224999547004699707e+00 4.658653807640075684e+01
9.275000095367431641e+00 4.729326152801513672e+01
9.325000047683715820e+00 4.800281310081481934e+01
9.375000000000000000e+00 4.871709942817687988e+01
9.424999952316284180e+00 4.943651294708251953e+01
9.474999904632568359e+00 5.016297888755798340e+01
9.524999856948852539e+00 5.089627718925476074e+01
9.574999809265136719e+00 5.163620138168334961e+01
9.624999761581420898e+00 5.238390064239501953e+01
9.674999713897705078e+00 5.314003586769104004e+01
9.724999666213989258e+00 5.390468645095825195e+01
9.774999618530273438e+00 5.467899990081787109e+01
9.824999570846557617e+00 5.546361899375915527e+01
9.874999523162841797e+00 5.625776267051696777e+01
9.924999475479125977e+00 5.706121850013732910e+01
9.975000023841857910e+00 5.787836122512817383e+01
1.002500057220458984e+01 5.870793843269348145e+01
1.007499933242797852e+01 5.954865169525146484e+01
1.012500047683715820e+01 6.040197968482971191e+01
1.017499923706054688e+01 6.126785874366760254e+01
1.022500038146972656e+01 6.214849162101745605e+01
1.027499914169311523e+01 6.304341650009155273e+01
1.032500028610229492e+01 6.395192503929138184e+01
1.037499904632568359e+01 6.487698316574096680e+01
1.042500019073486328e+01 6.581382894515991211e+01
1.047499895095825195e+01 6.676736164093017578e+01
1.052500009536743164e+01 6.773549270629882812e+01
1.057499885559082031e+01 6.871456909179687500e+01
1.062500000000000000e+01 6.971306419372558594e+01
1.067499876022338867e+01 7.072422599792480469e+01
1.072499990463256836e+01 7.175103187561035156e+01
1.077499866485595703e+01 7.279284191131591797e+01
1.082499980926513672e+01 7.384909915924072266e+01
1.087499976158142090e+01 7.492239284515380859e+01
1.092499971389770508e+01 7.600864839553833008e+01
1.097500085830688477e+01 7.710912179946899414e+01
1.102499961853027344e+01 7.822260141372680664e+01
1.107500076293945312e+01 7.935114908218383789e+01
1.112499952316284180e+01 8.049319314956665039e+01
1.117500066757202148e+01 8.164860248565673828e+01
1.122499942779541016e+01 8.281585359573364258e+01
1.127500057220458984e+01 8.399661397933959961e+01
1.132499933242797852e+01 8.518642759323120117e+01
1.137500047683715820e+01 8.638928127288818359e+01
1.142499923706054688e+01 8.760333538055419922e+01
1.147500038146972656e+01 8.882854986190795898e+01
1.152499914169311523e+01 9.006239461898803711e+01
1.157500028610229492e+01 9.130539894104003906e+01
1.162499904632568359e+01 9.256070137023925781e+01
1.167500019073486328e+01 9.382427406311035156e+01
1.172499895095825195e+01 9.509642553329467773e+01
1.177500009536743164e+01 9.637912559509277344e+01
1.182499885559082031e+01 9.766604280471801758e+01
1.187500000000000000e+01 9.896394920349121094e+01
1.192499876022338867e+01 1.002662725448608398e+02
1.197499990463256836e+01 1.015765452384948730e+02
1.202499866485595703e+01 1.028949289321899414e+02
1.207499980926513672e+01 1.042189636230468750e+02
1.212499856948852539e+01 1.055494379997253418e+02
1.217499971389770508e+01 1.068872637748718262e+02
1.222500085830688477e+01 1.082320904731750488e+02
1.227499961853027344e+01 1.095833621025085449e+02
1.232500076293945312e+01 1.109401388168334961e+02
1.237499952316284180e+01 1.123038363456726074e+02
1.242500066757202148e+01 1.136736078262329102e+02
1.247499942779541016e+01 1.150505609512329102e+02
