1.361263083815574593e+00 9.507537957359166755e-05
1.364596984982490380e+00 1.179893062520173826e-04
1.367930886149406389e+00 1.403032044993367776e-04
1.371264787316322398e+00 8.368737063039972989e-05
1.374598688483238185e+00 1.895390707355926380e-04
1.377932589650153972e+00 3.255434861252630061e-04
1.381266490817069981e+00 5.469431635265825046e-04
1.384600391983985990e+00 6.714809547909003293e-04
1.387934293150901777e+00 9.066186319145427049e-04
1.391268194317817564e+00 1.614467158138851045e-03
1.394602095484733573e+00 2.600182152963536730e-03
1.397935996651649582e+00 4.123595244609818376e-03
1.401269897818565369e+00 6.499822906623343825e-03
1.404603798985481156e+00 9.801973696020373564e-03
1.407937700152397165e+00 1.264934088205600833e-02
1.411271601319313174e+00 1.822089488427851289e-02
1.414605502486228961e+00 2.781677340139537824e-02
1.417939403653144748e+00 3.729925783951552887e-02
1.421273304820060757e+00 5.117208432679150321e-02
1.424607205986976766e+00 7.037739951551308382e-02
1.427941107153892553e+00 9.763431810677827838e-02
1.431275008320808340e+00 1.306648504010648193e-01
1.434608909487724349e+00 1.815748034007257095e-01
1.437942810654640358e+00 2.395202972958335730e-01
1.441276711821556145e+00 3.235146126842073366e-01
1.444610612988471932e+00 4.233018099804615741e-01
1.447944514155387719e+00 5.350811221774054438e-01
1.451278415322303728e+00 6.904230797394478314e-01
1.454612316489219737e+00 8.652953534288364557e-01
1.457946217656135524e+00 1.091062826466873137e+00
1.461280118823051311e+00 1.358429242213461619e+00
1.464614019989967320e+00 1.676154359982816588e+00
1.467947921156883329e+00 2.033605400551669273e+00
1.471281822323799116e+00 2.426273359588660750e+00
1.474615723490714903e+00 2.885899529777304018e+00
1.477949624657630912e+00 3.393603360373228739e+00
1.481283525824546921e+00 3.989953850513564326e+00
1.484617426991462708e+00 4.585425270056706637e+00
1.487951328158378494e+00 5.197327977460801662e+00
1.491285229325294504e+00 5.942277700218449255e+00
1.494619130492210513e+00 6.657668503326522824e+00
1.497953031659126300e+00 7.284816029535916115e+00
1.501286932826042086e+00 8.099051987256229879e+00
1.504620833992958095e+00 8.790741234941391369e+00
1.507954735159874105e+00 9.467168950535667094e+00
1.511288636326789891e+00 1.005766073451514941e+01
1.514622537493705678e+00 1.061290483329509371e+01
1.517956438660621687e+00 1.099299496820592204e+01
1.521290339827537696e+00 1.149510460924775224e+01
1.524624240994453483e+00 1.171505636498554459e+01
1.527958142161369270e+00 1.182144806571035112e+01
1.531292043328285057e+00 1.191681431137564751e+01
1.534625944495201288e+00 1.179014919743078948e+01
1.537959845662117075e+00 1.156398255663961372e+01
1.541293746829032862e+00 1.125753580815759314e+01
1.544627647995948649e+00 1.085033049401420158e+01
1.547961549162864658e+00 1.032528318635085185e+01
1.551295450329780667e+00 9.779187790490608378e+00
1.554629351496696454e+00 9.090767437804574413e+00
1.557963252663612241e+00 8.439534169475535919e+00
1.561297153830528250e+00 7.756940273833528465e+00
1.564631054997444259e+00 7.039544118681956952e+00
1.567964956164360046e+00 6.231631609733041088e+00
1.571298857331275833e+00 5.626728393485898039e+00
1.574632758498191842e+00 4.899740553753189509e+00
1.577966659665107851e+00 4.304792008404421111e+00
1.581300560832023638e+00 3.705262902933614377e+00
1.584634461998939425e+00 3.176779506895040850e+00
1.587968363165855434e+00 2.676265055383120650e+00
1.591302264332771443e+00 2.242172557901060514e+00
1.594636165499687230e+00 1.840610372311888954e+00
1.597970066666603017e+00 1.519142575764856007e+00
1.601303967833519026e+00 1.248927143798818751e+00
1.604637869000435035e+00 1.004899298929872620e+00
1.607971770167350822e+00 7.868198639957021401e-01
1.611305671334266609e+00 6.254244831931883297e-01
1.614639572501182396e+00 4.876766280596632197e-01
1.617973473668098627e+00 3.774770741491648707e-01
1.621307374835014414e+00 2.913297347511205615e-01
1.624641276001930201e+00 2.195107257580508620e-01
1.627975177168845988e+00 1.592870633643539979e-01
1.631309078335762219e+00 1.189773281706359570e-01
1.634642979502678006e+00 9.081069276294849446e-02
1.637976880669593793e+00 6.260115525249505819e-02
1.641310781836509580e+00 4.563544674925242711e-02
1.644644683003425589e+00 3.501103933430022713e-02
1.647978584170341598e+00 2.343306833094231309e-02
1.651312485337257385e+00 1.654566147863471490e-02
1.654646386504173172e+00 1.157680627241477675e-02
1.657980287671089181e+00 7.651998757372648237e-03
1.661314188838005190e+00 4.817268497785052311e-03
1.664648090004920977e+00 3.560765025081153324e-03
1.667981991171836764e+00 2.324089374720382864e-03
1.671315892338752773e+00 1.449124106048857831e-03
1.674649793505668782e+00 8.239778642880396173e-04
1.677983694672584569e+00 7.359168946236014155e-04
1.681317595839500356e+00 6.072996547200299822e-04
1.684651497006416143e+00 3.096686176368726668e-04
1.687985398173332374e+00 2.958321113104910938e-04
1.691319299340248161e+00 1.534485008948718431e-04
