9.353176307678222612e-01 3.752413732025514440e-05
9.385496234893798695e-01 1.501540429840129073e-05
9.417816162109374778e-01 1.021501886201514831e-04
9.450136089324950861e-01 8.263874939143965386e-05
9.482456016540526944e-01 1.537502803025677745e-04
9.514775943756103027e-01 3.847720317463445617e-04
9.547095870971680220e-01 4.738242049262433690e-04
9.579415798187256303e-01 5.672002237335655459e-04
9.611735725402832387e-01 1.236402737659742694e-03
9.644055652618408470e-01 1.812061517361235677e-03
9.676375579833984553e-01 3.020306272277401092e-03
9.708695507049560636e-01 4.214863729423553793e-03
9.741015434265136719e-01 6.641809529985178394e-03
9.773335361480712802e-01 1.082593788402165351e-02
9.805655288696288885e-01 1.493554970979231455e-02
9.837975215911864968e-01 2.340220822512383697e-02
9.870295143127441051e-01 3.284564671568802191e-02
9.902615070343017134e-01 4.818478089393139763e-02
9.934934997558593217e-01 6.903903255882816448e-02
9.967254924774170410e-01 9.521377914394420217e-02
9.999574851989746493e-01 1.339805223715765381e-01
1.003189477920532369e+00 1.830124957885204406e-01
1.006421470642089755e+00 2.535984655610432625e-01
1.009653463363647585e+00 3.275535582093717646e-01
1.012885456085204972e+00 4.522558160060522470e-01
1.016117448806762802e+00 5.787396626898256846e-01
1.019349441528320188e+00 7.533884356809092964e-01
1.022581434249878019e+00 9.935764556954068683e-01
1.025813426971435405e+00 1.252804236975906260e+00
1.029045419692993235e+00 1.548777118630277450e+00
1.032277412414550621e+00 1.918593032731219949e+00
1.035509405136108452e+00 2.400455557013868368e+00
1.038741397857665838e+00 2.840190448687057945e+00
1.041973390579223668e+00 3.498025219119137663e+00
1.045205383300781055e+00 4.014609159920638604e+00
1.048437376022338885e+00 4.775460166742466761e+00
1.051669368743896271e+00 5.572255958518792518e+00
1.054901361465454102e+00 6.344680033706162625e+00
1.058133354187011710e+00 7.115513418473526031e+00
1.061365346908569318e+00 8.096983232999390268e+00
1.064597339630127149e+00 8.837848407839393516e+00
1.067829332351684535e+00 9.547090574440160182e+00
1.071061325073242365e+00 1.060540760577521269e+01
1.074293317794799751e+00 1.121581065134200728e+01
1.077525310516357582e+00 1.171664431980374843e+01
1.080757303237914968e+00 1.223661207405905849e+01
1.083989295959472798e+00 1.285426738005600811e+01
1.087221288681030185e+00 1.293665207984198595e+01
1.090453281402588015e+00 1.317560538844068674e+01
1.093685274124145401e+00 1.298439988551577073e+01
1.096917266845703232e+00 1.289759499994108261e+01
1.100149259567260618e+00 1.247610302037242924e+01
1.103381252288818448e+00 1.216099081827605666e+01
1.106613245010375834e+00 1.145857802670060188e+01
1.109845237731933665e+00 1.088203952973785960e+01
1.113077230453491051e+00 1.007745740616911689e+01
1.116309223175048881e+00 9.197763764410176179e+00
1.119541215896606268e+00 8.518502385247513686e+00
1.122773208618164098e+00 7.620058700159051845e+00
1.126005201339721484e+00 6.752465308076086359e+00
1.129237194061279315e+00 5.817300884743167977e+00
1.132469186782836701e+00 5.266037150083074714e+00
1.135701179504394531e+00 4.392713993932495953e+00
1.138933172225952140e+00 3.765371671656513985e+00
1.142165164947509748e+00 3.145907436312054273e+00
1.145397157669067578e+00 2.620275604178667450e+00
1.148629150390624964e+00 2.138411764717806474e+00
1.151861143112182795e+00 1.759454986655437869e+00
1.155093135833740181e+00 1.408233957674795089e+00
1.158325128555298011e+00 1.095883668729944249e+00
1.161557121276855398e+00 8.712980789315893926e-01
1.164789113998413228e+00 6.631010844178372166e-01
1.168021106719970614e+00 5.172328716522709424e-01
1.171253099441528445e+00 3.886578918051583065e-01
1.174485092163085831e+00 2.911805651545145701e-01
1.177717084884643661e+00 2.148176422953514686e-01
1.180949077606201048e+00 1.605061123875021756e-01
1.184181070327758878e+00 1.143280647257225169e-01
1.187413063049316264e+00 8.266942672453300722e-02
1.190645055770874094e+00 5.821393122600870829e-02
1.193877048492431481e+00 4.019015780858671560e-02
1.197109041213989311e+00 2.797281224889774237e-02
1.200341033935546697e+00 1.867223071301413878e-02
1.203573026657104528e+00 1.246053117680495821e-02
1.206805019378661914e+00 8.559540006920579591e-03
1.210037012100219744e+00 5.816278681450219416e-03
1.213269004821777131e+00 3.555558427185489569e-03
1.216500997543334961e+00 2.547902402413368579e-03
1.219732990264892569e+00 1.794378232291735011e-03
1.222964982986450178e+00 6.844071150875716833e-04
1.226196975708007786e+00 5.001627952050570350e-04
1.229428968429565394e+00 4.122669736658373003e-04
1.232660961151123225e+00 2.988974559810289849e-04
1.235892953872680611e+00 1.534276570353813765e-04
1.239124946594238441e+00 1.011795773062145398e-04
1.242356939315795827e+00 2.137918826498772597e-05
1.245588932037353658e+00 8.075515279826185838e-05
1.248820924758911044e+00 7.793169418436206094e-07
1.252052917480468874e+00 8.434426418652987855e-06
1.255284910202026261e+00 2.253315179353210910e-05
