1.367687092423438999e+00 1.346052631390978489e-04
1.371103603243827740e+00 4.006568684956259420e-04
1.374520114064216703e+00 4.469817890554402852e-04
1.377936624884605443e+00 7.222596833144988944e-04
1.381353135704994184e+00 6.337853974825921870e-04
1.384769646525382925e+00 1.026184277356741170e-03
1.388186157345771665e+00 2.493776437352650255e-03
1.391602668166160628e+00 3.219486328255627243e-03
1.395019178986549369e+00 4.321373110431863188e-03
1.398435689806938109e+00 6.705315161372696342e-03
1.401852200627327072e+00 1.013233723639518635e-02
1.405268711447715813e+00 1.462409277322006956e-02
1.408685222268104553e+00 2.101016024761741610e-02
1.412101733088493294e+00 2.885943651600771098e-02
1.415518243908882035e+00 4.003077902029752999e-02
1.418934754729270997e+00 5.547076713591814201e-02
1.422351265549659738e+00 7.527786773916350649e-02
1.425767776370048479e+00 1.073711375125077638e-01
1.429184287190437441e+00 1.437414223673885438e-01
1.432600798010826182e+00 1.883198385548976173e-01
1.436017308831214923e+00 2.471368470122826400e-01
1.439433819651603663e+00 3.251788492951404597e-01
1.442850330471992404e+00 4.312136714517978975e-01
1.446266841292381367e+00 5.582333694982171135e-01
1.449683352112770107e+00 6.933762024609817498e-01
1.453099862933158848e+00 8.787254741488331744e-01
1.456516373753547589e+00 1.089019247592797113e+00
1.459932884573936551e+00 1.351885036443083665e+00
1.463349395394325292e+00 1.655947686975818733e+00
1.466765906214714033e+00 1.992564273594456870e+00
1.470182417035102773e+00 2.386825030489666322e+00
1.473598927855491514e+00 2.874329830461224144e+00
1.477015438675880477e+00 3.322741831305571214e+00
1.480431949496269217e+00 3.907208033718711171e+00
1.483848460316657958e+00 4.488568088869503647e+00
1.487264971137046921e+00 5.133881034660072729e+00
1.490681481957435661e+00 5.788099220037749681e+00
1.494097992777824402e+00 6.518866554907138955e+00
1.497514503598213143e+00 7.143481193772558413e+00
1.500931014418601883e+00 7.915543392777632192e+00
1.504347525238990846e+00 8.530279578428491050e+00
1.507764036059379587e+00 9.141423702621890968e+00
1.511180546879768327e+00 9.704551713844125516e+00
1.514597057700157290e+00 1.032939761592330186e+01
1.518013568520546031e+00 1.069060441971032205e+01
1.521430079340934771e+00 1.115494699554878011e+01
1.524846590161323512e+00 1.131739137705722342e+01
1.528263100981712252e+00 1.143720036668026729e+01
1.531679611802101215e+00 1.157197733802491157e+01
1.535096122622489956e+00 1.142168182648706498e+01
1.538512633442878696e+00 1.114662677807547908e+01
1.541929144263267437e+00 1.099609037139194534e+01
1.545345655083656400e+00 1.052072985487791712e+01
1.548762165904045141e+00 1.000162946444327794e+01
1.552178676724433881e+00 9.525270667864930374e+00
1.555595187544822622e+00 8.880889727104829490e+00
1.559011698365211585e+00 8.201771537081267383e+00
1.562428209185600325e+00 7.583544957356934901e+00
1.565844720005989066e+00 6.855688224233554173e+00
1.569261230826377806e+00 6.143297063645393408e+00
1.572677741646766769e+00 5.524805571785018188e+00
1.576094252467155510e+00 4.826131446282588833e+00
1.579510763287544250e+00 4.213884128433128318e+00
1.582927274107932991e+00 3.643217510026599104e+00
1.586343784928321732e+00 3.127241608887308288e+00
1.589760295748710694e+00 2.636353045184310240e+00
1.593176806569099435e+00 2.228490110181105432e+00
1.596593317389488176e+00 1.833524851269633160e+00
1.600009828209877139e+00 1.528626945611865962e+00
1.603426339030265879e+00 1.231060968834575942e+00
1.606842849850654620e+00 9.948575674424321447e-01
1.610259360671043360e+00 7.922457827095128469e-01
1.613675871491432101e+00 6.281454839109714694e-01
1.617092382311821064e+00 4.948370786917665742e-01
1.620508893132209804e+00 3.893470311505254911e-01
1.623925403952598545e+00 2.900057173483481243e-01
1.627341914772987286e+00 2.184661453810209097e-01
1.630758425593376248e+00 1.633386829616710889e-01
1.634174936413764989e+00 1.237458707826217807e-01
1.637591447234153730e+00 9.223321497476100195e-02
1.641007958054542470e+00 6.908875894885938007e-02
1.644424468874931433e+00 4.838384702920539571e-02
1.647840979695320174e+00 3.491625613359200520e-02
1.651257490515708914e+00 2.632812960089915555e-02
1.654674001336097655e+00 1.669446154832776932e-02
1.658090512156486618e+00 1.174750104806143378e-02
1.661507022976875358e+00 7.344521613005704913e-03
1.664923533797264099e+00 5.617857329230536469e-03
1.668340044617652840e+00 4.377985735189412857e-03
1.671756555438041802e+00 2.554331964337241967e-03
1.675173066258430543e+00 1.178549110010059311e-03
1.678589577078819284e+00 4.259006877741152190e-04
1.682006087899208024e+00 6.482375204454451706e-04
1.685422598719596765e+00 7.395020314591663896e-04
1.688839109539985728e+00 2.371930618472277961e-04
1.692255620360374468e+00 2.211057142888807065e-04
1.695672131180763209e+00 1.159629879985270924e-04
1.699088642001151950e+00 6.271783796966093501e-06
1.702505152821540912e+00 3.363655284905013706e-05
1.705921663641929653e+00 1.033489723675041968e-04
