9.306903612613677268e-01 2.104171068724627989e-05
9.341151511669159024e-01 5.921525967723648875e-05
9.375399410724640781e-01 1.163338151056629642e-04
9.409647309780120317e-01 1.303058851478683519e-04
9.443895208835602073e-01 1.094625513055003053e-04
9.478143107891082719e-01 3.608550614216387035e-04
9.512391006946563365e-01 5.471518400300860252e-04
9.546638906002045122e-01 7.926967766542417472e-04
9.580886805057525768e-01 1.323420394268101088e-03
9.615134704113006414e-01 1.910305614465496876e-03
9.649382603168488171e-01 3.457943283637764532e-03
9.683630502223967706e-01 5.076628072259593838e-03
9.717878401279449463e-01 7.485456535319742234e-03
9.752126300334931219e-01 1.154975689790287141e-02
9.786374199390410755e-01 1.822408095380675594e-02
9.820622098445892512e-01 2.670989647558592861e-02
9.854869997501373158e-01 3.886911069468917262e-02
9.889117896556853804e-01 5.492363377537875374e-02
9.923365795612335560e-01 7.846129132082729774e-02
9.957613694667816207e-01 1.104756187653747751e-01
9.991861593723296853e-01 1.549366354881720198e-01
1.002610949277877861e+00 2.125940670035696145e-01
1.006035739183425815e+00 2.982739842500248817e-01
1.009460529088973990e+00 3.885860102100406333e-01
1.012885318994522166e+00 5.342086089155495543e-01
1.016310108900070119e+00 6.751780566945481121e-01
1.019734898805618295e+00 8.821836772243280000e-01
1.023159688711166471e+00 1.144855323562899319e+00
1.026584478616714424e+00 1.449378060176296446e+00
1.030009268522262600e+00 1.807459946139666096e+00
1.033434058427810776e+00 2.239160234225208157e+00
1.036858848333358729e+00 2.673056241002149669e+00
1.040283638238906683e+00 3.254613021931318073e+00
1.043708428144455080e+00 3.921675795935206654e+00
1.047133218050003034e+00 4.619989598047502533e+00
1.050558007955550988e+00 5.345020834370513896e+00
1.053982797861099385e+00 6.183046222857122132e+00
1.057407587766647339e+00 6.967250162709973438e+00
1.060832377672195292e+00 7.813021073862795873e+00
1.064257167577743690e+00 8.690757621456796755e+00
1.067681957483291644e+00 9.352131910032852602e+00
1.071106747388839597e+00 1.038237790029555718e+01
1.074531537294387995e+00 1.102238303292349109e+01
1.077956327199935949e+00 1.147390621712758296e+01
1.081381117105483902e+00 1.197772579091081191e+01
1.084805907011032300e+00 1.237645592522295601e+01
1.088230696916580253e+00 1.252504147351652541e+01
1.091655486822128207e+00 1.296175967197550705e+01
1.095080276727676383e+00 1.249168928663779710e+01
1.098505066633224558e+00 1.236843702803322920e+01
1.101929856538772512e+00 1.198669107435546444e+01
1.105354646444320688e+00 1.151534015268325817e+01
1.108779436349868863e+00 1.067357849527855507e+01
1.112204226255416817e+00 1.021102050715253107e+01
1.115629016160964992e+00 9.369292013191643065e+00
1.119053806066513168e+00 8.613239020775209198e+00
1.122478595972061122e+00 7.732440555170392749e+00
1.125903385877609075e+00 6.875996138134020441e+00
1.129328175783157473e+00 5.956584679481323974e+00
1.132752965688705427e+00 5.368627941481750376e+00
1.136177755594253380e+00 4.482651263135442044e+00
1.139602545499801778e+00 3.865667086804184915e+00
1.143027335405349731e+00 3.207652176127401056e+00
1.146452125310897685e+00 2.674039450346564095e+00
1.149876915216446083e+00 2.187610453157781354e+00
1.153301705121994036e+00 1.773807102442237715e+00
1.156726495027541990e+00 1.380852912316346659e+00
1.160151284933090388e+00 1.131838607270359232e+00
1.163576074838638341e+00 8.756077632919369025e-01
1.167000864744186295e+00 6.740194423341591135e-01
1.170425654649734692e+00 5.026548392079638328e-01
1.173850444555282646e+00 3.850683514476420100e-01
1.177275234460830600e+00 2.813402508017693315e-01
1.180700024366378997e+00 2.100001424745759071e-01
1.184124814271926951e+00 1.506262226151297012e-01
1.187549604177474905e+00 1.069028355847605749e-01
1.190974394083023080e+00 7.756106938343376722e-02
1.194399183988571256e+00 5.453936178422233438e-02
1.197823973894119209e+00 3.648265344599958826e-02
1.201248763799667163e+00 2.599586225436446157e-02
1.204673553705215561e+00 1.669562218438609344e-02
1.208098343610763514e+00 1.188980268808370946e-02
1.211523133516311468e+00 7.458788713271180017e-03
1.214947923421859866e+00 4.862504669218995455e-03
1.218372713327407819e+00 3.500762086768568170e-03
1.221797503232955773e+00 2.040203421784374770e-03
1.225222293138504170e+00 1.249791433800981778e-03
1.228647083044052124e+00 7.235889839675065929e-04
1.232071872949600078e+00 4.937894769453724225e-04
1.235496662855148475e+00 2.676654871126991279e-04
1.238921452760696429e+00 2.514472921512301488e-04
1.242346242666244382e+00 5.117599971796245626e-05
1.245771032571792780e+00 1.021450883711249441e-05
1.249195822477340734e+00 5.273537606583677184e-05
1.252620612382888687e+00 7.496655911243762946e-06
1.256045402288437085e+00 2.626052056430272960e-05
1.259470192193985039e+00 1.796128852325393525e-06
1.262894982099532992e+00 1.196950970019342595e-11
1.266319772005081390e+00 1.170015109422252366e-07
1.269744561910629344e+00 1.829202197528076023e-05
