1.259374693632125730e+00 6.546758253625971043e-05
1.262494312524795603e+00 5.010256841511291355e-05
1.265613931417465032e+00 2.902976246039670337e-04
1.268733550310134905e+00 5.716521958322917565e-04
1.271853169202804557e+00 5.201181891830268522e-04
1.274972788095474208e+00 7.365420149470925781e-04
1.278092406988144081e+00 1.354689508159993535e-03
1.281212025880813510e+00 2.157631772522561244e-03
1.284331644773483383e+00 3.755427917056935148e-03
1.287451263666152812e+00 4.943834104967028374e-03
1.290570882558822685e+00 6.446142228634799652e-03
1.293690501451492114e+00 9.505284864519864679e-03
1.296810120344161987e+00 1.505622611528265042e-02
1.299929739236831860e+00 2.105563465097209583e-02
1.303049358129501289e+00 2.951627578074184424e-02
1.306168977022171163e+00 4.270929141255024736e-02
1.309288595914840592e+00 6.043709198585316134e-02
1.312408214807510465e+00 8.248894254175935525e-02
1.315527833700179894e+00 1.100243577299063191e-01
1.318647452592849767e+00 1.469121256476018933e-01
1.321767071485519418e+00 1.954245858530314905e-01
1.324886690378189069e+00 2.655993445409984832e-01
1.328006309270858942e+00 3.397233995568401110e-01
1.331125928163528371e+00 4.424746755750323390e-01
1.334245547056198244e+00 5.574295313930716089e-01
1.337365165948867674e+00 7.196438904732038733e-01
1.340484784841537547e+00 8.994366227061754149e-01
1.343604403734206976e+00 1.127271337068038948e+00
1.346724022626876849e+00 1.394843859363454674e+00
1.349843641519546500e+00 1.702339629492117146e+00
1.352963260412216151e+00 2.091566243882541976e+00
1.356082879304886024e+00 2.473640130898121736e+00
1.359202498197555453e+00 2.923318485444422521e+00
1.362322117090225326e+00 3.466260430324294539e+00
1.365441735982894755e+00 4.066787121303627295e+00
1.368561354875564628e+00 4.645377600456425782e+00
1.371680973768234058e+00 5.292878199842639297e+00
1.374800592660903931e+00 6.025476600388954829e+00
1.377920211553573582e+00 6.706441079320955012e+00
1.381039830446243233e+00 7.523415762836817677e+00
1.384159449338913106e+00 8.205230415928181031e+00
1.387279068231582535e+00 8.974613372287274515e+00
1.390398687124252408e+00 9.609465138259690065e+00
1.393518306016921837e+00 1.033002951340932540e+01
1.396637924909591710e+00 1.084072431056764962e+01
1.399757543802261361e+00 1.139940474200791520e+01
1.402877162694931013e+00 1.191903539988902772e+01
1.405996781587600886e+00 1.207067719532435568e+01
1.409116400480270315e+00 1.238657477703193699e+01
1.412236019372940188e+00 1.244353512994207733e+01
1.415355638265609617e+00 1.246172666877246193e+01
1.418475257158279490e+00 1.221742297346244932e+01
1.421594876050948919e+00 1.207150088130291188e+01
1.424714494943618792e+00 1.161168404094690132e+01
1.427834113836288443e+00 1.109080813931100273e+01
1.430953732728958094e+00 1.064445750688555847e+01
1.434073351621627967e+00 9.987585070967947232e+00
1.437192970514297397e+00 9.345760055588929305e+00
1.440312589406967270e+00 8.620937717559304048e+00
1.443432208299636699e+00 7.951124322138158007e+00
1.446551827192306572e+00 7.089838033317281685e+00
1.449671446084976001e+00 6.406446431719497348e+00
1.452791064977645874e+00 5.672910763428275160e+00
1.455910683870315525e+00 4.960476540993770556e+00
1.459030302762985176e+00 4.347130715791299060e+00
1.462149921655655049e+00 3.761886307163756271e+00
1.465269540548324478e+00 3.219310447858842128e+00
1.468389159440994352e+00 2.722771648943922429e+00
1.471508778333663781e+00 2.304145330504873357e+00
1.474628397226333654e+00 1.911604516774139784e+00
1.477748016119003305e+00 1.573814062144377690e+00
1.480867635011672956e+00 1.275824377842072588e+00
1.483987253904342829e+00 1.023333692452207844e+00
1.487106872797012258e+00 8.084421004308111058e-01
1.490226491689682131e+00 6.440367830803833682e-01
1.493346110582351560e+00 5.005961261554007224e-01
1.496465729475021433e+00 3.843518285577320337e-01
1.499585348367690862e+00 2.930396822314154104e-01
1.502704967260360736e+00 2.222494898556068854e-01
1.505824586153030387e+00 1.694626837801657682e-01
1.508944205045700038e+00 1.270905149069635476e-01
1.512063823938369911e+00 9.372753787090774835e-02
1.515183442831039340e+00 7.036428189500235075e-02
1.518303061723709213e+00 5.244669184506785264e-02
1.521422680616378642e+00 3.587488499477977516e-02
1.524542299509048515e+00 2.443463553429627358e-02
1.527661918401717944e+00 1.618462164469180314e-02
1.530781537294387817e+00 1.297739477302103928e-02
1.533901156187057468e+00 9.448804160242626343e-03
1.537020775079727120e+00 5.545911091570295340e-03
1.540140393972396993e+00 3.664582779255901555e-03
1.543260012865066422e+00 2.492218874225495852e-03
1.546379631757736295e+00 2.228042428962025145e-03
1.549499250650405724e+00 2.045014688377821705e-03
1.552618869543075597e+00 1.402910870756438359e-03
1.555738488435745248e+00 4.823480489607851439e-04
1.558858107328414899e+00 2.389684157459248757e-04
1.561977726221084550e+00 2.940329591321552694e-04
1.565097345113754201e+00 9.026493094060886375e-05
1.568216964006424075e+00 1.216401823753026658e-04
