9.301525327563285872e-01 1.820498143622986155e-03
9.304572263360023632e-01 4.301401018984780597e-03
9.307619199156761391e-01 1.171332126427977564e-02
9.310666134953499151e-01 2.415576427034778900e-02
9.313713070750236911e-01 3.861579067709037388e-02
9.316760006546974671e-01 6.211934894395620965e-02
9.319806942343711320e-01 9.151312087694293829e-02
9.322853878140449080e-01 1.511424878056419341e-01
9.325900813937186840e-01 2.473071954373223802e-01
9.328947749733924599e-01 2.941313730647140412e-01
9.331994685530662359e-01 4.935591849766828298e-01
9.335041621327400119e-01 8.095329722789410543e-01
9.338088557124137878e-01 1.159113426392595292e+00
9.341135492920875638e-01 1.670127024236381041e+00
9.344182428717613398e-01 2.087271535532497335e+00
9.347229364514351158e-01 2.775417456087771129e+00
9.350276300311088917e-01 4.275246168607753638e+00
9.353323236107826677e-01 4.925879864839649791e+00
9.356370171904564437e-01 6.729228878572610206e+00
9.359417107701301086e-01 7.859853414761207802e+00
9.362464043498038846e-01 1.024944051747322860e+01
9.365510979294776606e-01 1.338147223215691461e+01
9.368557915091514365e-01 1.565703871132912717e+01
9.371604850888252125e-01 1.521544764938221128e+01
9.374651786684989885e-01 1.885363076351413270e+01
9.377698722481727645e-01 2.008928539951579495e+01
9.380745658278465404e-01 2.346814399378596860e+01
9.383792594075203164e-01 2.956123860661766400e+01
9.386839529871940924e-01 3.261957346609799657e+01
9.389886465668678683e-01 3.224551801612135193e+01
9.392933401465416443e-01 3.972632053717037337e+01
9.395980337262153093e-01 4.279305077964549753e+01
9.399027273058890852e-01 4.275983622427265374e+01
9.402074208855628612e-01 4.929938709716915213e+01
9.405121144652366372e-01 5.784309840334725550e+01
9.408168080449104131e-01 6.377971719079640422e+01
9.411215016245841891e-01 6.173049387743090222e+01
9.414261952042579651e-01 7.044250837478847416e+01
9.417308887839317411e-01 7.576784322521892534e+01
9.420355823636055170e-01 7.656484650127627845e+01
9.423402759432792930e-01 6.695650230743117959e+01
9.426449695229530690e-01 7.845130481291243996e+01
9.429496631026268449e-01 7.886033272060133470e+01
9.432543566823006209e-01 7.673747548655849471e+01
9.435590502619742859e-01 9.641133365825014323e+01
9.438637438416480618e-01 1.113656022098977445e+02
9.441684374213218378e-01 9.452571264498136827e+01
9.444731310009956138e-01 9.610570597079916411e+01
9.447778245806693898e-01 8.244653704238392322e+01
9.450825181603431657e-01 9.154725766007901200e+01
9.453872117400169417e-01 9.168638144923293964e+01
9.456919053196907177e-01 9.688451433216170017e+01
9.459965988993644936e-01 8.641505898971695387e+01
9.463012924790382696e-01 8.098556408455016253e+01
9.466059860587120456e-01 8.121068002912997486e+01
9.469106796383858216e-01 8.818799890860981350e+01
9.472153732180594865e-01 7.765576552368283103e+01
9.475200667977332625e-01 7.880577923435005516e+01
9.478247603774070384e-01 8.341449304648591578e+01
9.481294539570808144e-01 6.918353168742184778e+01
9.484341475367545904e-01 6.502716367993905067e+01
9.487388411164283664e-01 6.323466559849283897e+01
9.490435346961021423e-01 6.670923189397117881e+01
9.493482282757759183e-01 6.099920920828910909e+01
9.496529218554496943e-01 5.058916681016594197e+01
9.499576154351234702e-01 5.089784279420611313e+01
9.502623090147972462e-01 4.590945449651542276e+01
9.505670025944710222e-01 3.907598572163013984e+01
9.508716961741447982e-01 3.558542266346603355e+01
9.511763897538184631e-01 3.459566420512502560e+01
9.514810833334922391e-01 3.180068332982151347e+01
9.517857769131660151e-01 2.867685595528337217e+01
9.520904704928397910e-01 2.373214238599644688e+01
9.523951640725135670e-01 1.968684965640011697e+01
9.526998576521873430e-01 1.962944374404763437e+01
9.530045512318611189e-01 1.577365726084249786e+01
9.533092448115348949e-01 1.366800110272922630e+01
9.536139383912086709e-01 1.083388355789568003e+01
9.539186319708824469e-01 9.090946011358589374e+00
9.542233255505562228e-01 7.544475765213736196e+00
9.545280191302299988e-01 6.195434629581821895e+00
9.548327127099036638e-01 3.819434939068113266e+00
9.551374062895774397e-01 3.660240339551707134e+00
9.554420998692512157e-01 2.821483012756149655e+00
9.557467934489249917e-01 1.825339668564604167e+00
9.560514870285987676e-01 1.345801782806561597e+00
9.563561806082725436e-01 9.545874529437402556e-01
9.566608741879463196e-01 6.357956838165291780e-01
9.569655677676200956e-01 4.678804707939402951e-01
9.572702613472938715e-01 3.217457578168410048e-01
9.575749549269676475e-01 2.000265944798775841e-01
9.578796485066414235e-01 1.063305129540561556e-01
9.581843420863151994e-01 5.714306890061513627e-02
9.584890356659889754e-01 3.077987332582933153e-02
9.587937292456626404e-01 1.519385870067218973e-02
9.590984228253364163e-01 9.555822909234904655e-03
9.594031164050101923e-01 8.462678061574274713e-03
9.597078099846839683e-01 4.187716198189680127e-03
9.600125035643577442e-01 1.204585878813400728e-03
9.603171971440315202e-01 1.401464678656059787e-03
