1.369482710957527161e+00 9.797190476579311659e-05
1.372759208083152771e+00 5.364556995947998829e-05
1.376035705208778381e+00 1.013592143717302905e-04
1.379312202334403992e+00 1.365778149981542540e-04
1.382588699460029602e+00 2.288079260684948988e-04
1.385865196585655212e+00 3.435844678150645954e-04
1.389141693711280823e+00 6.016509850078864685e-04
1.392418190836906433e+00 1.503513919566342718e-03
1.395694687962532043e+00 1.958037120913721021e-03
1.398971185088157654e+00 3.368612964917948489e-03
1.402247682213783264e+00 4.434868555613951345e-03
1.405524179339408875e+00 6.222300861887774745e-03
1.408800676465034485e+00 9.088532043259519091e-03
1.412077173590660095e+00 1.294376840605724645e-02
1.415353670716285706e+00 1.893105642402588551e-02
1.418630167841911316e+00 2.810040799390214200e-02
1.421906664967536926e+00 4.149676223612928233e-02
1.425183162093162537e+00 5.687129392925363569e-02
1.428459659218788147e+00 7.606020383950129471e-02
1.431736156344413757e+00 1.122768435182406321e-01
1.435012653470039368e+00 1.511784703994181467e-01
1.438289150595664978e+00 2.048460875123211955e-01
1.441565647721290588e+00 2.722547656707135499e-01
1.444842144846916199e+00 3.647824399953668029e-01
1.448118641972541809e+00 4.625384896450916439e-01
1.451395139098167419e+00 6.154567617618093012e-01
1.454671636223793030e+00 7.816464764988990677e-01
1.457948133349418640e+00 9.702412957151012041e-01
1.461224630475044250e+00 1.227464953495537525e+00
1.464501127600669861e+00 1.520093680148623116e+00
1.467777624726295471e+00 1.851841470607454410e+00
1.471054121851921082e+00 2.272796525985342875e+00
1.474330618977546692e+00 2.701529893338574073e+00
1.477607116103172302e+00 3.169032133400272677e+00
1.480883613228797913e+00 3.783316501261169140e+00
1.484160110354423523e+00 4.376855955318085911e+00
1.487436607480049133e+00 5.050232071743152140e+00
1.490713104605674744e+00 5.746229121680484830e+00
1.493989601731300354e+00 6.519718684724957747e+00
1.497266098856925964e+00 7.189695498043141342e+00
1.500542595982551575e+00 8.048505327920974395e+00
1.503819093108177185e+00 8.770167684870845193e+00
1.507095590233802795e+00 9.465692785377726182e+00
1.510372087359428406e+00 1.012975839333840966e+01
1.513648584485054016e+00 1.078204184519648834e+01
1.516925081610679626e+00 1.122850306989852598e+01
1.520201578736305237e+00 1.165409057959201000e+01
1.523478075861930847e+00 1.199094049548756580e+01
1.526754572987556458e+00 1.216890532000832437e+01
1.530031070113182068e+00 1.228556139223083044e+01
1.533307567238807678e+00 1.214512297592164281e+01
1.536584064364433289e+00 1.202383584073292511e+01
1.539860561490058899e+00 1.171663747866151262e+01
1.543137058615684509e+00 1.141044582059616275e+01
1.546413555741310120e+00 1.074662554223993460e+01
1.549690052866935730e+00 1.026634134078770266e+01
1.552966549992561340e+00 9.629649897062071418e+00
1.556243047118186951e+00 8.879398915672670256e+00
1.559519544243812561e+00 8.100134879085358008e+00
1.562796041369438171e+00 7.380482240812521688e+00
1.566072538495063782e+00 6.632660693096108950e+00
1.569349035620689392e+00 5.868990272010813136e+00
1.572625532746315002e+00 5.170590593952666403e+00
1.575902029871940613e+00 4.494109241751117700e+00
1.579178526997566223e+00 3.871041092443380016e+00
1.582455024123191833e+00 3.310255988369948277e+00
1.585731521248817444e+00 2.773931139970303494e+00
1.589008018374443054e+00 2.326069951614729181e+00
1.592284515500068665e+00 1.956174116667545038e+00
1.595561012625694275e+00 1.584564825422151824e+00
1.598837509751319885e+00 1.270965927597147660e+00
1.602114006876945496e+00 1.023858398886940524e+00
1.605390504002571106e+00 8.200592513205779976e-01
1.608667001128196716e+00 6.424841465134094598e-01
1.611943498253822327e+00 4.965292279397736097e-01
1.615219995379447937e+00 3.799649369365128981e-01
1.618496492505073547e+00 2.917507210240493642e-01
1.621772989630699158e+00 2.217194068198093393e-01
1.625049486756324768e+00 1.660111796876534151e-01
1.628325983881950378e+00 1.234545766972508646e-01
1.631602481007575989e+00 8.902423712679227719e-02
1.634878978133201599e+00 6.575056007237246869e-02
1.638155475258827209e+00 4.463121718739489208e-02
1.641431972384452820e+00 3.233288166390084484e-02
1.644708469510078430e+00 2.162719760497664942e-02
1.647984966635704041e+00 1.453378513859908405e-02
1.651261463761329651e+00 1.069721332800606210e-02
1.654537960886955261e+00 7.861800206322334603e-03
1.657814458012580872e+00 4.912471870727861192e-03
1.661090955138206482e+00 3.768495765934574190e-03
1.664367452263832092e+00 2.143325954870931201e-03
1.667643949389457703e+00 9.260051642579604590e-04
1.670920446515083313e+00 8.111837225244960051e-04
1.674196943640708923e+00 5.104675788230538490e-04
1.677473440766334534e+00 2.811621537517100967e-04
1.680749937891960144e+00 1.249886252748478796e-04
1.684026435017585754e+00 1.995440717813819849e-04
1.687302932143211365e+00 2.154304897032921203e-04
1.690579429268836975e+00 3.150820769517760904e-05
1.693855926394462585e+00 6.414112526552498460e-05
