9.417996329069138195e-01 5.661383326101810217e-05
9.447617298364638927e-01 7.231555540887727048e-05
9.477238267660141879e-01 6.060227594607963948e-05
9.506859236955642611e-01 1.622583477433798313e-04
9.536480206251144454e-01 1.805241884774089678e-04
9.566101175546646296e-01 3.248462949663499019e-04
9.595722144842147028e-01 4.210936609244201071e-04
9.625343114137649980e-01 8.539514914562343611e-04
9.654964083433150712e-01 1.277633083469061981e-03
9.684585052728653665e-01 1.981930304585653810e-03
9.714206022024154397e-01 2.990240237155403734e-03
9.743826991319657349e-01 4.817980604189340404e-03
9.773447960615158081e-01 6.765876804454189555e-03
9.803068929910658813e-01 9.961970025560065028e-03
9.832689899206161765e-01 1.458251455759166856e-02
9.862310868501662497e-01 2.148238168608971460e-02
9.891931837797165450e-01 3.094702368807264112e-02
9.921552807092666182e-01 4.314043544712359984e-02
9.951173776388169134e-01 6.178043920450391330e-02
9.980794745683669866e-01 8.303295823151825295e-02
1.001041571497917282e+00 1.189034244325753303e-01
1.004003668427467355e+00 1.559971952216945290e-01
1.006965765357017428e+00 2.128008866733936688e-01
1.009927862286567724e+00 2.739668070300362301e-01
1.012889959216118019e+00 3.793911789829216286e-01
1.015852056145667870e+00 4.837152613210890517e-01
1.018814153075218165e+00 6.248925229658021108e-01
1.021776250004768460e+00 8.184635510193410957e-01
1.024738346934318534e+00 1.016901298576821322e+00
1.027700443863868607e+00 1.268775542800026246e+00
1.030662540793418902e+00 1.591862550694040701e+00
1.033624637722969197e+00 1.978996962532549420e+00
1.036586734652519270e+00 2.327209223435375396e+00
1.039548831582069344e+00 2.818220381145187137e+00
1.042510928511619639e+00 3.431529906767905924e+00
1.045473025441169712e+00 3.937651721840127905e+00
1.048435122370719785e+00 4.661428262586595928e+00
1.051397219300270081e+00 5.411152300925950343e+00
1.054359316229820376e+00 6.190802023798956277e+00
1.057321413159370449e+00 6.932616596769374695e+00
1.060283510088920522e+00 7.705366684215402273e+00
1.063245607018470817e+00 8.680692142562543623e+00
1.066207703948020891e+00 9.327762260537024730e+00
1.069169800877570964e+00 1.020603372721872937e+01
1.072131897807121259e+00 1.087052122292568690e+01
1.075093994736671554e+00 1.178269165004559049e+01
1.078056091666221628e+00 1.218447209735484549e+01
1.081018188595771701e+00 1.265080401822878997e+01
1.083980285525321996e+00 1.325981153683726177e+01
1.086942382454872069e+00 1.331994764586445612e+01
1.089904479384422142e+00 1.345447717361228079e+01
1.092866576313972438e+00 1.356955431508720800e+01
1.095828673243522733e+00 1.328768612198996912e+01
1.098790770173072806e+00 1.303692627609454924e+01
1.101752867102622879e+00 1.264409093404596973e+01
1.104714964032173175e+00 1.229435045752379985e+01
1.107677060961723470e+00 1.132118286354934611e+01
1.110639157891273543e+00 1.103384294458263426e+01
1.113601254820823616e+00 1.003482582982575799e+01
1.116563351750373911e+00 9.122055229540547927e+00
1.119525448679923985e+00 8.500385835465303686e+00
1.122487545609474058e+00 7.596008925083670427e+00
1.125449642539024353e+00 6.758965723906856127e+00
1.128411739468574648e+00 5.937531904733323707e+00
1.131373836398124721e+00 5.316595375670043921e+00
1.134335933327674795e+00 4.483573130980904153e+00
1.137298030257225090e+00 3.819216746573451449e+00
1.140260127186775163e+00 3.323859686343387576e+00
1.143222224116325236e+00 2.727489250369962370e+00
1.146184321045875532e+00 2.275183788031593046e+00
1.149146417975425827e+00 1.866253404713618780e+00
1.152108514904975900e+00 1.521211916177051648e+00
1.155070611834525973e+00 1.242393251954614364e+00
1.158032708764076268e+00 9.597819072706791355e-01
1.160994805693626342e+00 7.812831009774753310e-01
1.163956902623176415e+00 6.014558661081912394e-01
1.166918999552726710e+00 4.669386611725466207e-01
1.169881096482277005e+00 3.520797599861784088e-01
1.172843193411827079e+00 2.726712620444103341e-01
1.175805290341377152e+00 2.013498361057431130e-01
1.178767387270927447e+00 1.465912284740335803e-01
1.181729484200477742e+00 1.079954478598297990e-01
1.184691581130027815e+00 7.934763243149386969e-02
1.187653678059577889e+00 5.603978117148412930e-02
1.190615774989128184e+00 4.126164240334913302e-02
1.193577871918678257e+00 2.894061260750317721e-02
1.196539968848228330e+00 1.930426553000803500e-02
1.199502065777778625e+00 1.420039740121580886e-02
1.202464162707328921e+00 9.132028944825371086e-03
1.205426259636878994e+00 6.157230558436052256e-03
1.208388356566429067e+00 4.052173764427209959e-03
1.211350453495979362e+00 2.752217015758690738e-03
1.214312550425529436e+00 2.008537113056446059e-03
1.217274647355079509e+00 1.283289635665982049e-03
1.220236744284629804e+00 6.858569924343798892e-04
1.223198841214180099e+00 4.752932975022771040e-04
1.226160938143730172e+00 1.966911540713403258e-04
1.229123035073280246e+00 1.397188558852775742e-04
1.232085132002830541e+00 1.571962514805167127e-04
1.235047228932380614e+00 5.913523406114819844e-05
