1.267068735361099208e+00 6.944786209595735292e-05
1.270040129423141373e+00 8.881306106290502562e-06
1.273011523485183760e+00 1.033266458919568278e-04
1.275982917547225926e+00 3.512042344110604753e-04
1.278954311609268313e+00 4.569940316283155357e-04
1.281925705671310478e+00 7.643377505504613239e-04
1.284897099733352643e+00 1.550496976583247812e-03
1.287868493795394809e+00 1.811420175726921947e-03
1.290839887857437196e+00 2.954551473761258228e-03
1.293811281919479361e+00 4.376047885727258994e-03
1.296782675981521749e+00 6.261028523574904865e-03
1.299754070043563914e+00 9.267995250563770479e-03
1.302725464105606079e+00 1.393179550801391942e-02
1.305696858167648244e+00 1.992160180983396436e-02
1.308668252229690410e+00 2.771547316398784155e-02
1.311639646291732797e+00 3.895339937774310729e-02
1.314611040353774962e+00 5.455293771102448508e-02
1.317582434415817350e+00 7.595319007947275158e-02
1.320553828477859515e+00 1.070758295632508045e-01
1.323525222539901680e+00 1.450277201574240449e-01
1.326496616601943845e+00 1.976719324238002951e-01
1.329468010663986233e+00 2.582161293920203771e-01
1.332439404726028398e+00 3.469947708926722219e-01
1.335410798788070785e+00 4.521393854242047872e-01
1.338382192850112951e+00 5.824281281978798130e-01
1.341353586912155116e+00 7.311606028538549795e-01
1.344324980974197281e+00 9.190352907212365752e-01
1.347296375036239668e+00 1.156760084756082829e+00
1.350267769098281834e+00 1.432406202960825548e+00
1.353239163160324221e+00 1.781808185811679657e+00
1.356210557222366386e+00 2.161911058424021093e+00
1.359181951284408552e+00 2.597435917844526099e+00
1.362153345346450717e+00 3.098289887109114904e+00
1.365124739408493104e+00 3.654019415482292032e+00
1.368096133470535269e+00 4.240067687925170858e+00
1.371067527532577657e+00 4.937959536802616789e+00
1.374038921594619822e+00 5.670087004655620433e+00
1.377010315656661987e+00 6.344104987477145130e+00
1.379981709718704153e+00 7.199683558739185862e+00
1.382953103780746318e+00 8.019505689031387163e+00
1.385924497842788705e+00 8.798763624860473698e+00
1.388895891904830870e+00 9.577677759219747955e+00
1.391867285966873258e+00 1.035380222173925624e+01
1.394838680028915423e+00 1.106582715067687772e+01
1.397810074090957588e+00 1.158741114909227221e+01
1.400781468152999754e+00 1.233730996195295937e+01
1.403752862215042141e+00 1.272125287150499418e+01
1.406724256277084306e+00 1.292165134193393961e+01
1.409695650339126693e+00 1.327341188044319686e+01
1.412667044401168859e+00 1.327246689135850843e+01
1.415638438463211024e+00 1.326690484986468910e+01
1.418609832525253189e+00 1.293026333082218571e+01
1.421581226587295577e+00 1.279519373475454103e+01
1.424552620649337742e+00 1.229939438594250767e+01
1.427524014711380129e+00 1.174224479603408255e+01
1.430495408773422295e+00 1.120408174945933943e+01
1.433466802835464460e+00 1.047835180093151664e+01
1.436438196897506625e+00 9.715007461510134945e+00
1.439409590959549012e+00 8.883958822817326961e+00
1.442380985021591178e+00 8.145204970356667573e+00
1.445352379083633565e+00 7.333841366981201482e+00
1.448323773145675730e+00 6.485202034711741170e+00
1.451295167207717896e+00 5.809766556611860366e+00
1.454266561269760061e+00 5.034546199776748665e+00
1.457237955331802226e+00 4.360328362782561307e+00
1.460209349393844613e+00 3.748516709025656812e+00
1.463180743455887001e+00 3.199010648985171290e+00
1.466152137517929166e+00 2.682324940742919495e+00
1.469123531579971331e+00 2.200888808811134911e+00
1.472094925642013497e+00 1.835163216175428103e+00
1.475066319704055662e+00 1.480143458014841373e+00
1.478037713766098049e+00 1.202237646476306931e+00
1.481009107828140214e+00 9.639098045368257317e-01
1.483980501890182602e+00 7.604757611530228445e-01
1.486951895952224767e+00 5.946002250610255002e-01
1.489923290014266932e+00 4.564077979774708860e-01
1.492894684076309098e+00 3.495015215822778742e-01
1.495866078138351485e+00 2.692060873412987498e-01
1.498837472200393650e+00 1.985827717763290756e-01
1.501808866262436037e+00 1.541833969196210463e-01
1.504780260324478203e+00 1.129078740551195809e-01
1.507751654386520368e+00 8.261743912102111065e-02
1.510723048448562533e+00 6.047675868704179697e-02
1.513694442510604921e+00 4.154683279591094014e-02
1.516665836572647086e+00 2.884008092184748434e-02
1.519637230634689473e+00 2.118601548932627990e-02
1.522608624696731638e+00 1.498663033143247079e-02
1.525580018758773804e+00 1.097566185838604741e-02
1.528551412820815969e+00 8.181612962987052512e-03
1.531522806882858134e+00 5.344088414272986018e-03
1.534494200944900522e+00 3.038375416434988333e-03
1.537465595006942909e+00 1.841967045095855996e-03
1.540436989068985074e+00 1.309477671588597748e-03
1.543408383131027239e+00 9.879032858992901813e-04
1.546379777193069405e+00 3.965194315853121554e-04
1.549351171255111570e+00 3.097552674992797711e-04
1.552322565317153957e+00 2.374240531621362013e-04
1.555293959379196345e+00 1.527432032263967006e-04
1.558265353441238510e+00 1.183125138176766402e-04
1.561236747503280675e+00 7.174714561101561161e-05
