8.360035276412963734e-01 8.650127491243824992e-05
8.385197687149047452e-01 7.543993454470167104e-06
8.410360097885132280e-01 1.247832721535267537e-07
8.435522508621215998e-01 4.680294045887547252e-05
8.460684919357299716e-01 2.377280018360373017e-04
8.485847330093383434e-01 6.591910010660806526e-05
8.511009740829467152e-01 2.648824714564810352e-04
8.536172151565551980e-01 5.085911027251862910e-04
8.561334562301635698e-01 5.834561354167316395e-04
8.586496973037719416e-01 1.101608063328601492e-03
8.611659383773804244e-01 2.039518350513311231e-03
8.636821794509887962e-01 2.982526820818914674e-03
8.661984205245971680e-01 4.283015126821146726e-03
8.687146615982055398e-01 6.778308688531240085e-03
8.712309026718139116e-01 1.184409254815280664e-02
8.737471437454223944e-01 1.592454833448393378e-02
8.762633848190307662e-01 2.080429013186823814e-02
8.787796258926391380e-01 3.566424010724959098e-02
8.812958669662475097e-01 5.091094265679161485e-02
8.838121080398559926e-01 6.881322247199794795e-02
8.863283491134643644e-01 1.032189803543705209e-01
8.888445901870727361e-01 1.367740267564624412e-01
8.913608312606811079e-01 1.940741597927288231e-01
8.938770723342895907e-01 2.614012244042669963e-01
8.963933134078979625e-01 3.510030043755746898e-01
8.989095544815063343e-01 4.710172401958601651e-01
9.014257955551147061e-01 6.264079207936021909e-01
9.039420366287231889e-01 8.101391805544934099e-01
9.064582777023315607e-01 1.032686695197708726e+00
9.089745187759399325e-01 1.332665579759578334e+00
9.114907598495483043e-01 1.672108853062465483e+00
9.140070009231566761e-01 2.154175637516237085e+00
9.165232419967651589e-01 2.538894419925123103e+00
9.190394830703735307e-01 3.109114652105102738e+00
9.215557241439819025e-01 3.827539044409171698e+00
9.240719652175903853e-01 4.547927409310493552e+00
9.265882062911987571e-01 5.286964499673462825e+00
9.291044473648071289e-01 6.121325586643575178e+00
9.316206884384155007e-01 7.236736372755730784e+00
9.341369295120238725e-01 8.138798131903575594e+00
9.366531705856323553e-01 9.235953968566477101e+00
9.391694116592407271e-01 1.004068735412672986e+01
9.416856527328490989e-01 1.143475532209273737e+01
9.442018938064574707e-01 1.240983090413766909e+01
9.467181348800659535e-01 1.306603803950900122e+01
9.492343759536743253e-01 1.430147904670519488e+01
9.517506170272826971e-01 1.492742790789952956e+01
9.542668581008910689e-01 1.567223648928337809e+01
9.567830991744995517e-01 1.611343967192849647e+01
9.592993402481079235e-01 1.626057318728955181e+01
9.618155813217162953e-01 1.668003931899111336e+01
9.643318223953246671e-01 1.666877076631405785e+01
9.668480634689331499e-01 1.610280029256619727e+01
9.693643045425415217e-01 1.572861721891053755e+01
9.718805456161498935e-01 1.554268929223839635e+01
9.743967866897582653e-01 1.444638148451925730e+01
9.769130277633666370e-01 1.398584434456363468e+01
9.794292688369751199e-01 1.273351092563649445e+01
9.819455099105834917e-01 1.187614074434781486e+01
9.844617509841918634e-01 1.106017047647939933e+01
9.869779920578002352e-01 9.640702798193272471e+00
9.894942331314087181e-01 8.744257019434066081e+00
9.920104742050170898e-01 7.748293358963059596e+00
9.945267152786254616e-01 6.679413925950366426e+00
9.970429563522338334e-01 5.814637504311215288e+00
9.995591974258423162e-01 4.984697990301548920e+00
1.002075438499450577e+00 4.182046825722386174e+00
1.004591679573059171e+00 3.506378762117214443e+00
1.007107920646667321e+00 2.889996534859311961e+00
1.009624161720275914e+00 2.336007527224744695e+00
1.012140402793884286e+00 1.939147152146505571e+00
1.014656643867492658e+00 1.505846770228352893e+00
1.017172884941101252e+00 1.201196848269725059e+00
1.019689126014709402e+00 9.470692234788570252e-01
1.022205367088317995e+00 7.295587003292987038e-01
1.024721608161926145e+00 5.650445971935942335e-01
1.027237849235534739e+00 4.182722472545721826e-01
1.029754090309142889e+00 3.163291272519955788e-01
1.032270331382751483e+00 2.395486524896830172e-01
1.034786572456359854e+00 1.741610807050025800e-01
1.037302813529968226e+00 1.180584572323503112e-01
1.039819054603576820e+00 8.760347364025343475e-02
1.042335295677184970e+00 6.475960745625831960e-02
1.044851536750793564e+00 4.481064269608898282e-02
1.047367777824401713e+00 3.089976350299992666e-02
1.049884018898010307e+00 2.119349533436096569e-02
1.052400259971618457e+00 1.515868313931310364e-02
1.054916501045227051e+00 8.952985157881615877e-03
1.057432742118835423e+00 6.322888360785585034e-03
1.059948983192443794e+00 4.162430009950227223e-03
1.062465224266052388e+00 2.030344725681333066e-03
1.064981465339660538e+00 1.303703974351105030e-03
1.067497706413269132e+00 9.018272128347423538e-04
1.070013947486877282e+00 5.107389117120094378e-04
1.072530188560485875e+00 2.655227323282511784e-04
1.075046429634094247e+00 1.827650493964634983e-04
1.077562670707702619e+00 1.294753856427609869e-04
1.080078911781310991e+00 1.384380567893461528e-04
1.082595152854919363e+00 1.113436354931447653e-05
1.085111393928527956e+00 8.650215039873748344e-05
