1.367642715573310852e+00 5.645628725684817361e-05
1.370995745062828064e+00 1.103099508275533740e-04
1.374348774552345276e+00 2.157643915265415289e-06
1.377701804041862488e+00 3.646331968506453933e-05
1.381054833531379700e+00 3.080592413887082293e-05
1.384407863020896912e+00 1.546800488005160130e-04
1.387760892510414124e+00 2.193215388615456045e-04
1.391113921999931335e+00 6.143891309655520041e-04
1.394466951489448547e+00 1.126079228098833323e-03
1.397819980978965759e+00 2.210983227140739509e-03
1.401173010468482971e+00 2.781093722333842153e-03
1.404526039958000183e+00 4.332553077394648254e-03
1.407879069447517395e+00 6.291294099194970173e-03
1.411232098937034607e+00 9.398442180499417403e-03
1.414585128426551819e+00 1.485958811728300272e-02
1.417938157916069031e+00 2.041625263610922711e-02
1.421291187405586243e+00 2.920038367473611410e-02
1.424644216895103455e+00 4.472424959224310936e-02
1.427997246384620667e+00 6.360865258635439723e-02
1.431350275874137878e+00 9.237150045580543034e-02
1.434703305363655090e+00 1.256793557968862718e-01
1.438056334853172302e+00 1.760207880134258829e-01
1.441409364342689514e+00 2.346354356778309058e-01
1.444762393832206726e+00 3.174900491410256320e-01
1.448115423321723938e+00 4.154666519542219993e-01
1.451468452811241150e+00 5.555515499359325871e-01
1.454821482300758362e+00 7.133330042344309119e-01
1.458174511790275574e+00 9.160762524774425097e-01
1.461527541279792786e+00 1.172280960735746058e+00
1.464880570769309998e+00 1.461745409565429199e+00
1.468233600258827209e+00 1.799162728090402119e+00
1.471586629748344421e+00 2.216865020369229278e+00
1.474939659237861633e+00 2.670436926612517858e+00
1.478292688727378845e+00 3.229108353897027328e+00
1.481645718216896057e+00 3.808950516446923285e+00
1.484998747706413269e+00 4.465999941025320830e+00
1.488351777195930481e+00 5.178770084762990500e+00
1.491704806685447693e+00 5.921075726744056134e+00
1.495057836174964905e+00 6.690583588370931700e+00
1.498410865664482117e+00 7.505133597003088575e+00
1.501763895153999329e+00 8.291860987306613140e+00
1.505116924643516541e+00 9.106434060097587491e+00
1.508469954133033752e+00 9.837689112848426731e+00
1.511822983622550964e+00 1.053848712582081149e+01
1.515176013112068176e+00 1.115479098457734786e+01
1.518529042601585388e+00 1.167159137836854121e+01
1.521882072091102600e+00 1.204143358352683357e+01
1.525235101580619812e+00 1.231929123705088891e+01
1.528588131070137024e+00 1.247451393254992880e+01
1.531941160559654236e+00 1.247435220955068402e+01
1.535294190049171448e+00 1.239339991457791967e+01
1.538647219538688660e+00 1.208758719711403806e+01
1.542000249028205872e+00 1.165250052380412882e+01
1.545353278517723083e+00 1.113373795190477544e+01
1.548706308007240295e+00 1.051815219308428162e+01
1.552059337496757507e+00 9.859054050318457385e+00
1.555412366986274719e+00 9.134327469673568345e+00
1.558765396475791931e+00 8.360562997908647986e+00
1.562118425965309143e+00 7.537943017787598343e+00
1.565471455454826355e+00 6.745869003062360925e+00
1.568824484944343567e+00 5.963234237164360962e+00
1.572177514433860779e+00 5.224676528474086368e+00
1.575530543923377991e+00 4.485934080149600156e+00
1.578883573412895203e+00 3.853937791550392511e+00
1.582236602902412415e+00 3.245552468162643756e+00
1.585589632391929626e+00 2.719238205881352677e+00
1.588942661881446838e+00 2.244535931595512679e+00
1.592295691370964050e+00 1.817031190209356772e+00
1.595648720860481262e+00 1.478173584229750093e+00
1.599001750349998474e+00 1.178553864157126041e+00
1.602354779839515686e+00 9.284432081390717739e-01
1.605707809329032898e+00 7.243304957505557473e-01
1.609060838818550110e+00 5.595068040179040914e-01
1.612413868308067322e+00 4.224072389341266276e-01
1.615766897797584534e+00 3.236712478059253772e-01
1.619119927287101746e+00 2.448068463776758297e-01
1.622472956776618958e+00 1.838597989089021112e-01
1.625825986266136169e+00 1.333869187808714718e-01
1.629179015755653381e+00 9.602661562241771032e-02
1.632532045245170593e+00 6.950132950399147413e-02
1.635885074734687805e+00 5.034558828358465937e-02
1.639238104224205017e+00 3.471746105391352449e-02
1.642591133713722229e+00 2.304983269224314055e-02
1.645944163203239441e+00 1.548797779218044450e-02
1.649297192692756653e+00 1.005397240618562983e-02
1.652650222182273865e+00 5.720120437906984524e-03
1.656003251671791077e+00 5.333308088558806268e-03
1.659356281161308289e+00 3.363909353745654293e-03
1.662709310650825500e+00 1.757759631801741364e-03
1.666062340140342712e+00 1.207045306700194661e-03
1.669415369629859924e+00 4.206150927818586363e-04
1.672768399119377136e+00 1.821582144165951559e-04
1.676121428608894348e+00 2.946028747817277236e-04
1.679474458098411560e+00 2.131781985287096776e-04
1.682827487587928772e+00 2.551262256044158622e-05
1.686180517077445984e+00 1.860698564787954549e-05
1.689533546566963196e+00 1.179296982829502393e-05
1.692886576056480408e+00 6.013605846600646031e-06
1.696239605545997620e+00 5.927373584820456536e-06
1.699592635035514832e+00 1.865046209687376883e-05
