1.200000056996941566e-02 0.000000000000000000e+00
3.600000170990824699e-02 0.000000000000000000e+00
6.000000052154064178e-02 0.000000000000000000e+00
8.400000631809234619e-02 0.000000000000000000e+00
1.080000028014183044e-01 0.000000000000000000e+00
1.319999992847442627e-01 0.000000000000000000e+00
1.560000143945217133e-01 0.000000000000000000e+00
1.800000108778476715e-01 0.000000000000000000e+00
2.040000073611736298e-01 0.000000000000000000e+00
2.280000038444995880e-01 0.000000000000000000e+00
2.520000189542770386e-01 0.000000000000000000e+00
2.760000154376029968e-01 0.000000000000000000e+00
3.000000119209289551e-01 0.000000000000000000e+00
3.240000084042549133e-01 0.000000000000000000e+00
3.480000048875808716e-01 0.000000000000000000e+00
3.720000386238098145e-01 0.000000000000000000e+00
3.959999978542327881e-01 0.000000000000000000e+00
4.200000315904617310e-01 0.000000000000000000e+00
4.439999908208847046e-01 0.000000000000000000e+00
4.680000245571136475e-01 0.000000000000000000e+00
4.920000210404396057e-01 0.000000000000000000e+00
5.160000175237655640e-01 0.000000000000000000e+00
5.400000512599945068e-01 0.000000000000000000e+00
5.640000104904174805e-01 0.000000000000000000e+00
5.880000442266464233e-01 0.000000000000000000e+00
6.120000034570693970e-01 0.000000000000000000e+00
6.360000371932983398e-01 0.000000000000000000e+00
6.599999964237213135e-01 0.000000000000000000e+00
6.840000301599502563e-01 0.000000000000000000e+00
7.080000638961791992e-01 0.000000000000000000e+00
7.320000231266021729e-01 0.000000000000000000e+00
7.559999823570251465e-01 0.000000000000000000e+00
7.800000905990600586e-01 0.000000000000000000e+00
8.040000498294830322e-01 0.000000000000000000e+00
8.280000090599060059e-01 0.000000000000000000e+00
8.520000427961349487e-01 1.495358742431562860e-05
8.760000765323638916e-01 5.573053986154263839e-04
9.000000357627868652e-01 1.168283860897645354e-02
9.239999949932098389e-01 1.086734770797193050e-01
9.480000287294387817e-01 4.701397251337766647e-01
9.720000624656677246e-01 1.190095163881778717e+00
9.960000216960906982e-01 2.057900011539459229e+00
1.020000055432319641e+00 2.736181318759918213e+00
1.044000089168548584e+00 3.054544612765312195e+00
1.068000048398971558e+00 3.011475369334220886e+00
1.092000007629394531e+00 2.750767663121223450e+00
1.116000041365623474e+00 2.396767020225524902e+00
1.140000075101852417e+00 2.046086564660072327e+00
1.164000034332275391e+00 1.759617015719413757e+00
1.188000068068504333e+00 1.524127729237079620e+00
1.212000101804733276e+00 1.335490152239799500e+00
1.236000061035156250e+00 1.178982801735401154e+00
1.260000020265579224e+00 1.055756330490112305e+00
1.283999979496002197e+00 9.481963850557804108e-01
1.308000087738037109e+00 8.684537634253501892e-01
1.332000046968460083e+00 8.003883063793182373e-01
1.356000006198883057e+00 7.442483976483345032e-01
1.380000114440917969e+00 7.026738561689853668e-01
1.404000073671340942e+00 6.670670062303543091e-01
1.428000032901763916e+00 6.390412151813507080e-01
1.452000141143798828e+00 6.215098053216934204e-01
1.475999951362609863e+00 6.098548732697963715e-01
1.500000059604644775e+00 6.044421270489692688e-01
1.524000167846679688e+00 6.046281643211841583e-01
1.547999978065490723e+00 6.109198741614818573e-01
1.572000086307525635e+00 6.220187395811080933e-01
1.596000194549560547e+00 6.409097276628017426e-01
1.620000004768371582e+00 6.642661578953266144e-01
1.644000113010406494e+00 6.949514262378215790e-01
1.668000072240829468e+00 7.297813184559345245e-01
1.692000031471252441e+00 7.722339853644371033e-01
1.716000139713287354e+00 8.181046433746814728e-01
1.740000098943710327e+00 8.681696094572544098e-01
1.764000058174133301e+00 9.189761728048324585e-01
1.788000166416168213e+00 9.729259088635444641e-01
1.811999976634979248e+00 1.021815486252307892e+00
1.836000084877014160e+00 1.070558018982410431e+00
1.860000193119049072e+00 1.111876443028450012e+00
1.884000003337860107e+00 1.152651697397232056e+00
1.908000111579895020e+00 1.186358608305454254e+00
1.932000070810317993e+00 1.216292887926101685e+00
1.956000030040740967e+00 1.242562435567378998e+00
1.980000138282775879e+00 1.263708941638469696e+00
2.004000097513198853e+00 1.277324669063091278e+00
2.028000056743621826e+00 1.280385479331016541e+00
2.052000164985656738e+00 1.273443534970283508e+00
2.075999975204467773e+00 1.254600182175636292e+00
2.100000083446502686e+00 1.227180376648902893e+00
2.124000191688537598e+00 1.192692287266254425e+00
2.148000001907348633e+00 1.152264349162578583e+00
2.172000110149383545e+00 1.110067166388034821e+00
2.196000218391418457e+00 1.067331559956073761e+00
2.220000028610229492e+00 1.028659097850322723e+00
2.244000136852264404e+00 9.918897002935409546e-01
2.268000096082687378e+00 9.578573890030384064e-01
2.292000055313110352e+00 9.291717708110809326e-01
2.316000163555145264e+00 9.041302092373371124e-01
2.340000122785568237e+00 8.815940432250499725e-01
2.364000082015991211e+00 8.661782294511795044e-01
2.388000190258026123e+00 8.530984669923782349e-01
2.412000000476837158e+00 8.453004993498325348e-01
2.436000108718872070e+00 8.415430374443531036e-01
2.460000216960906982e+00 8.414838612079620361e-01
2.484000027179718018e+00 8.461464755237102509e-01
2.508000135421752930e+00 8.528091013431549072e-01
2.531999945640563965e+00 8.625573255121707916e-01
2.556000351905822754e+00 8.769042231142520905e-01
2.580000162124633789e+00 8.921808935701847076e-01
2.603999972343444824e+00 9.112545922398567200e-01
2.628000080585479736e+00 9.321225918829441071e-01
2.652000188827514648e+00 9.523716047406196594e-01
2.675999999046325684e+00 9.742311351001262665e-01
2.700000107288360596e+00 9.947269558906555176e-01
2.724000215530395508e+00 1.014685988426208496e+00
2.748000025749206543e+00 1.034123577177524567e+00
2.772000133991241455e+00 1.050824597477912903e+00
2.796000242233276367e+00 1.065411351621150970e+00
2.820000052452087402e+00 1.077458269894123077e+00
2.844000160694122314e+00 1.086093850433826447e+00
2.868000268936157227e+00 1.092444695532321930e+00
2.892000079154968262e+00 1.094627030193805695e+00
2.916000187397003174e+00 1.095451861619949341e+00
2.940000295639038086e+00 1.092869557440280914e+00
2.964000105857849121e+00 1.088703274726867676e+00
2.987999916076660156e+00 1.082373321056365967e+00
3.012000322341918945e+00 1.073343284428119659e+00
3.036000132560729980e+00 1.064315386116504669e+00
3.059999942779541016e+00 1.053572803735733032e+00
3.084000349044799805e+00 1.041156776249408722e+00
3.108000159263610840e+00 1.028378091752529144e+00
3.131999969482421875e+00 1.016753390431404114e+00
3.156000375747680664e+00 1.002872079610824585e+00
3.180000185966491699e+00 9.913930259644985199e-01
3.203999996185302734e+00 9.797686412930488586e-01
3.228000104427337646e+00 9.697150774300098419e-01
3.252000212669372559e+00 9.603414125740528107e-01
3.276000022888183594e+00 9.524072557687759399e-01
3.300000131130218506e+00 9.449088312685489655e-01
3.324000239372253418e+00 9.414648264646530151e-01
3.348000049591064453e+00 9.373345598578453064e-01
3.372000157833099365e+00 9.366484060883522034e-01
3.396000266075134277e+00 9.361344240605831146e-01
3.420000076293945312e+00 9.393890015780925751e-01
3.444000184535980225e+00 9.434465095400810242e-01
3.468000292778015137e+00 9.479019939899444580e-01
3.492000102996826172e+00 9.544244110584259033e-01
3.516000211238861084e+00 9.604973904788494110e-01
3.540000319480895996e+00 9.687570333480834961e-01
3.564000129699707031e+00 9.770400933921337128e-01
3.587999939918518066e+00 9.860610179603099823e-01
3.612000346183776855e+00 9.942537993192672729e-01
3.636000156402587891e+00 1.002537313848733902e+00
3.659999966621398926e+00 1.009774543344974518e+00
3.684000372886657715e+00 1.017705149948596954e+00
3.708000183105468750e+00 1.024645708501338959e+00
3.731999993324279785e+00 1.029768437147140503e+00
3.756000399589538574e+00 1.033323928713798523e+00
3.780000209808349609e+00 1.036824613809585571e+00
3.804000020027160645e+00 1.038722477853298187e+00
3.828000128269195557e+00 1.039125449955463409e+00
3.852000236511230469e+00 1.038861371576786041e+00
3.876000046730041504e+00 1.036935016512870789e+00
3.900000154972076416e+00 1.033967666327953339e+00
3.924000263214111328e+00 1.030706018209457397e+00
3.948000073432922363e+00 1.026945255696773529e+00
3.972000181674957275e+00 1.022139653563499451e+00
3.996000289916992188e+00 1.017339862883090973e+00
4.020000100135803223e+00 1.011998958885669708e+00
4.044000208377838135e+00 1.006916422396898270e+00
4.068000316619873047e+00 1.000646427273750305e+00
4.092000126838684082e+00 9.956766217947006226e-01
4.116000235080718994e+00 9.915673397481441498e-01
4.140000343322753906e+00 9.872406013309955597e-01
4.164000153541564941e+00 9.829430766403675079e-01
4.187999963760375977e+00 9.793591834604740143e-01
4.212000370025634766e+00 9.766379594802856445e-01
4.236000180244445801e+00 9.746392369270324707e-01
4.259999990463256836e+00 9.732777476310729980e-01
4.284000396728515625e+00 9.726524464786052704e-01
4.308000206947326660e+00 9.725875034928321838e-01
4.332000017166137695e+00 9.729735404253005981e-01
4.356000423431396484e+00 9.752165749669075012e-01
4.380000233650207520e+00 9.766914695501327515e-01
4.404000043869018555e+00 9.797980077564716339e-01
4.428000450134277344e+00 9.822603501379489899e-01
4.452000260353088379e+00 9.848539456725120544e-01
4.476000070571899414e+00 9.890526086091995239e-01
4.500000178813934326e+00 9.921918697655200958e-01
4.524000287055969238e+00 9.957178272306919098e-01
4.548000097274780273e+00 9.988474659621715546e-01
4.572000205516815186e+00 1.002658680081367493e+00
4.596000313758850098e+00 1.005723752081394196e+00
4.620000123977661133e+00 1.009056389331817627e+00
4.644000232219696045e+00 1.011651903390884399e+00
4.668000340461730957e+00 1.011998891830444336e+00
4.692000150680541992e+00 1.014376774430274963e+00
4.716000258922576904e+00 1.015236817300319672e+00
4.740000367164611816e+00 1.016044117510318756e+00
4.764000177383422852e+00 1.016432143747806549e+00
4.787999987602233887e+00 1.015256054699420929e+00
4.812000393867492676e+00 1.014677882194519043e+00
4.836000204086303711e+00 1.013344258069992065e+00
4.860000014305114746e+00 1.011635795235633850e+00
4.884000420570373535e+00 1.009526759386062622e+00
4.908000230789184570e+00 1.006827749311923981e+00
4.932000041007995605e+00 1.004649605602025986e+00
4.956000447273254395e+00 1.002743087708950043e+00
4.980000257492065430e+00 1.000377494841814041e+00
5.004000067710876465e+00 9.978562928736209869e-01
5.027999877929687500e+00 9.958803094923496246e-01
5.052000284194946289e+00 9.940716475248336792e-01
5.076000690460205078e+00 9.921910502016544342e-01
5.099999904632568359e+00 9.904728569090366364e-01
5.124000310897827148e+00 9.895490370690822601e-01
5.148000717163085938e+00 9.881471693515777588e-01
5.171999931335449219e+00 9.878080561757087708e-01
5.196000337600708008e+00 9.868743941187858582e-01
5.220000743865966797e+00 9.870662875473499298e-01
5.243999958038330078e+00 9.877893030643463135e-01
5.268000364303588867e+00 9.876013770699501038e-01
5.292000174522399902e+00 9.885345585644245148e-01
5.315999984741210938e+00 9.896888136863708496e-01
5.340000391006469727e+00 9.906935654580593109e-01
5.364000201225280762e+00 9.920521862804889679e-01
5.388000011444091797e+00 9.936873167753219604e-01
5.412000417709350586e+00 9.952608346939086914e-01
5.436000227928161621e+00 9.963823333382606506e-01
5.460000038146972656e+00 9.985700212419033051e-01
5.484000444412231445e+00 1.000392943620681763e+00
5.508000254631042480e+00 1.001411285251379013e+00
5.532000064849853516e+00 1.002327580004930496e+00
5.556000471115112305e+00 1.003756135702133179e+00
5.580000281333923340e+00 1.004941884428262711e+00
5.604000091552734375e+00 1.005145516246557236e+00
5.628000497817993164e+00 1.005824346095323563e+00
5.652000308036804199e+00 1.006040945649147034e+00
5.676000118255615234e+00 1.006972834467887878e+00
5.700000524520874023e+00 1.006299853324890137e+00
5.724000334739685059e+00 1.005870200693607330e+00
5.748000144958496094e+00 1.005163289606571198e+00
5.772000551223754883e+00 1.004670619964599609e+00
5.796000361442565918e+00 1.003747377544641495e+00
5.820000171661376953e+00 1.002645850181579590e+00
5.844000577926635742e+00 1.002003811299800873e+00
5.867999792098999023e+00 1.000924937427043915e+00
5.892000198364257812e+00 9.993224814534187317e-01
5.916000604629516602e+00 9.991690889000892639e-01
5.939999818801879883e+00 9.975806251168251038e-01
5.964000225067138672e+00 9.971724189817905426e-01
5.988000631332397461e+00 9.957862198352813721e-01
