2.499999944120645523e-02 0.000000000000000000e+00
7.499999832361936569e-02 0.000000000000000000e+00
1.249999925494194031e-01 0.000000000000000000e+00
1.750000007450580597e-01 0.000000000000000000e+00
2.249999903142452240e-01 0.000000000000000000e+00
2.749999985098838806e-01 0.000000000000000000e+00
3.249999880790710449e-01 0.000000000000000000e+00
3.750000149011611938e-01 0.000000000000000000e+00
4.249999672174453735e-01 0.000000000000000000e+00
4.749999940395355225e-01 0.000000000000000000e+00
5.249999836087226868e-01 0.000000000000000000e+00
5.749999731779098511e-01 0.000000000000000000e+00
6.250000000000000000e-01 0.000000000000000000e+00
6.749999523162841797e-01 0.000000000000000000e+00
7.249999791383743286e-01 0.000000000000000000e+00
7.750000059604644775e-01 0.000000000000000000e+00
8.249999582767486572e-01 0.000000000000000000e+00
8.749999850988388062e-01 0.000000000000000000e+00
9.250000119209289551e-01 0.000000000000000000e+00
9.749999642372131348e-01 0.000000000000000000e+00
1.024999916553497314e+00 0.000000000000000000e+00
1.075000017881393433e+00 0.000000000000000000e+00
1.124999970197677612e+00 0.000000000000000000e+00
1.174999922513961792e+00 0.000000000000000000e+00
1.225000023841857910e+00 0.000000000000000000e+00
1.274999976158142090e+00 0.000000000000000000e+00
1.324999928474426270e+00 0.000000000000000000e+00
1.374999880790710449e+00 0.000000000000000000e+00
1.424999982118606567e+00 0.000000000000000000e+00
1.474999934434890747e+00 0.000000000000000000e+00
1.525000035762786865e+00 0.000000000000000000e+00
1.574999988079071045e+00 0.000000000000000000e+00
1.624999940395355225e+00 0.000000000000000000e+00
1.674999892711639404e+00 0.000000000000000000e+00
1.724999994039535522e+00 0.000000000000000000e+00
1.774999946355819702e+00 0.000000000000000000e+00
1.825000047683715820e+00 0.000000000000000000e+00
1.875000000000000000e+00 0.000000000000000000e+00
1.924999952316284180e+00 0.000000000000000000e+00
1.974999904632568359e+00 0.000000000000000000e+00
2.024999856948852539e+00 0.000000000000000000e+00
2.074999958276748657e+00 0.000000000000000000e+00
2.124999910593032837e+00 0.000000000000000000e+00
2.175000011920928955e+00 0.000000000000000000e+00
2.224999964237213135e+00 0.000000000000000000e+00
2.274999916553497314e+00 0.000000000000000000e+00
2.324999868869781494e+00 0.000000000000000000e+00
2.374999970197677612e+00 1.956732103280955926e-04
2.424999922513961792e+00 2.517496403015684336e-03
2.475000023841857910e+00 2.612847229465842247e-02
2.524999976158142090e+00 1.432508882135152817e-01
2.574999928474426270e+00 4.647484365850687027e-01
2.624999880790710449e+00 1.028019685298204422e+00
2.674999833106994629e+00 1.733542419970035553e+00
2.724999785423278809e+00 2.385989516973495483e+00
2.775000035762786865e+00 2.812343969941139221e+00
2.824999988079071045e+00 2.963316291570663452e+00
2.874999940395355225e+00 2.887587413191795349e+00
2.924999892711639404e+00 2.668935790657997131e+00
2.974999845027923584e+00 2.385362744331359863e+00
3.025000095367431641e+00 2.064445294439792633e+00
3.075000047683715820e+00 1.779077909886837006e+00
3.125000000000000000e+00 1.522800818085670471e+00
3.174999952316284180e+00 1.312393240630626678e+00
3.224999904632568359e+00 1.135519348084926605e+00
3.274999856948852539e+00 9.881284758448600769e-01
3.324999809265136719e+00 8.690459057688713074e-01
3.374999761581420898e+00 7.774580977857112885e-01
3.425000011920928955e+00 7.078209556639194489e-01
3.474999964237213135e+00 6.501911282539367676e-01
3.524999916553497314e+00 6.057101562619209290e-01
3.574999868869781494e+00 5.723138786852359772e-01
3.624999821186065674e+00 5.451491065323352814e-01
3.675000071525573730e+00 5.292131640017032623e-01
3.725000023841857910e+00 5.172380246222019196e-01
3.774999976158142090e+00 5.163486562669277191e-01
3.824999928474426270e+00 5.166932623833417892e-01
3.874999880790710449e+00 5.194715932011604309e-01
3.924999833106994629e+00 5.281509980559349060e-01
3.974999785423278809e+00 5.374984927475452423e-01
4.024999737739562988e+00 5.533164218068122864e-01
4.074999988079071045e+00 5.722120366990566254e-01
4.124999940395355225e+00 5.863969735801219940e-01
4.174999892711639404e+00 6.161059588193893433e-01
4.224999845027923584e+00 6.401032619178295135e-01
4.274999797344207764e+00 6.715189926326274872e-01
4.325000047683715820e+00 7.022149562835693359e-01
4.375000000000000000e+00 7.373751513659954071e-01
4.424999952316284180e+00 7.741609513759613037e-01
4.474999904632568359e+00 8.093295879662036896e-01
4.524999856948852539e+00 8.410161212086677551e-01
4.574999809265136719e+00 8.630537092685699463e-01
4.624999761581420898e+00 8.910880684852600098e-01
4.675000011920928955e+00 9.111472070217132568e-01
4.724999964237213135e+00 9.224173128604888916e-01
4.774999916553497314e+00 9.381878226995468140e-01
4.824999868869781494e+00 9.421372674405574799e-01
4.874999821186065674e+00 9.528050385415554047e-01
4.924999773502349854e+00 9.600717388093471527e-01
4.975000023841857910e+00 9.605646319687366486e-01
5.024999976158142090e+00 9.641610495746135712e-01
5.074999928474426270e+00 9.736876040697097778e-01
5.124999880790710449e+00 9.707505032420158386e-01
5.174999833106994629e+00 9.753059595823287964e-01
5.224999785423278809e+00 9.780688285827636719e-01
5.274999737739562988e+00 9.800202138721942902e-01
5.324999690055847168e+00 9.844937771558761597e-01
5.374999642372131348e+00 9.801192805171012878e-01
5.425000190734863281e+00 9.783415943384170532e-01
5.475000143051147461e+00 9.799695350229740143e-01
5.525000095367431641e+00 9.771651662886142731e-01
5.575000047683715820e+00 9.777138046920299530e-01
5.625000000000000000e+00 9.736178107559680939e-01
5.674999952316284180e+00 9.696493670344352722e-01
5.724999904632568359e+00 9.679045453667640686e-01
5.774999856948852539e+00 9.635606333613395691e-01
5.824999809265136719e+00 9.609073102474212646e-01
5.874999761581420898e+00 9.610614962875843048e-01
5.924999713897705078e+00 9.566877000033855438e-01
5.974999666213989258e+00 9.574390947818756104e-01
6.024999618530273438e+00 9.530208259820938110e-01
6.074999570846557617e+00 9.478430040180683136e-01
6.125000119209289551e+00 9.454993680119514465e-01
6.175000071525573730e+00 9.430161975324153900e-01
6.225000023841857910e+00 9.443249218165874481e-01
6.274999976158142090e+00 9.452601186931133270e-01
6.324999928474426270e+00 9.429746493697166443e-01
6.374999880790710449e+00 9.464394897222518921e-01
6.424999833106994629e+00 9.492210000753402710e-01
6.474999785423278809e+00 9.543830193579196930e-01
6.524999737739562988e+00 9.556107483804225922e-01
6.574999690055847168e+00 9.590763337910175323e-01
6.624999642372131348e+00 9.657644219696521759e-01
6.674999594688415527e+00 9.698330387473106384e-01
6.725000143051147461e+00 9.729967340826988220e-01
6.775000095367431641e+00 9.792403057217597961e-01
6.825000047683715820e+00 9.864674471318721771e-01
6.875000000000000000e+00 9.885161258280277252e-01
6.924999952316284180e+00 9.962116926908493042e-01
6.974999904632568359e+00 9.988952763378620148e-01
7.024999856948852539e+00 1.003170616924762726e+00
7.074999809265136719e+00 1.005532357841730118e+00
7.124999761581420898e+00 1.009067688137292862e+00
7.174999713897705078e+00 1.011555481702089310e+00
7.224999666213989258e+00 1.016901083290576935e+00
7.274999618530273438e+00 1.018332280218601227e+00
7.324999570846557617e+00 1.018342696130275726e+00
7.374999523162841797e+00 1.018593214452266693e+00
7.425000071525573730e+00 1.020943831652402878e+00
7.475000023841857910e+00 1.023015536367893219e+00
7.524999976158142090e+00 1.019386827945709229e+00
7.574999928474426270e+00 1.022561170160770416e+00
7.624999880790710449e+00 1.019913151860237122e+00
7.674999833106994629e+00 1.020994849503040314e+00
7.724999785423278809e+00 1.019635409116744995e+00
7.774999737739562988e+00 1.017503138631582260e+00
7.824999690055847168e+00 1.018417503684759140e+00
7.874999642372131348e+00 1.017245978116989136e+00
7.924999594688415527e+00 1.019980542361736298e+00
7.974999547004699707e+00 1.019102752208709717e+00
8.025000095367431641e+00 1.019637458026409149e+00
8.075000047683715820e+00 1.018580559641122818e+00
8.125000000000000000e+00 1.018580861389636993e+00
8.174999952316284180e+00 1.018419861793518066e+00
8.224999904632568359e+00 1.018392387777566910e+00
8.274999856948852539e+00 1.017404574900865555e+00
8.324999809265136719e+00 1.016204707324504852e+00
8.374999761581420898e+00 1.017519455403089523e+00
8.424999713897705078e+00 1.015179228037595749e+00
8.474999666213989258e+00 1.017015587538480759e+00
8.524999618530273438e+00 1.017780777066946030e+00
8.574999570846557617e+00 1.016964275389909744e+00
8.624999523162841797e+00 1.017736334353685379e+00
8.675000071525573730e+00 1.017872869968414307e+00
8.725000023841857910e+00 1.019969187676906586e+00
8.774999976158142090e+00 1.019997324794530869e+00
8.824999928474426270e+00 1.018986467272043228e+00
8.874999880790710449e+00 1.020070917904376984e+00
8.924999833106994629e+00 1.019311197102069855e+00
8.974999785423278809e+00 1.019978452473878860e+00
9.024999737739562988e+00 1.020873066037893295e+00
9.074999690055847168e+00 1.020686630159616470e+00
9.124999642372131348e+00 1.019965190440416336e+00
9.174999594688415527e+00 1.021101258695125580e+00
9.224999547004699707e+00 1.023514237254858017e+00
9.275000095367431641e+00 1.022110383957624435e+00
9.325000047683715820e+00 1.021411471068859100e+00
9.375000000000000000e+00 1.021294187754392624e+00
9.424999952316284180e+00 1.020679920911788940e+00
9.474999904632568359e+00 1.021799143403768539e+00
9.524999856948852539e+00 1.021248284727334976e+00
9.574999809265136719e+00 1.022265780717134476e+00
9.624999761581420898e+00 1.019076064229011536e+00
9.674999713897705078e+00 1.020438354462385178e+00
9.724999666213989258e+00 1.019801035523414612e+00
9.774999618530273438e+00 1.020651943981647491e+00
9.824999570846557617e+00 1.018944323062896729e+00
9.874999523162841797e+00 1.019018173217773438e+00
9.924999475479125977e+00 1.017444174736738205e+00
9.975000023841857910e+00 1.016806583851575851e+00
1.002500057220458984e+01 1.016671225428581238e+00
1.007499933242797852e+01 1.015191894024610519e+00
1.012500047683715820e+01 1.015202518552541733e+00
1.017499923706054688e+01 1.013975944370031357e+00
1.022500038146972656e+01 1.011857990175485611e+00
1.027499914169311523e+01 1.011565037071704865e+00
1.032500028610229492e+01 1.011769920587539673e+00
1.037499904632568359e+01 1.010229028761386871e+00
1.042500019073486328e+01 1.009766966104507446e+00
1.047499895095825195e+01 1.009611483663320541e+00
1.052500009536743164e+01 1.007239039987325668e+00
1.057499885559082031e+01 1.006738848984241486e+00
1.062500000000000000e+01 1.006625756621360779e+00
1.067499876022338867e+01 1.005933996289968491e+00
1.072499990463256836e+01 1.007762413471937180e+00
1.077499866485595703e+01 1.007456894963979721e+00
1.082499980926513672e+01 1.006133813410997391e+00
1.087499976158142090e+01 1.004079610109329224e+00
1.092499971389770508e+01 1.004220765084028244e+00
1.097500085830688477e+01 1.004185743629932404e+00
1.102499961853027344e+01 1.004012849181890488e+00
1.107500076293945312e+01 1.002891354262828827e+00
1.112499952316284180e+01 1.003110550343990326e+00
1.117500066757202148e+01 1.002010483294725418e+00
1.122499942779541016e+01 1.003788728266954422e+00
1.127500057220458984e+01 1.004154406487941742e+00
1.132499933242797852e+01 1.002970915287733078e+00
1.137500047683715820e+01 1.003787495195865631e+00
1.142499923706054688e+01 1.003710880875587463e+00
1.147500038146972656e+01 1.002452310174703598e+00
1.152499914169311523e+01 1.003124233335256577e+00
1.157500028610229492e+01 1.003089670091867447e+00
1.162499904632568359e+01 1.003264058381319046e+00
1.167500019073486328e+01 1.004556052386760712e+00
1.172499895095825195e+01 1.002960544079542160e+00
1.177500009536743164e+01 1.002293322235345840e+00
1.182499885559082031e+01 1.003896716982126236e+00
1.187500000000000000e+01 1.003558553755283356e+00
1.192499876022338867e+01 1.004085142165422440e+00
1.197499990463256836e+01 1.003027938306331635e+00
1.202499866485595703e+01 1.003021962940692902e+00
1.207499980926513672e+01 1.003505479544401169e+00
1.212499856948852539e+01 1.002723954617977142e+00
1.217499971389770508e+01 1.003350954502820969e+00
1.222500085830688477e+01 1.002930816262960434e+00
1.227499961853027344e+01 1.003353670239448547e+00
1.232500076293945312e+01 1.002011559903621674e+00
1.237499952316284180e+01 1.002838246524333954e+00
1.242500066757202148e+01 1.003943566232919693e+00
1.247499942779541016e+01 1.002767547965049744e+00
