2.499999944120645523e-02 0.000000000000000000e+00
7.499999832361936569e-02 0.000000000000000000e+00
1.249999925494194031e-01 0.000000000000000000e+00
1.750000007450580597e-01 0.000000000000000000e+00
2.249999903142452240e-01 0.000000000000000000e+00
2.749999985098838806e-01 0.000000000000000000e+00
3.249999880790710449e-01 0.000000000000000000e+00
3.750000149011611938e-01 0.000000000000000000e+00
4.249999672174453735e-01 0.000000000000000000e+00
4.749999940395355225e-01 0.000000000000000000e+00
5.249999836087226868e-01 0.000000000000000000e+00
5.749999731779098511e-01 0.000000000000000000e+00
6.250000000000000000e-01 0.000000000000000000e+00
6.749999523162841797e-01 0.000000000000000000e+00
7.249999791383743286e-01 0.000000000000000000e+00
7.750000059604644775e-01 0.000000000000000000e+00
8.249999582767486572e-01 0.000000000000000000e+00
8.749999850988388062e-01 0.000000000000000000e+00
9.250000119209289551e-01 0.000000000000000000e+00
9.749999642372131348e-01 0.000000000000000000e+00
1.024999916553497314e+00 0.000000000000000000e+00
1.075000017881393433e+00 0.000000000000000000e+00
1.124999970197677612e+00 0.000000000000000000e+00
1.174999922513961792e+00 0.000000000000000000e+00
1.225000023841857910e+00 0.000000000000000000e+00
1.274999976158142090e+00 0.000000000000000000e+00
1.324999928474426270e+00 0.000000000000000000e+00
1.374999880790710449e+00 0.000000000000000000e+00
1.424999982118606567e+00 0.000000000000000000e+00
1.474999934434890747e+00 0.000000000000000000e+00
1.525000035762786865e+00 0.000000000000000000e+00
1.574999988079071045e+00 0.000000000000000000e+00
1.624999940395355225e+00 0.000000000000000000e+00
1.674999892711639404e+00 0.000000000000000000e+00
1.724999994039535522e+00 0.000000000000000000e+00
1.774999946355819702e+00 0.000000000000000000e+00
1.825000047683715820e+00 0.000000000000000000e+00
1.875000000000000000e+00 0.000000000000000000e+00
1.924999952316284180e+00 0.000000000000000000e+00
1.974999904632568359e+00 0.000000000000000000e+00
2.024999856948852539e+00 0.000000000000000000e+00
2.074999958276748657e+00 0.000000000000000000e+00
2.124999910593032837e+00 0.000000000000000000e+00
2.175000011920928955e+00 0.000000000000000000e+00
2.224999964237213135e+00 0.000000000000000000e+00
2.274999916553497314e+00 0.000000000000000000e+00
2.324999868869781494e+00 0.000000000000000000e+00
2.374999970197677612e+00 5.988023985992185771e-06
2.424999922513961792e+00 8.632734534330666065e-05
2.475000023841857910e+00 9.555888318573124707e-04
2.524999976158142090e+00 5.917165632126852870e-03
2.574999928474426270e+00 2.265918161720037460e-02
2.624999880790710449e+00 6.115219625644385815e-02
2.674999833106994629e+00 1.285528959706425667e-01
2.724999785423278809e+00 2.248193630948662758e-01
2.775000035762786865e+00 3.424830362200737000e-01
2.824999988079071045e+00 4.709700662642717361e-01
2.874999940395355225e+00 6.006427221000194550e-01
2.924999892711639404e+00 7.247080951929092407e-01
2.974999845027923584e+00 8.394164256751537323e-01
3.025000095367431641e+00 9.420568943023681641e-01
3.075000047683715820e+00 1.033449120819568634e+00
3.125000000000000000e+00 1.114249020814895630e+00
3.174999952316284180e+00 1.186122760176658630e+00
3.224999904632568359e+00 1.250284932553768158e+00
3.274999856948852539e+00 1.307864278554916382e+00
3.324999809265136719e+00 1.360063865780830383e+00
3.374999761581420898e+00 1.408182144165039062e+00
3.425000011920928955e+00 1.453289933502674103e+00
3.474999964237213135e+00 1.495949119329452515e+00
3.524999916553497314e+00 1.536841318011283875e+00
3.574999868869781494e+00 1.576584331691265106e+00
3.624999821186065674e+00 1.615505494177341461e+00
3.675000071525573730e+00 1.654338575899600983e+00
3.725000023841857910e+00 1.693332336843013763e+00
3.774999976158142090e+00 1.733315870165824890e+00
3.824999928474426270e+00 1.774388745427131653e+00
3.874999880790710449e+00 1.816767476499080658e+00
3.924999833106994629e+00 1.860974550247192383e+00
3.974999785423278809e+00 1.907119244337081909e+00
4.024999737739562988e+00 1.955818831920623779e+00
4.074999988079071045e+00 2.007446080446243286e+00
4.124999940395355225e+00 2.061652183532714844e+00
4.174999892711639404e+00 2.119996994733810425e+00
4.224999845027923584e+00 2.182076334953308105e+00
4.274999797344207764e+00 2.248753979802131653e+00
4.325000047683715820e+00 2.320125743746757507e+00
4.375000000000000000e+00 2.396811351180076599e+00
4.424999952316284180e+00 2.479172617197036743e+00
4.474999904632568359e+00 2.567230492830276489e+00
4.524999856948852539e+00 2.660794124007225037e+00
4.574999809265136719e+00 2.758938074111938477e+00
4.624999761581420898e+00 2.862495690584182739e+00
4.675000011920928955e+00 2.970687076449394226e+00
4.724999964237213135e+00 3.082576289772987366e+00
4.774999916553497314e+00 3.198798373341560364e+00
4.824999868869781494e+00 3.317970782518386841e+00
4.874999821186065674e+00 3.441000729799270630e+00
4.924999773502349854e+00 3.567521452903747559e+00
4.975000023841857910e+00 3.696687102317810059e+00
5.024999976158142090e+00 3.828958302736282349e+00
5.074999928474426270e+00 3.965200081467628479e+00
5.124999880790710449e+00 4.103729248046875000e+00
5.174999833106994629e+00 4.245648205280303955e+00
5.224999785423278809e+00 4.390714079141616821e+00
5.274999737739562988e+00 4.538875788450241089e+00
5.324999690055847168e+00 4.690539211034774780e+00
5.374999642372131348e+00 4.844372749328613281e+00
5.425000190734863281e+00 5.000811368227005005e+00
5.475000143051147461e+00 5.160396158695220947e+00
5.525000095367431641e+00 5.322457998991012573e+00
5.575000047683715820e+00 5.487553894519805908e+00
5.625000000000000000e+00 5.654917627573013306e+00
5.674999952316284180e+00 5.824593305587768555e+00
5.724999904632568359e+00 5.996949046850204468e+00
5.774999856948852539e+00 6.171541035175323486e+00
5.824999809265136719e+00 6.348687976598739624e+00
5.874999761581420898e+00 6.528907239437103271e+00
5.924999713897705078e+00 6.711376518011093140e+00
5.974999666213989258e+00 6.897079914808273315e+00
6.024999618530273438e+00 7.085041999816894531e+00
6.074999570846557617e+00 7.275090456008911133e+00
6.125000119209289551e+00 7.467792063951492310e+00
6.175000071525573730e+00 7.663151055574417114e+00
6.225000023841857910e+00 7.861960470676422119e+00
6.274999976158142090e+00 8.064191758632659912e+00
6.324999928474426270e+00 8.269151985645294189e+00
6.374999880790710449e+00 8.478129148483276367e+00
6.424999833106994629e+00 8.691009461879730225e+00
6.474999785423278809e+00 8.908395528793334961e+00
6.524999737739562988e+00 9.129436492919921875e+00
6.574999690055847168e+00 9.354705989360809326e+00
6.624999642372131348e+00 9.585006833076477051e+00
6.674999594688415527e+00 9.819769918918609619e+00
6.725000143051147461e+00 1.005885004997253418e+01
6.775000095367431641e+00 1.030305010080337524e+01
6.825000047683715820e+00 1.055270445346832275e+01
6.875000000000000000e+00 1.080654668807983398e+01
6.924999952316284180e+00 1.106610196828842163e+01
6.974999904632568359e+00 1.133013880252838135e+01
7.024999856948852539e+00 1.159910613298416138e+01
7.074999809265136719e+00 1.187255275249481201e+01
7.124999761581420898e+00 1.215087270736694336e+01
7.174999713897705078e+00 1.243378901481628418e+01
7.224999666213989258e+00 1.272219443321228027e+01
7.274999618530273438e+00 1.301501107215881348e+01
7.324999570846557617e+00 1.331188207864761353e+01
7.374999523162841797e+00 1.361289167404174805e+01
7.425000071525573730e+00 1.391867941617965698e+01
7.475000023841857910e+00 1.422923719882965088e+01
7.524999976158142090e+00 1.454284554719924927e+01
7.574999928474426270e+00 1.486163371801376343e+01
7.624999880790710449e+00 1.518380099534988403e+01
7.674999833106994629e+00 1.551057314872741699e+01
7.724999785423278809e+00 1.584115403890609741e+01
7.774999737739562988e+00 1.617532253265380859e+01
7.824999690055847168e+00 1.651411628723144531e+01
7.874999642372131348e+00 1.685686278343200684e+01
7.924999594688415527e+00 1.720490789413452148e+01
7.974999547004699707e+00 1.755705487728118896e+01
8.025000095367431641e+00 1.791382825374603271e+01
8.075000047683715820e+00 1.827467846870422363e+01
8.125000000000000000e+00 1.863999867439270020e+01
8.174999952316284180e+00 1.900979351997375488e+01
8.224999904632568359e+00 1.938409960269927979e+01
8.274999856948852539e+00 1.976260340213775635e+01
8.324999809265136719e+00 2.014524126052856445e+01
8.374999761581420898e+00 2.053298807144165039e+01
8.424999713897705078e+00 2.092447495460510254e+01
8.474999666213989258e+00 2.132133793830871582e+01
8.524999618530273438e+00 2.172321295738220215e+01
8.574999570846557617e+00 2.212949168682098389e+01
8.624999523162841797e+00 2.254084169864654541e+01
8.675000071525573730e+00 2.295703601837158203e+01
8.725000023841857910e+00 2.337889432907104492e+01
8.774999976158142090e+00 2.380560195446014404e+01
8.824999928474426270e+00 2.423676192760467529e+01
8.874999880790710449e+00 2.467329394817352295e+01
8.924999833106994629e+00 2.511442255973815918e+01
8.974999785423278809e+00 2.556079065799713135e+01
9.024999737739562988e+00 2.601255333423614502e+01
9.074999690055847168e+00 2.646925044059753418e+01
9.124999642372131348e+00 2.693065726757049561e+01
9.174999594688415527e+00 2.739766120910644531e+01
9.224999547004699707e+00 2.787088131904602051e+01
9.275000095367431641e+00 2.834861004352569580e+01
9.325000047683715820e+00 2.883116066455841064e+01
9.375000000000000000e+00 2.931883919239044189e+01
9.424999952316284180e+00 2.981143677234649658e+01
9.474999904632568359e+00 3.030981695652008057e+01
9.524999856948852539e+00 3.081322681903839111e+01
9.574999809265136719e+00 3.132241714000701904e+01
9.624999761581420898e+00 3.183532035350799561e+01
9.674999713897705078e+00 3.235428023338317871e+01
9.724999666213989258e+00 3.287828803062438965e+01
9.774999618530273438e+00 3.340814304351806641e+01
9.824999570846557617e+00 3.394252204895019531e+01
9.874999523162841797e+00 3.448240184783935547e+01
9.924999475479125977e+00 3.502692866325378418e+01
9.975000023841857910e+00 3.557659530639648438e+01
1.002500057220458984e+01 3.613173794746398926e+01
1.007499933242797852e+01 3.669160723686218262e+01
1.012500047683715820e+01 3.725702714920043945e+01
1.017499923706054688e+01 3.782738423347473145e+01
1.022500038146972656e+01 3.840214276313781738e+01
1.027499914169311523e+01 3.898236298561096191e+01
1.032500028610229492e+01 3.956837868690490723e+01
1.037499904632568359e+01 4.015916466712951660e+01
1.042500019073486328e+01 4.075540018081665039e+01
1.047499895095825195e+01 4.135727810859680176e+01
1.052500009536743164e+01 4.196347570419311523e+01
1.057499885559082031e+01 4.257515692710876465e+01
1.062500000000000000e+01 4.319258141517639160e+01
1.067499876022338867e+01 4.381538867950439453e+01
1.072499990463256836e+01 4.444519090652465820e+01
1.077499866485595703e+01 4.508067321777343750e+01
1.082499980926513672e+01 4.572121191024780273e+01
1.087499976158142090e+01 4.636638569831848145e+01
1.092499971389770508e+01 4.701758027076721191e+01
1.097500085830688477e+01 4.767473387718200684e+01
1.102499961853027344e+01 4.833775544166564941e+01
1.107500076293945312e+01 4.900608015060424805e+01
1.112499952316284180e+01 4.968059420585632324e+01
1.117500066757202148e+01 5.036045360565185547e+01
1.122499942779541016e+01 5.104761958122253418e+01
1.127500057220458984e+01 5.174114537239074707e+01
1.132499933242797852e+01 5.244003176689147949e+01
1.137500047683715820e+01 5.314566826820373535e+01
1.142499923706054688e+01 5.385745882987976074e+01
1.147500038146972656e+01 5.457460641860961914e+01
1.152499914169311523e+01 5.529849720001220703e+01
1.157500028610229492e+01 5.602867197990417480e+01
1.162499904632568359e+01 5.676530003547668457e+01
1.167500019073486328e+01 5.750923037528991699e+01
1.172499895095825195e+01 5.825835299491882324e+01
1.177500009536743164e+01 5.901337122917175293e+01
1.182499885559082031e+01 5.977601838111877441e+01
1.187500000000000000e+01 6.054490828514099121e+01
1.192499876022338867e+01 6.132066941261291504e+01
1.197499990463256836e+01 6.210211634635925293e+01
1.202499866485595703e+01 6.289011621475219727e+01
1.207499980926513672e+01 6.368504834175109863e+01
1.212499856948852539e+01 6.448599052429199219e+01
1.217499971389770508e+01 6.529405260086059570e+01
1.222500085830688477e+01 6.610837841033935547e+01
1.227499961853027344e+01 6.692976522445678711e+01
1.232500076293945312e+01 6.775671672821044922e+01
1.237499952316284180e+01 6.859110355377197266e+01
1.242500066757202148e+01 6.943316030502319336e+01
1.247499942779541016e+01 7.028102684020996094e+01
