2.499999944120645523e-02 0.000000000000000000e+00
7.499999832361936569e-02 0.000000000000000000e+00
1.249999925494194031e-01 0.000000000000000000e+00
1.750000007450580597e-01 0.000000000000000000e+00
2.249999903142452240e-01 0.000000000000000000e+00
2.749999985098838806e-01 0.000000000000000000e+00
3.249999880790710449e-01 0.000000000000000000e+00
3.750000149011611938e-01 0.000000000000000000e+00
4.249999672174453735e-01 0.000000000000000000e+00
4.749999940395355225e-01 0.000000000000000000e+00
5.249999836087226868e-01 0.000000000000000000e+00
5.749999731779098511e-01 0.000000000000000000e+00
6.250000000000000000e-01 0.000000000000000000e+00
6.749999523162841797e-01 0.000000000000000000e+00
7.249999791383743286e-01 0.000000000000000000e+00
7.750000059604644775e-01 0.000000000000000000e+00
8.249999582767486572e-01 0.000000000000000000e+00
8.749999850988388062e-01 0.000000000000000000e+00
9.250000119209289551e-01 0.000000000000000000e+00
9.749999642372131348e-01 0.000000000000000000e+00
1.024999916553497314e+00 0.000000000000000000e+00
1.075000017881393433e+00 0.000000000000000000e+00
1.124999970197677612e+00 0.000000000000000000e+00
1.174999922513961792e+00 0.000000000000000000e+00
1.225000023841857910e+00 0.000000000000000000e+00
1.274999976158142090e+00 0.000000000000000000e+00
1.324999928474426270e+00 0.000000000000000000e+00
1.374999880790710449e+00 0.000000000000000000e+00
1.424999982118606567e+00 0.000000000000000000e+00
1.474999934434890747e+00 0.000000000000000000e+00
1.525000035762786865e+00 0.000000000000000000e+00
1.574999988079071045e+00 0.000000000000000000e+00
1.624999940395355225e+00 0.000000000000000000e+00
1.674999892711639404e+00 0.000000000000000000e+00
1.724999994039535522e+00 0.000000000000000000e+00
1.774999946355819702e+00 0.000000000000000000e+00
1.825000047683715820e+00 0.000000000000000000e+00
1.875000000000000000e+00 0.000000000000000000e+00
1.924999952316284180e+00 0.000000000000000000e+00
1.974999904632568359e+00 0.000000000000000000e+00
2.024999856948852539e+00 0.000000000000000000e+00
2.074999958276748657e+00 0.000000000000000000e+00
2.124999910593032837e+00 0.000000000000000000e+00
2.175000011920928955e+00 0.000000000000000000e+00
2.224999964237213135e+00 0.000000000000000000e+00
2.274999916553497314e+00 0.000000000000000000e+00
2.324999868869781494e+00 0.000000000000000000e+00
2.374999970197677612e+00 2.786363620543852448e-05
2.424999922513961792e+00 8.234333436121232808e-04
2.475000023841857910e+00 1.966906525194644928e-02
2.524999976158142090e+00 1.724968701601028442e-01
2.574999928474426270e+00 7.553947977721691132e-01
2.624999880790710449e+00 1.976610995829105377e+00
2.674999833106994629e+00 3.485608816146850586e+00
2.724999785423278809e+00 4.654500246047973633e+00
2.775000035762786865e+00 5.037281453609466553e+00
2.824999988079071045e+00 4.687024414539337158e+00
2.874999940395355225e+00 3.902215093374252319e+00
2.924999892711639404e+00 3.074203670024871826e+00
2.974999845027923584e+00 2.285333007574081421e+00
3.025000095367431641e+00 1.672185830771923065e+00
3.075000047683715820e+00 1.206370018422603607e+00
3.125000000000000000e+00 8.771992325782775879e-01
3.174999952316284180e+00 6.393134407699108124e-01
3.224999904632568359e+00 4.825886823236942291e-01
3.274999856948852539e+00 3.687504474073648453e-01
3.324999809265136719e+00 3.028372041881084442e-01
3.374999761581420898e+00 2.567911623045802116e-01
3.425000011920928955e+00 2.269648490473628044e-01
3.474999964237213135e+00 2.119536101818084717e-01
3.524999916553497314e+00 2.054362855851650238e-01
3.574999868869781494e+00 2.020411379635334015e-01
3.624999821186065674e+00 2.106195781379938126e-01
3.675000071525573730e+00 2.193926898762583733e-01
3.725000023841857910e+00 2.339317454025149345e-01
3.774999976158142090e+00 2.505036666989326477e-01
3.824999928474426270e+00 2.693346161395311356e-01
3.874999880790710449e+00 2.939654439687728882e-01
3.924999833106994629e+00 3.155264593660831451e-01
3.974999785423278809e+00 3.450116291642189026e-01
4.024999737739562988e+00 3.764949049800634384e-01
4.074999988079071045e+00 4.073367659002542496e-01
4.124999940395355225e+00 4.434488154947757721e-01
4.174999892711639404e+00 4.782708976417779922e-01
4.224999845027923584e+00 5.245196186006069183e-01
4.274999797344207764e+00 5.653410106897354126e-01
4.325000047683715820e+00 6.210292950272560120e-01
4.375000000000000000e+00 6.699000447988510132e-01
4.424999952316284180e+00 7.338129058480262756e-01
4.474999904632568359e+00 7.906858026981353760e-01
4.524999856948852539e+00 8.509641177952289581e-01
4.574999809265136719e+00 9.030779786407947540e-01
4.624999761581420898e+00 9.435975104570388794e-01
4.675000011920928955e+00 9.859094806015491486e-01
4.724999964237213135e+00 1.015153992921113968e+00
4.774999916553497314e+00 1.038397826254367828e+00
4.824999868869781494e+00 1.049088217318058014e+00
4.874999821186065674e+00 1.065859720110893250e+00
4.924999773502349854e+00 1.066346265375614166e+00
4.975000023841857910e+00 1.069619156420230865e+00
5.024999976158142090e+00 1.065102480351924896e+00
5.074999928474426270e+00 1.057522952556610107e+00
5.124999880790710449e+00 1.055625796318054199e+00
5.174999833106994629e+00 1.043322861194610596e+00
5.224999785423278809e+00 1.026196241378784180e+00
5.274999737739562988e+00 1.017124097794294357e+00
5.324999690055847168e+00 9.975388385355472565e-01
5.374999642372131348e+00 9.764497280120849609e-01
5.425000190734863281e+00 9.637239053845405579e-01
5.475000143051147461e+00 9.462066926062107086e-01
5.525000095367431641e+00 9.276811219751834869e-01
5.575000047683715820e+00 9.181347526609897614e-01
5.625000000000000000e+00 9.049561880528926849e-01
5.674999952316284180e+00 8.987729921936988831e-01
5.724999904632568359e+00 8.961010240018367767e-01
5.774999856948852539e+00 8.904794678092002869e-01
5.824999809265136719e+00 8.926249817013740540e-01
5.874999761581420898e+00 8.935371860861778259e-01
5.924999713897705078e+00 8.918469548225402832e-01
5.974999666213989258e+00 8.954297825694084167e-01
6.024999618530273438e+00 9.031085483729839325e-01
6.074999570846557617e+00 9.041289202868938446e-01
6.125000119209289551e+00 9.090199396014213562e-01
6.175000071525573730e+00 9.107119701802730560e-01
6.225000023841857910e+00 9.189331233501434326e-01
6.274999976158142090e+00 9.223754629492759705e-01
6.324999928474426270e+00 9.313307553529739380e-01
6.374999880790710449e+00 9.392330273985862732e-01
6.424999833106994629e+00 9.427172206342220306e-01
6.474999785423278809e+00 9.588484913110733032e-01
6.524999737739562988e+00 9.683183729648590088e-01
6.574999690055847168e+00 9.763209223747253418e-01
6.624999642372131348e+00 9.849022775888442993e-01
6.674999594688415527e+00 9.984754696488380432e-01
6.725000143051147461e+00 1.007366437464952469e+00
6.775000095367431641e+00 1.019356310367584229e+00
6.825000047683715820e+00 1.030954942107200623e+00
6.875000000000000000e+00 1.040199533104896545e+00
6.924999952316284180e+00 1.043810009956359863e+00
6.974999904632568359e+00 1.049431324005126953e+00
7.024999856948852539e+00 1.058042950928211212e+00
7.074999809265136719e+00 1.066784203052520752e+00
7.124999761581420898e+00 1.067863717675209045e+00
7.174999713897705078e+00 1.065776348114013672e+00
7.224999666213989258e+00 1.066499412059783936e+00
7.274999618530273438e+00 1.068631738424301147e+00
7.324999570846557617e+00 1.067573703825473785e+00
7.374999523162841797e+00 1.066974140703678131e+00
7.425000071525573730e+00 1.063535444438457489e+00
7.475000023841857910e+00 1.060327924787998199e+00
7.524999976158142090e+00 1.055908009409904480e+00
7.574999928474426270e+00 1.052493460476398468e+00
7.624999880790710449e+00 1.046458862721920013e+00
7.674999833106994629e+00 1.042160049080848694e+00
7.724999785423278809e+00 1.037879794836044312e+00
7.774999737739562988e+00 1.033951036632061005e+00
7.824999690055847168e+00 1.028950333595275879e+00
7.874999642372131348e+00 1.026598848402500153e+00
7.924999594688415527e+00 1.026651941239833832e+00
7.974999547004699707e+00 1.023008607327938080e+00
8.025000095367431641e+00 1.018461756408214569e+00
8.075000047683715820e+00 1.017268233001232147e+00
8.125000000000000000e+00 1.018554039299488068e+00
8.174999952316284180e+00 1.018000196665525436e+00
8.224999904632568359e+00 1.017051957547664642e+00
8.274999856948852539e+00 1.014103401452302933e+00
8.324999809265136719e+00 1.018926948308944702e+00
8.374999761581420898e+00 1.017928168177604675e+00
8.424999713897705078e+00 1.017979912459850311e+00
8.474999666213989258e+00 1.020591914653778076e+00
8.524999618530273438e+00 1.019370667636394501e+00
8.574999570846557617e+00 1.021260939538478851e+00
8.624999523162841797e+00 1.019498266279697418e+00
8.675000071525573730e+00 1.024735249578952789e+00
8.725000023841857910e+00 1.020471677184104919e+00
8.774999976158142090e+00 1.025236144661903381e+00
8.824999928474426270e+00 1.022985711693763733e+00
8.874999880790710449e+00 1.025295943021774292e+00
8.924999833106994629e+00 1.027232877910137177e+00
8.974999785423278809e+00 1.025592662394046783e+00
9.024999737739562988e+00 1.028311833739280701e+00
9.074999690055847168e+00 1.024776197969913483e+00
9.124999642372131348e+00 1.028221152722835541e+00
9.174999594688415527e+00 1.026484400033950806e+00
9.224999547004699707e+00 1.029427453875541687e+00
9.275000095367431641e+00 1.026851847767829895e+00
9.325000047683715820e+00 1.024844259023666382e+00
9.375000000000000000e+00 1.024101488292217255e+00
9.424999952316284180e+00 1.025351695716381073e+00
9.474999904632568359e+00 1.024946123361587524e+00
9.524999856948852539e+00 1.022271171212196350e+00
9.574999809265136719e+00 1.021643601357936859e+00
9.624999761581420898e+00 1.018891461193561554e+00
9.674999713897705078e+00 1.018513657152652740e+00
9.724999666213989258e+00 1.016322843730449677e+00
9.774999618530273438e+00 1.016738265752792358e+00
9.824999570846557617e+00 1.013143647462129593e+00
9.874999523162841797e+00 1.013493023812770844e+00
9.924999475479125977e+00 1.009296424686908722e+00
9.975000023841857910e+00 1.005177073180675507e+00
1.002500057220458984e+01 1.004415847361087799e+00
1.007499933242797852e+01 1.003081616014242172e+00
1.012500047683715820e+01 1.000874500721693039e+00
1.017499923706054688e+01 9.997234940528869629e-01
1.022500038146972656e+01 9.975455664098262787e-01
1.027499914169311523e+01 9.945436716079711914e-01
1.032500028610229492e+01 9.941780567169189453e-01
1.037499904632568359e+01 9.959847107529640198e-01
1.042500019073486328e+01 9.954368285834789276e-01
1.047499895095825195e+01 9.956272244453430176e-01
1.052500009536743164e+01 9.946052916347980499e-01
1.057499885559082031e+01 9.939582385122776031e-01
1.062500000000000000e+01 9.926872849464416504e-01
1.067499876022338867e+01 9.935225956141948700e-01
1.072499990463256836e+01 9.906405732035636902e-01
1.077499866485595703e+01 9.914363585412502289e-01
1.082499980926513672e+01 9.898818433284759521e-01
1.087499976158142090e+01 9.927254952490329742e-01
1.092499971389770508e+01 9.909177273511886597e-01
1.097500085830688477e+01 9.910874888300895691e-01
1.102499961853027344e+01 9.914204813539981842e-01
1.107500076293945312e+01 9.922214262187480927e-01
1.112499952316284180e+01 9.927606843411922455e-01
1.117500066757202148e+01 9.916477017104625702e-01
1.122499942779541016e+01 9.923571683466434479e-01
1.127500057220458984e+01 9.942419491708278656e-01
1.132499933242797852e+01 9.928941018879413605e-01
1.137500047683715820e+01 9.930319339036941528e-01
1.142499923706054688e+01 9.918676353991031647e-01
1.147500038146972656e+01 9.944280646741390228e-01
1.152499914169311523e+01 9.935494922101497650e-01
1.157500028610229492e+01 9.937509223818778992e-01
1.162499904632568359e+01 9.947878271341323853e-01
1.167500019073486328e+01 9.942287802696228027e-01
1.172499895095825195e+01 9.947192035615444183e-01
1.177500009536743164e+01 9.942230321466922760e-01
1.182499885559082031e+01 9.962404519319534302e-01
1.187500000000000000e+01 9.955462478101253510e-01
1.192499876022338867e+01 9.947817437350749969e-01
1.197499990463256836e+01 9.959728457033634186e-01
1.202499866485595703e+01 9.946460947394371033e-01
1.207499980926513672e+01 9.968278780579566956e-01
1.212499856948852539e+01 9.946090914309024811e-01
1.217499971389770508e+01 9.956775717437267303e-01
1.222500085830688477e+01 9.952421374619007111e-01
1.227499961853027344e+01 9.952710717916488647e-01
1.232500076293945312e+01 9.938349910080432892e-01
1.237499952316284180e+01 9.950461387634277344e-01
1.242500066757202148e+01 9.953850619494915009e-01
1.247499942779541016e+01 9.979929625988006592e-01
