2.499999944120645523e-02 0.000000000000000000e+00
7.499999832361936569e-02 0.000000000000000000e+00
1.249999925494194031e-01 0.000000000000000000e+00
1.750000007450580597e-01 0.000000000000000000e+00
2.249999903142452240e-01 0.000000000000000000e+00
2.749999985098838806e-01 0.000000000000000000e+00
3.249999880790710449e-01 0.000000000000000000e+00
3.750000149011611938e-01 0.000000000000000000e+00
4.249999672174453735e-01 0.000000000000000000e+00
4.749999940395355225e-01 0.000000000000000000e+00
5.249999836087226868e-01 0.000000000000000000e+00
5.749999731779098511e-01 0.000000000000000000e+00
6.250000000000000000e-01 0.000000000000000000e+00
6.749999523162841797e-01 0.000000000000000000e+00
7.249999791383743286e-01 0.000000000000000000e+00
7.750000059604644775e-01 0.000000000000000000e+00
8.249999582767486572e-01 0.000000000000000000e+00
8.749999850988388062e-01 0.000000000000000000e+00
9.250000119209289551e-01 0.000000000000000000e+00
9.749999642372131348e-01 0.000000000000000000e+00
1.024999916553497314e+00 0.000000000000000000e+00
1.075000017881393433e+00 0.000000000000000000e+00
1.124999970197677612e+00 0.000000000000000000e+00
1.174999922513961792e+00 0.000000000000000000e+00
1.225000023841857910e+00 0.000000000000000000e+00
1.274999976158142090e+00 0.000000000000000000e+00
1.324999928474426270e+00 0.000000000000000000e+00
1.374999880790710449e+00 0.000000000000000000e+00
1.424999982118606567e+00 0.000000000000000000e+00
1.474999934434890747e+00 0.000000000000000000e+00
1.525000035762786865e+00 0.000000000000000000e+00
1.574999988079071045e+00 0.000000000000000000e+00
1.624999940395355225e+00 0.000000000000000000e+00
1.674999892711639404e+00 0.000000000000000000e+00
1.724999994039535522e+00 0.000000000000000000e+00
1.774999946355819702e+00 0.000000000000000000e+00
1.825000047683715820e+00 0.000000000000000000e+00
1.875000000000000000e+00 0.000000000000000000e+00
1.924999952316284180e+00 0.000000000000000000e+00
1.974999904632568359e+00 0.000000000000000000e+00
2.024999856948852539e+00 0.000000000000000000e+00
2.074999958276748657e+00 0.000000000000000000e+00
2.124999910593032837e+00 0.000000000000000000e+00
2.175000011920928955e+00 0.000000000000000000e+00
2.224999964237213135e+00 0.000000000000000000e+00
2.274999916553497314e+00 0.000000000000000000e+00
2.324999868869781494e+00 0.000000000000000000e+00
2.374999970197677612e+00 2.083333356495131738e-06
2.424999922513961792e+00 4.166666769833682338e-05
2.475000023841857910e+00 8.812500127532985061e-04
2.524999976158142090e+00 8.179166761692613363e-03
2.574999928474426270e+00 4.186041653156280518e-02
2.624999880790710449e+00 1.326999990269541740e-01
2.674999833106994629e+00 3.001250047236680984e-01
2.724999785423278809e+00 5.309786573052406311e-01
2.775000035762786865e+00 7.899031415581703186e-01
2.824999988079071045e+00 1.040259927511215210e+00
2.874999940395355225e+00 1.256699509918689728e+00
2.924999892711639404e+00 1.431884400546550751e+00
2.974999845027923584e+00 1.566942729055881500e+00
3.025000095367431641e+00 1.669591158628463745e+00
3.075000047683715820e+00 1.745375022292137146e+00
3.125000000000000000e+00 1.802096895873546600e+00
3.174999952316284180e+00 1.845205217599868774e+00
3.224999904632568359e+00 1.878772921860218048e+00
3.274999856948852539e+00 1.905560433864593506e+00
3.324999809265136719e+00 1.927893765270709991e+00
3.374999761581420898e+00 1.947217740118503571e+00
3.425000011920928955e+00 1.964802093803882599e+00
3.474999964237213135e+00 1.981832303106784821e+00
3.524999916553497314e+00 1.999016679823398590e+00
3.574999868869781494e+00 2.016560420393943787e+00
3.624999821186065674e+00 2.034834370017051697e+00
3.675000071525573730e+00 2.054653123021125793e+00
3.725000023841857910e+00 2.076126039028167725e+00
3.774999976158142090e+00 2.099626526236534119e+00
3.824999928474426270e+00 2.125816643238067627e+00
3.874999880790710449e+00 2.155135393142700195e+00
3.924999833106994629e+00 2.187318742275238037e+00
3.974999785423278809e+00 2.223533362150192261e+00
4.024999737739562988e+00 2.263932317495346069e+00
4.074999988079071045e+00 2.308746904134750366e+00
4.124999940395355225e+00 2.358791708946228027e+00
4.174999892711639404e+00 2.413992777466773987e+00
4.224999845027923584e+00 2.476226121187210083e+00
4.274999797344207764e+00 2.545564681291580200e+00
4.325000047683715820e+00 2.622701138257980347e+00
4.375000000000000000e+00 2.709007367491722107e+00
4.424999952316284180e+00 2.804254263639450073e+00
4.474999904632568359e+00 2.910268813371658325e+00
4.524999856948852539e+00 3.025948509573936462e+00
4.574999809265136719e+00 3.151892811059951782e+00
4.624999761581420898e+00 3.286994889378547668e+00
4.675000011920928955e+00 3.429935529828071594e+00
4.724999964237213135e+00 3.581259444355964661e+00
4.774999916553497314e+00 3.739256307482719421e+00
4.824999868869781494e+00 3.902326613664627075e+00
4.874999821186065674e+00 4.070341736078262329e+00
4.924999773502349854e+00 4.243230819702148438e+00
4.975000023841857910e+00 4.420744925737380981e+00
5.024999976158142090e+00 4.601849049329757690e+00
5.074999928474426270e+00 4.784830331802368164e+00
5.124999880790710449e+00 4.970050096511840820e+00
5.174999833106994629e+00 5.156929254531860352e+00
5.224999785423278809e+00 5.344487577676773071e+00
5.274999737739562988e+00 5.533563077449798584e+00
5.324999690055847168e+00 5.722854763269424438e+00
5.374999642372131348e+00 5.912124007940292358e+00
5.425000190734863281e+00 6.101011514663696289e+00
5.475000143051147461e+00 6.290476620197296143e+00
5.525000095367431641e+00 6.480585485696792603e+00
5.575000047683715820e+00 6.671677112579345703e+00
5.625000000000000000e+00 6.864146918058395386e+00
5.674999952316284180e+00 7.058921933174133301e+00
5.724999904632568359e+00 7.255669802427291870e+00
5.774999856948852539e+00 7.454620808362960815e+00
5.824999809265136719e+00 7.657603591680526733e+00
5.874999761581420898e+00 7.863190591335296631e+00
5.924999713897705078e+00 8.073823988437652588e+00
5.974999666213989258e+00 8.287828207015991211e+00
6.024999618530273438e+00 8.505836606025695801e+00
6.074999570846557617e+00 8.729448616504669189e+00
6.125000119209289551e+00 8.956429362297058105e+00
6.175000071525573730e+00 9.188442409038543701e+00
6.225000023841857910e+00 9.426414847373962402e+00
6.274999976158142090e+00 9.669903934001922607e+00
6.324999928474426270e+00 9.918851375579833984e+00
6.374999880790710449e+00 1.017489153146743774e+01
6.424999833106994629e+00 1.043546652793884277e+01
6.474999785423278809e+00 1.070280033349990845e+01
6.524999737739562988e+00 1.097777640819549561e+01
6.574999690055847168e+00 1.126064157485961914e+01
6.624999642372131348e+00 1.155085670948028564e+01
6.674999594688415527e+00 1.184827226400375366e+01
6.725000143051147461e+00 1.215351283550262451e+01
6.775000095367431641e+00 1.246644091606140137e+01
6.825000047683715820e+00 1.278717792034149170e+01
6.875000000000000000e+00 1.311590147018432617e+01
6.924999952316284180e+00 1.345233786106109619e+01
6.974999904632568359e+00 1.379583835601806641e+01
7.024999856948852539e+00 1.414623576402664185e+01
7.074999809265136719e+00 1.450300347805023193e+01
7.124999761581420898e+00 1.486534035205841064e+01
7.174999713897705078e+00 1.523383879661560059e+01
7.224999666213989258e+00 1.560872572660446167e+01
7.274999618530273438e+00 1.598921632766723633e+01
7.324999570846557617e+00 1.637270677089691162e+01
7.374999523162841797e+00 1.676149618625640869e+01
7.425000071525573730e+00 1.715413534641265869e+01
7.475000023841857910e+00 1.755124044418334961e+01
7.524999976158142090e+00 1.795201230049133301e+01
7.574999928474426270e+00 1.835597956180572510e+01
7.624999880790710449e+00 1.876319193840026855e+01
7.674999833106994629e+00 1.917322945594787598e+01
7.724999785423278809e+00 1.958750188350677490e+01
7.774999737739562988e+00 2.000695300102233887e+01
7.824999690055847168e+00 2.043008553981781006e+01
7.874999642372131348e+00 2.085621774196624756e+01
7.924999594688415527e+00 2.128820049762725830e+01
7.974999547004699707e+00 2.172350835800170898e+01
8.025000095367431641e+00 2.216440713405609131e+01
8.075000047683715820e+00 2.260836791992187500e+01
8.125000000000000000e+00 2.305907523632049561e+01
8.174999952316284180e+00 2.351551437377929688e+01
8.224999904632568359e+00 2.397668302059173584e+01
8.274999856948852539e+00 2.444404494762420654e+01
8.324999809265136719e+00 2.491477668285369873e+01
8.374999761581420898e+00 2.539307844638824463e+01
8.424999713897705078e+00 2.587629604339599609e+01
8.474999666213989258e+00 2.636463832855224609e+01
8.524999618530273438e+00 2.685948133468627930e+01
8.574999570846557617e+00 2.736062967777252197e+01
8.624999523162841797e+00 2.786792576313018799e+01
8.675000071525573730e+00 2.838210535049438477e+01
8.725000023841857910e+00 2.890171408653259277e+01
8.774999976158142090e+00 2.942878007888793945e+01
8.824999928474426270e+00 2.996166265010833740e+01
8.874999880790710449e+00 3.050118923187255859e+01
8.924999833106994629e+00 3.104775381088256836e+01
8.974999785423278809e+00 3.160029876232147217e+01
9.024999737739562988e+00 3.215931940078735352e+01
9.074999690055847168e+00 3.272281146049499512e+01
9.124999642372131348e+00 3.329485225677490234e+01
9.174999594688415527e+00 3.387402796745300293e+01
9.224999547004699707e+00 3.445858407020568848e+01
9.275000095367431641e+00 3.504871797561645508e+01
9.325000047683715820e+00 3.564498472213745117e+01
9.375000000000000000e+00 3.624646139144897461e+01
9.424999952316284180e+00 3.685670042037963867e+01
9.474999904632568359e+00 3.747070169448852539e+01
9.524999856948852539e+00 3.808985614776611328e+01
9.574999809265136719e+00 3.871554851531982422e+01
9.624999761581420898e+00 3.934742307662963867e+01
9.674999713897705078e+00 3.998342323303222656e+01
9.724999666213989258e+00 4.062570571899414062e+01
9.774999618530273438e+00 4.127237224578857422e+01
9.824999570846557617e+00 4.192465686798095703e+01
9.874999523162841797e+00 4.258279275894165039e+01
9.924999475479125977e+00 4.324745368957519531e+01
9.975000023841857910e+00 4.391520881652832031e+01
1.002500057220458984e+01 4.458731889724731445e+01
1.007499933242797852e+01 4.526552820205688477e+01
1.012500047683715820e+01 4.595032405853271484e+01
1.017499923706054688e+01 4.664082479476928711e+01
1.022500038146972656e+01 4.733716177940368652e+01
1.027499914169311523e+01 4.803951835632324219e+01
1.032500028610229492e+01 4.874751591682434082e+01
1.037499904632568359e+01 4.946294212341308594e+01
1.042500019073486328e+01 5.018431997299194336e+01
1.047499895095825195e+01 5.091341757774353027e+01
1.052500009536743164e+01 5.164863657951354980e+01
1.057499885559082031e+01 5.238944673538208008e+01
1.062500000000000000e+01 5.313739299774169922e+01
1.067499876022338867e+01 5.389106917381286621e+01
1.072499990463256836e+01 5.465339303016662598e+01
1.077499866485595703e+01 5.542231345176696777e+01
1.082499980926513672e+01 5.619879817962646484e+01
1.087499976158142090e+01 5.698241639137268066e+01
1.092499971389770508e+01 5.777245783805847168e+01
1.097500085830688477e+01 5.856877875328063965e+01
1.102499961853027344e+01 5.937494444847106934e+01
1.107500076293945312e+01 6.018803906440734863e+01
1.112499952316284180e+01 6.100661754608154297e+01
1.117500066757202148e+01 6.183475971221923828e+01
1.122499942779541016e+01 6.267032027244567871e+01
1.127500057220458984e+01 6.351292490959167480e+01
1.132499933242797852e+01 6.436407375335693359e+01
1.137500047683715820e+01 6.522330093383789062e+01
1.142499923706054688e+01 6.608928728103637695e+01
1.147500038146972656e+01 6.696354866027832031e+01
1.152499914169311523e+01 6.784538173675537109e+01
1.157500028610229492e+01 6.873412752151489258e+01
1.162499904632568359e+01 6.963112735748291016e+01
1.167500019073486328e+01 7.053825378417968750e+01
1.172499895095825195e+01 7.145191001892089844e+01
1.177500009536743164e+01 7.237314748764038086e+01
1.182499885559082031e+01 7.330436086654663086e+01
1.187500000000000000e+01 7.424407863616943359e+01
1.192499876022338867e+01 7.519100046157836914e+01
1.197499990463256836e+01 7.614652872085571289e+01
1.202499866485595703e+01 7.711004257202148438e+01
1.207499980926513672e+01 7.808069896697998047e+01
1.212499856948852539e+01 7.905898237228393555e+01
1.217499971389770508e+01 8.004664421081542969e+01
1.222500085830688477e+01 8.104301214218139648e+01
1.227499961853027344e+01 8.204874658584594727e+01
1.232500076293945312e+01 8.306264257431030273e+01
1.237499952316284180e+01 8.408259725570678711e+01
1.242500066757202148e+01 8.511087894439697266e+01
1.247499942779541016e+01 8.614872598648071289e+01
