1.528838080763816887e+00 1.472218422355684592e-02
1.528841264843940895e+00 1.212910809464120936e-02
1.528844448924064681e+00 1.576951485840409964e-02
1.528847633004188467e+00 7.820671618997265817e-02
1.528850817084312474e+00 1.187793592569875017e-01
1.528854001164436482e+00 3.429035617469137209e-01
1.528857185244560268e+00 6.684746679379891532e-01
1.528860369324684054e+00 1.479952370245327220e+00
1.528863553404808062e+00 2.808889551022824449e+00
1.528866737484932070e+00 5.067737571394935969e+00
1.528869921565055856e+00 9.147454374463283244e+00
1.528873105645179642e+00 1.532465360081786621e+01
1.528876289725303650e+00 2.544042700024300530e+01
1.528879473805427658e+00 3.952824924297249254e+01
1.528882657885551444e+00 5.974660199824798212e+01
1.528885841965675230e+00 9.034685688195715159e+01
1.528889026045799238e+00 1.279052743277570272e+02
1.528892210125923246e+00 1.820473106166523394e+02
1.528895394206047031e+00 2.512009337796123987e+02
1.528898578286170817e+00 3.354082737212640950e+02
1.528901762366294825e+00 4.444873201845849735e+02
1.528904946446418833e+00 5.788530407953248869e+02
1.528908130526542619e+00 7.425884559673828562e+02
1.528911314606666405e+00 9.317653204294379066e+02
1.528914498686790413e+00 1.135997530199005496e+03
1.528917682766914421e+00 1.369754761758787254e+03
1.528920866847038429e+00 1.633127581471766007e+03
1.528924050927162215e+00 1.918227107952262031e+03
1.528927235007286001e+00 2.220248776145503598e+03
1.528930419087410009e+00 2.543369476075522471e+03
1.528933603167534017e+00 2.881154835396904218e+03
1.528936787247657803e+00 3.226430858494479253e+03
1.528939971327781588e+00 3.604464546719176269e+03
1.528943155407905596e+00 3.977515907731887637e+03
1.528946339488029604e+00 4.378734780459503781e+03
1.528949523568153390e+00 4.768430575487720489e+03
1.528952707648277176e+00 5.166622449193851025e+03
1.528955891728401184e+00 5.583083125796548302e+03
1.528959075808525192e+00 5.986322799969480911e+03
1.528962259888648978e+00 6.375556481837098545e+03
1.528965443968772764e+00 6.789420689224768466e+03
1.528968628048896772e+00 7.158645470118119192e+03
1.528971812129020780e+00 7.524662343516080909e+03
1.528974996209144566e+00 7.892277061582120950e+03
1.528978180289268352e+00 8.188811869194500105e+03
1.528981364369392359e+00 8.493945016520301579e+03
1.528984548449516367e+00 8.767105066359794364e+03
1.528987732529640153e+00 8.978962351252324879e+03
1.528990916609763939e+00 9.162254086560829819e+03
1.528994100689887947e+00 9.300769182797865142e+03
1.528997284770011955e+00 9.382373323590196378e+03
1.529000468850135963e+00 9.411520786730243344e+03
1.529003652930259749e+00 9.372333885090050899e+03
1.529006837010383535e+00 9.265707949393519812e+03
1.529010021090507543e+00 9.114790922825677626e+03
1.529013205170631551e+00 8.911862810422055190e+03
1.529016389250755337e+00 8.683349745561432428e+03
1.529019573330879123e+00 8.394649313530617292e+03
1.529022757411003131e+00 8.097729973607007196e+03
1.529025941491127139e+00 7.757621201525489596e+03
1.529029125571250924e+00 7.414907807759574098e+03
1.529032309651374710e+00 7.055944433594738257e+03
1.529035493731498718e+00 6.658363796975674632e+03
1.529038677811622726e+00 6.256214953234643872e+03
1.529041861891746512e+00 5.871738021013215985e+03
1.529045045971870298e+00 5.440961992806674061e+03
1.529048230051994306e+00 5.051932185102858057e+03
1.529051414132118314e+00 4.637112018508442816e+03
1.529054598212242100e+00 4.233523424577499100e+03
1.529057782292365886e+00 3.866761510985130826e+03
1.529060966372489894e+00 3.483895162234181953e+03
1.529064150452613902e+00 3.108326145041367454e+03
1.529067334532737688e+00 2.763415749551465524e+03
1.529070518612861473e+00 2.439797573948365425e+03
1.529073702692985481e+00 2.118938736896224327e+03
1.529076886773109489e+00 1.816964665247160383e+03
1.529080070853233497e+00 1.547189017798122904e+03
1.529083254933357283e+00 1.300062156649541294e+03
1.529086439013481069e+00 1.063802360477244292e+03
1.529089623093605077e+00 8.696978174158255115e+02
1.529092807173729085e+00 6.853081447849529013e+02
1.529095991253852871e+00 5.331901996356785958e+02
1.529099175333976657e+00 4.069820059016325899e+02
1.529102359414100665e+00 3.060391862824974396e+02
1.529105543494224673e+00 2.262547328029015432e+02
1.529108727574348459e+00 1.637320097362373588e+02
1.529111911654472244e+00 1.150243202151644795e+02
1.529115095734596252e+00 7.998733212776532753e+01
1.529118279814720260e+00 5.325294842230417913e+01
1.529121463894844046e+00 3.500258001923744189e+01
1.529124647974967832e+00 2.199567372578959734e+01
1.529127832055091840e+00 1.295996356203856870e+01
1.529131016135215848e+00 7.729699095915704810e+00
1.529134200215339634e+00 4.348024203010250943e+00
1.529137384295463420e+00 2.497735955642521599e+00
1.529140568375587428e+00 1.397197524262783208e+00
1.529143752455711436e+00 6.514731173670785802e-01
1.529146936535835222e+00 3.498017060780326259e-01
1.529150120615959008e+00 1.984475179492713737e-01
1.529153304696083016e+00 6.263687176912953458e-02
