1.089840249419212315e+00 5.609396282307420496e-03
1.089843500256538311e+00 1.114801586948665525e-02
1.089846751093864530e+00 5.939592800809816164e-02
1.089850001931190526e+00 1.397853363496216472e-01
1.089853252768516523e+00 2.786576713487736723e-01
1.089856503605842519e+00 6.300089573522619224e-01
1.089859754443168516e+00 1.289868066630034615e+00
1.089863005280494734e+00 2.549486775928609283e+00
1.089866256117820731e+00 4.737313015653755954e+00
1.089869506955146727e+00 8.514187845178398106e+00
1.089872757792472946e+00 1.492355217193935957e+01
1.089876008629798942e+00 2.478864583194799209e+01
1.089879259467124939e+00 3.807599782204700745e+01
1.089882510304450935e+00 5.865089012977716720e+01
1.089885761141776932e+00 8.792400282111231036e+01
1.089889011979103151e+00 1.269940813780785334e+02
1.089892262816429147e+00 1.810934434267194604e+02
1.089895513653755144e+00 2.497699613393883169e+02
1.089898764491081362e+00 3.381562021486702747e+02
1.089902015328407359e+00 4.491847420461908769e+02
1.089905266165733355e+00 5.920256940507919126e+02
1.089908517003059352e+00 7.622211272752833793e+02
1.089911767840385348e+00 9.523092169851471454e+02
1.089915018677711567e+00 1.170082652201813289e+03
1.089918269515037563e+00 1.419591587413423440e+03
1.089921520352363560e+00 1.687433281188511501e+03
1.089924771189689556e+00 1.976333877766976684e+03
1.089928022027015775e+00 2.284228774274953594e+03
1.089931272864341771e+00 2.615327530806417599e+03
1.089934523701667768e+00 2.965923216893426343e+03
1.089937774538993764e+00 3.334884101745255066e+03
1.089941025376319761e+00 3.723588213396797983e+03
1.089944276213645979e+00 4.118510028942715508e+03
1.089947527050971976e+00 4.514942374811959780e+03
1.089950777888297972e+00 4.922385070052052470e+03
1.089954028725624191e+00 5.330207435645359510e+03
1.089957279562950188e+00 5.770482963542620382e+03
1.089960530400276184e+00 6.163248066476603526e+03
1.089963781237602181e+00 6.564441554092778460e+03
1.089967032074928177e+00 6.962224354869353192e+03
1.089970282912254396e+00 7.362847132922493984e+03
1.089973533749580392e+00 7.685789360603227578e+03
1.089976784586906389e+00 8.035850547871668823e+03
1.089980035424232607e+00 8.382809851191059352e+03
1.089983286261558604e+00 8.654049380899663447e+03
1.089986537098884600e+00 8.907051364158582146e+03
1.089989787936210597e+00 9.094400736484796653e+03
1.089993038773536593e+00 9.250563343161393277e+03
1.089996289610862812e+00 9.369281966290041964e+03
1.089999540448188808e+00 9.440324871156251902e+03
1.090002791285514805e+00 9.349185405958518459e+03
1.090006042122840801e+00 9.328795691825986069e+03
1.090009292960167020e+00 9.171619048038020992e+03
1.090012543797493016e+00 8.959397046045145544e+03
1.090015794634819013e+00 8.748442082426998240e+03
1.090019045472145010e+00 8.467863412230199174e+03
1.090022296309471006e+00 8.135557308032257424e+03
1.090025547146797225e+00 7.812060838450976007e+03
1.090028797984123221e+00 7.466078779216346447e+03
1.090032048821449218e+00 7.076652348832175448e+03
1.090035299658775436e+00 6.686800403647768690e+03
1.090038550496101433e+00 6.271458288278362488e+03
1.090041801333427429e+00 5.865310631052640019e+03
1.090045052170753426e+00 5.456880431189169940e+03
1.090048303008079422e+00 5.038541248612551499e+03
1.090051553845405641e+00 4.617154775961063024e+03
1.090054804682731637e+00 4.235700875848216128e+03
1.090058055520057634e+00 3.831620287599033418e+03
1.090061306357383852e+00 3.441799126309654184e+03
1.090064557194709849e+00 3.079447616132775693e+03
1.090067808032035845e+00 2.721290915435175521e+03
1.090071058869361842e+00 2.381282186859930334e+03
1.090074309706687838e+00 2.066372664586798237e+03
1.090077560544014057e+00 1.770365277078761437e+03
1.090080811381340054e+00 1.497677708536233695e+03
1.090084062218666050e+00 1.234024163200058410e+03
1.090087313055992047e+00 1.011744232877957302e+03
1.090090563893318265e+00 8.106806854951358901e+02
1.090093814730644262e+00 6.348471571927595960e+02
1.090097065567970258e+00 4.884187621919493267e+02
1.090100316405296255e+00 3.672550310987219859e+02
1.090103567242622251e+00 2.725307996271794195e+02
1.090106818079948470e+00 1.991985302768382837e+02
1.090110068917274466e+00 1.424698233977618429e+02
1.090113319754600463e+00 9.831271801865136695e+01
1.090116570591926681e+00 6.658406381712478606e+01
1.090119821429252678e+00 4.438939002799735789e+01
1.090123072266578674e+00 2.764193960362598190e+01
1.090126323103904671e+00 1.704265792107979749e+01
1.090129573941230667e+00 9.842320738946392922e+00
1.090132824778556886e+00 5.587346483306680156e+00
1.090136075615882882e+00 3.066440763702277472e+00
1.090139326453208879e+00 1.521014583563746081e+00
1.090142577290535097e+00 7.867029834299379409e-01
1.090145828127861094e+00 3.571546213543828618e-01
1.090149078965187091e+00 1.816435212337837168e-01
1.090152329802513087e+00 8.632088763187793778e-02
1.090155580639839084e+00 2.053791163363640968e-02
1.090158831477165302e+00 1.358201157116788399e-03
1.090162082314491299e+00 4.019181136935674747e-03
