1.409844655394554280e+00 1.920391623355440641e-02
1.409847791790962201e+00 8.033371906124178730e-02
1.409850928187370123e+00 2.264323493964562062e-01
1.409854064583778488e+00 4.135533605607565888e-01
1.409857200980186409e+00 8.419772487568480956e-01
1.409860337376594552e+00 1.591869558366311388e+00
1.409863473773002696e+00 2.760914612738509799e+00
1.409866610169410617e+00 5.056838026951582243e+00
1.409869746565818760e+00 8.920919050306297393e+00
1.409872882962226903e+00 1.474802401273096386e+01
1.409876019358634824e+00 2.404611441951645290e+01
1.409879155755043190e+00 3.837520741888028653e+01
1.409882292151451111e+00 5.844576896138819677e+01
1.409885428547859032e+00 8.594393882628230585e+01
1.409888564944267397e+00 1.212125316584107537e+02
1.409891701340675318e+00 1.704360211432950223e+02
1.409894837737083462e+00 2.332786988664292664e+02
1.409897974133491605e+00 3.120434485629929213e+02
1.409901110529899526e+00 4.170753888948854069e+02
1.409904246926307669e+00 5.467340702380568018e+02
1.409907383322715813e+00 6.961807946157118749e+02
1.409910519719123734e+00 8.793346074643854990e+02
1.409913656115532099e+00 1.073507140000340314e+03
1.409916792511940020e+00 1.303466621003655064e+03
1.409919928908347941e+00 1.551484205082922017e+03
1.409923065304756307e+00 1.828016351938642629e+03
1.409926201701164228e+00 2.113422341759506708e+03
1.409929338097572149e+00 2.425225929330247254e+03
1.409932474493980514e+00 2.745912747411528471e+03
1.409935610890388435e+00 3.093213636122166918e+03
1.409938747286796579e+00 3.449093616666405978e+03
1.409941883683204722e+00 3.826089447697661399e+03
1.409945020079612643e+00 4.201974136998775066e+03
1.409948156476020786e+00 4.600538437090463958e+03
1.409951292872428930e+00 4.987067746963251921e+03
1.409954429268836851e+00 5.397596418398018614e+03
1.409957565665245216e+00 5.769631495541751065e+03
1.409960702061653137e+00 6.186090645428391326e+03
1.409963838458061058e+00 6.546223408152376578e+03
1.409966974854469424e+00 6.961550489828244281e+03
1.409970111250877345e+00 7.335491927376581771e+03
1.409973247647285488e+00 7.678717098403758428e+03
1.409976384043693631e+00 8.014573492991580679e+03
1.409979520440101552e+00 8.343602000808437879e+03
1.409982656836509696e+00 8.615016838621550050e+03
1.409985793232917839e+00 8.855041873706093611e+03
1.409988929629325760e+00 9.037632870425944930e+03
1.409992066025734125e+00 9.205046453369008304e+03
1.409995202422142047e+00 9.354358814910418005e+03
1.409998338818549968e+00 9.390981457640682493e+03
1.410001475214958333e+00 9.409819673858866736e+03
1.410004611611366254e+00 9.355609869637204611e+03
1.410007748007774175e+00 9.223759434493578738e+03
1.410010884404182541e+00 9.053879912809314192e+03
1.410014020800590462e+00 8.851657860720313693e+03
1.410017157196998605e+00 8.601831953307826552e+03
1.410020293593406748e+00 8.363075126003188416e+03
1.410023429989814669e+00 8.018367941378724936e+03
1.410026566386222813e+00 7.701981147855988638e+03
1.410029702782630956e+00 7.347589625744507430e+03
1.410032839179038877e+00 6.995962890337022145e+03
1.410035975575447242e+00 6.593651591635519253e+03
1.410039111971855164e+00 6.208208300796327421e+03
1.410042248368263085e+00 5.806835154467587017e+03
1.410045384764671450e+00 5.416775932063352229e+03
1.410048521161079371e+00 5.013453556965400821e+03
1.410051657557487514e+00 4.638865292007433709e+03
1.410054793953895658e+00 4.216658313719596663e+03
1.410057930350303579e+00 3.849348089264875398e+03
1.410061066746711722e+00 3.463239440803748948e+03
1.410064203143119865e+00 3.124940898603517326e+03
1.410067339539527786e+00 2.773773775184355145e+03
1.410070475935936152e+00 2.442628976017547302e+03
1.410073612332344073e+00 2.126268106899174199e+03
1.410076748728751994e+00 1.844443227380344297e+03
1.410079885125160359e+00 1.567403675663696276e+03
1.410083021521568281e+00 1.319799816458335954e+03
1.410086157917976202e+00 1.099389697932427225e+03
1.410089294314384567e+00 8.928542790405959977e+02
1.410092430710792488e+00 7.079605321433830341e+02
1.410095567107200631e+00 5.561900510580162518e+02
1.410098703503608775e+00 4.293189811100241400e+02
1.410101839900016696e+00 3.236047558661290395e+02
1.410104976296424839e+00 2.413954939899779504e+02
1.410108112692832982e+00 1.757456626545579752e+02
1.410111249089240903e+00 1.253939034705974223e+02
1.410114385485649269e+00 8.677480509202432302e+01
1.410117521882057190e+00 5.944120968226521740e+01
1.410120658278465111e+00 3.967380914948083870e+01
1.410123794674873476e+00 2.503682790735882335e+01
1.410126931071281398e+00 1.603361726344412830e+01
1.410130067467689541e+00 9.294964766088714470e+00
1.410133203864097684e+00 5.467116368259277159e+00
1.410136340260505605e+00 3.041323097101199302e+00
1.410139476656913748e+00 1.642513087173144148e+00
1.410142613053321892e+00 8.078614328834906599e-01
1.410145749449729813e+00 3.152979734139723100e-01
1.410148885846138178e+00 2.547284395515145294e-01
1.410152022242546099e+00 7.337679668526261856e-02
1.410155158638954020e+00 4.506776082005155976e-02
