9.448448339104652538e-01 1.922008038461036142e-02
9.448480364680290622e-01 4.786829350586779136e-02
9.448512390255927595e-01 1.841851177494921721e-01
9.448544415831565679e-01 3.680660102037168757e-01
9.448576441407203763e-01 9.044499379190631405e-01
9.448608466982841847e-01 1.778454304095331562e+00
9.448640492558479931e-01 3.075706312329252956e+00
9.448672518134116904e-01 5.857741973307721395e+00
9.448704543709754988e-01 9.469621536630242531e+00
9.448736569285393072e-01 1.718611559300838110e+01
9.448768594861030046e-01 2.727527045421048868e+01
9.448800620436668130e-01 4.277524924395527961e+01
9.448832646012306213e-01 6.602305918909996763e+01
9.448864671587944297e-01 9.775769807249649546e+01
9.448896697163582381e-01 1.383337149626840130e+02
9.448928722739219355e-01 1.927762147132330881e+02
9.448960748314857439e-01 2.630354596726610339e+02
9.448992773890495522e-01 3.528148352640853318e+02
9.449024799466132496e-01 4.685619164208535494e+02
9.449056825041770580e-01 6.104230003903904844e+02
9.449088850617408664e-01 7.744749911533014028e+02
9.449120876193046747e-01 9.679529294119301994e+02
9.449152901768684831e-01 1.181962944517876167e+03
9.449184927344321805e-01 1.427313967146580126e+03
9.449216952919959889e-01 1.695174948969521438e+03
9.449248978495597973e-01 1.983655786585781016e+03
9.449281004071236056e-01 2.285578782144489196e+03
9.449313029646873030e-01 2.620056779044656651e+03
9.449345055222511114e-01 2.963444616847586076e+03
9.449377080798149198e-01 3.329020611396710137e+03
9.449409106373787282e-01 3.696573766004359641e+03
9.449441131949425365e-01 4.069396046327200565e+03
9.449473157525062339e-01 4.487573753911869971e+03
9.449505183100700423e-01 4.895713188475576317e+03
9.449537208676338507e-01 5.284872316520668392e+03
9.449569234251975480e-01 5.694406296215373914e+03
9.449601259827613564e-01 6.113742067351036894e+03
9.449633285403251648e-01 6.510446338219558129e+03
9.449665310978889732e-01 6.902643897066207501e+03
9.449697336554527816e-01 7.289518463935666659e+03
9.449729362130164789e-01 7.660330442945401956e+03
9.449761387705802873e-01 7.990800520351696832e+03
9.449793413281440957e-01 8.319329736412204511e+03
9.449825438857077931e-01 8.571118916755443934e+03
9.449857464432716014e-01 8.852465784279513173e+03
9.449889490008354098e-01 9.057535918545088862e+03
9.449921515583992182e-01 9.237641038934396420e+03
9.449953541159630266e-01 9.316969510942832130e+03
9.449985566735267239e-01 9.393940402702031861e+03
9.450017592310905323e-01 9.395267090640167226e+03
9.450049617886543407e-01 9.324771997599069437e+03
9.450081643462181491e-01 9.216674682255059452e+03
9.450113669037818465e-01 9.044181530361203841e+03
9.450145694613456548e-01 8.820086605305967169e+03
9.450177720189094632e-01 8.578116427737020786e+03
9.450209745764732716e-01 8.280808235076490746e+03
9.450241771340370800e-01 7.969020957787079169e+03
9.450273796916007774e-01 7.629741137253352463e+03
9.450305822491645857e-01 7.246682878062976670e+03
9.450337848067283941e-01 6.865306684117812438e+03
9.450369873642920915e-01 6.491854860149240267e+03
9.450401899218558999e-01 6.091476258259660426e+03
9.450433924794197083e-01 5.684385287557113770e+03
9.450465950369835166e-01 5.268014706397450936e+03
9.450497975945473250e-01 4.866535691432891326e+03
9.450530001521110224e-01 4.446196221606826839e+03
9.450562027096748308e-01 4.061286302867851646e+03
9.450594052672386391e-01 3.677754325524613250e+03
9.450626078248023365e-01 3.301396550279081566e+03
9.450658103823661449e-01 2.942915521466318296e+03
9.450690129399299533e-01 2.598562264747843983e+03
9.450722154974937617e-01 2.278968155885581837e+03
9.450754180550575700e-01 1.965440088099567220e+03
9.450786206126212674e-01 1.667678177085641892e+03
9.450818231701850758e-01 1.410240752653931168e+03
9.450850257277488842e-01 1.169194089516513714e+03
9.450882282853126926e-01 9.476952533648519648e+02
9.450914308428763899e-01 7.638847278793198257e+02
9.450946334004401983e-01 5.971813748571521501e+02
9.450978359580040067e-01 4.615874361195420761e+02
9.451010385155678151e-01 3.496007798523096426e+02
9.451042410731316235e-01 2.570886588971994229e+02
9.451074436306953208e-01 1.878789031433957746e+02
9.451106461882591292e-01 1.361369348409746465e+02
9.451138487458229376e-01 9.338859879188208879e+01
9.451170513033866349e-01 6.381823925476513892e+01
9.451202538609504433e-01 4.146789985455415462e+01
9.451234564185142517e-01 2.643600405937493747e+01
9.451266589760780601e-01 1.614378979878852505e+01
9.451298615336418685e-01 9.354542295337759938e+00
9.451330640912055658e-01 5.812478710418240269e+00
9.451362666487693742e-01 2.936611361328288705e+00
9.451394692063331826e-01 1.635484346654457299e+00
9.451426717638968800e-01 8.883685894579568254e-01
9.451458743214606883e-01 3.839773591617925419e-01
9.451490768790244967e-01 2.149743383147402209e-01
9.451522794365883051e-01 1.000047513109795505e-01
9.451554819941521135e-01 2.580352066123590624e-02
9.451586845517158109e-01 1.541790824429833257e-02
9.451618871092796192e-01 1.513339950313083437e-02
