1.528845306634902812e+00 2.295834165286703143e-02
1.528848398923873919e+00 4.809304473972928623e-02
1.528851491212845026e+00 1.720936349143017408e-01
1.528854583501815689e+00 4.269684170716478433e-01
1.528857675790786796e+00 6.524471309210644332e-01
1.528860768079757682e+00 1.605691102259172220e+00
1.528863860368728567e+00 2.812860735620286157e+00
1.528866952657699674e+00 5.149263498629672142e+00
1.528870044946670559e+00 8.857792467015727311e+00
1.528873137235641444e+00 1.505235816858271747e+01
1.528876229524612551e+00 2.540251897588562713e+01
1.528879321813583214e+00 3.965857815942685960e+01
1.528882414102554321e+00 5.938313513858160775e+01
1.528885506391525428e+00 8.646667715692230161e+01
1.528888598680496091e+00 1.242903850692697461e+02
1.528891690969467199e+00 1.705948311073975106e+02
1.528894783258438084e+00 2.325175421112626282e+02
1.528897875547408969e+00 3.152803695199321510e+02
1.528900967836380076e+00 4.162257014712853334e+02
1.528904060125350961e+00 5.367473883831133890e+02
1.528907152414321846e+00 6.873551931529013928e+02
1.528910244703292953e+00 8.642051218293734109e+02
1.528913336992263616e+00 1.066183425274707133e+03
1.528916429281234723e+00 1.274805754708819222e+03
1.528919521570205831e+00 1.511319246087378588e+03
1.528922613859176494e+00 1.784454139454349161e+03
1.528925706148147601e+00 2.067054619393308258e+03
1.528928798437118708e+00 2.368502387702274973e+03
1.528931890726089371e+00 2.699928374297865048e+03
1.528934983015060478e+00 3.033523368721441329e+03
1.528938075304031363e+00 3.383773485706119118e+03
1.528941167593002248e+00 3.740829051845841605e+03
1.528944259881973355e+00 4.101063633603803282e+03
1.528947352170944241e+00 4.492819905915753225e+03
1.528950444459915126e+00 4.889334727375005968e+03
1.528953536748886233e+00 5.275757005223415035e+03
1.528956629037856896e+00 5.679063520358167807e+03
1.528959721326828003e+00 6.058942435687771649e+03
1.528962813615799110e+00 6.461667603426660207e+03
1.528965905904769773e+00 6.836949471013348557e+03
1.528968998193740880e+00 7.179757491355370803e+03
1.528972090482711765e+00 7.540420548301238341e+03
1.528975182771682650e+00 7.903357092730168006e+03
1.528978275060653758e+00 8.209086532106877712e+03
1.528981367349624643e+00 8.502630312017756296e+03
1.528984459638595528e+00 8.759179767668942077e+03
1.528987551927566635e+00 8.955207840634404420e+03
1.528990644216537298e+00 9.140067404357638225e+03
1.528993736505508405e+00 9.295383267334196717e+03
1.528996828794479512e+00 9.368583282317997146e+03
1.528999921083450175e+00 9.412793050641275840e+03
1.529003013372421282e+00 9.381493463587157748e+03
1.529006105661392390e+00 9.324454969545147833e+03
1.529009197950363053e+00 9.172267245751439987e+03
1.529012290239334160e+00 8.954733823542619575e+03
1.529015382528305045e+00 8.744756622046872508e+03
1.529018474817275930e+00 8.508413755929426770e+03
1.529021567106247037e+00 8.243736554822347898e+03
1.529024659395217922e+00 7.898798722991621617e+03
1.529027751684188807e+00 7.551390216709110064e+03
1.529030843973159914e+00 7.218669613149244469e+03
1.529033936262130577e+00 6.856456502190341780e+03
1.529037028551101685e+00 6.471162252467831422e+03
1.529040120840072792e+00 6.081102119703890821e+03
1.529043213129043455e+00 5.684123774704873540e+03
1.529046305418014562e+00 5.282418620913592349e+03
1.529049397706985447e+00 4.913387759073808411e+03
1.529052489995956332e+00 4.502364649287373140e+03
1.529055582284927439e+00 4.128819216443420373e+03
1.529058674573898324e+00 3.768475220690008427e+03
1.529061766862869209e+00 3.386163376969769615e+03
1.529064859151840317e+00 3.035796063365433383e+03
1.529067951440810980e+00 2.696176794016351323e+03
1.529071043729782087e+00 2.389579245736410940e+03
1.529074136018753194e+00 2.078443904276810372e+03
1.529077228307723857e+00 1.789034050231771289e+03
1.529080320596694964e+00 1.524094818490809985e+03
1.529083412885666071e+00 1.278415270702327234e+03
1.529086505174636734e+00 1.064672910561961999e+03
1.529089597463607841e+00 8.746637132004834712e+02
1.529092689752578726e+00 6.943145405215938126e+02
1.529095782041549612e+00 5.472721528264736435e+02
1.529098874330520719e+00 4.185713089113361320e+02
1.529101966619491604e+00 3.158446169805171166e+02
1.529105058908462489e+00 2.368371383038235649e+02
1.529108151197433596e+00 1.731238443921766077e+02
1.529111243486404259e+00 1.250184468490785292e+02
1.529114335775375366e+00 8.816925828920970787e+01
1.529117428064346473e+00 5.921093883441936612e+01
1.529120520353317136e+00 3.960743820571438789e+01
1.529123612642288244e+00 2.601817292925584724e+01
1.529126704931259129e+00 1.661110679611782004e+01
1.529129797220230014e+00 9.504757527704979836e+00
1.529132889509201121e+00 5.406177025045364459e+00
1.529135981798172006e+00 2.883061003941663092e+00
1.529139074087142891e+00 1.826904873362960036e+00
1.529142166376113998e+00 7.936259976272531658e-01
1.529145258665084661e+00 3.991670863595117025e-01
1.529148350954055768e+00 1.998056302226441650e-01
1.529151443243026876e+00 7.246729869653731337e-02
