1.089842603802680943e+00 1.425593104605428658e-02
1.089845795035362164e+00 3.231895794553979462e-02
1.089848986268043607e+00 8.289589357818311077e-02
1.089852177500724828e+00 2.047484145696148727e-01
1.089855368733406049e+00 4.613004835511449464e-01
1.089858559966087270e+00 9.240362055842012978e-01
1.089861751198768491e+00 2.065188110867803406e+00
1.089864942431449935e+00 3.760889512793474054e+00
1.089868133664131156e+00 6.434033899922539490e+00
1.089871324896812377e+00 1.153669592395030641e+01
1.089874516129493820e+00 1.891244387656054116e+01
1.089877707362175041e+00 3.098719489443346831e+01
1.089880898594856262e+00 4.759866779615831689e+01
1.089884089827537483e+00 7.219407135291592681e+01
1.089887281060218704e+00 1.042698324440746802e+02
1.089890472292900148e+00 1.496348336664445924e+02
1.089893663525581369e+00 2.073047925307330388e+02
1.089896854758262590e+00 2.836836072874127126e+02
1.089900045990944033e+00 3.790863130854784799e+02
1.089903237223625254e+00 5.024144925699667397e+02
1.089906428456306475e+00 6.495766490137541496e+02
1.089909619688987696e+00 8.214835827476239274e+02
1.089912810921668918e+00 1.019660786418222983e+03
1.089916002154350361e+00 1.241123444815362518e+03
1.089919193387031582e+00 1.493612341275026438e+03
1.089922384619712803e+00 1.760042290533547884e+03
1.089925575852394024e+00 2.049685458552919499e+03
1.089928767085075467e+00 2.357036619444651024e+03
1.089931958317756688e+00 2.692147494594218188e+03
1.089935149550437909e+00 3.043971139902494087e+03
1.089938340783119131e+00 3.405661593042695131e+03
1.089941532015800352e+00 3.780665408352493614e+03
1.089944723248481795e+00 4.178177559573435246e+03
1.089947914481163016e+00 4.568021981132148539e+03
1.089951105713844237e+00 4.971829194004306373e+03
1.089954296946525680e+00 5.376016318014699209e+03
1.089957488179206901e+00 5.792708952285996020e+03
1.089960679411888123e+00 6.175851936819787625e+03
1.089963870644569344e+00 6.570605503363985918e+03
1.089967061877250565e+00 6.972650223715436368e+03
1.089970253109932008e+00 7.355108378776189056e+03
1.089973444342613229e+00 7.685557400676947509e+03
1.089976635575294450e+00 8.025886919946990020e+03
1.089979826807975893e+00 8.360239362684880689e+03
1.089983018040657115e+00 8.621459615731346275e+03
1.089986209273338336e+00 8.874379551070192974e+03
1.089989400506019557e+00 9.072752884240582716e+03
1.089992591738700778e+00 9.213044777007062294e+03
1.089995782971382221e+00 9.339650763382382138e+03
1.089998974204063442e+00 9.413369127362704603e+03
1.090002165436744663e+00 9.373414120526544139e+03
1.090005356669425884e+00 9.344517943544467926e+03
1.090008547902107328e+00 9.220502847326684787e+03
1.090011739134788549e+00 9.003457965358606089e+03
1.090014930367469770e+00 8.813248465964719799e+03
1.090018121600150991e+00 8.553225934796755610e+03
1.090021312832832212e+00 8.252516100115246445e+03
1.090024504065513655e+00 7.934114988554936645e+03
1.090027695298194876e+00 7.596036743746778484e+03
1.090030886530876097e+00 7.216114659028970891e+03
1.090034077763557541e+00 6.847899505841905921e+03
1.090037268996238762e+00 6.443642572747456143e+03
1.090040460228919983e+00 6.032661648026048169e+03
1.090043651461601204e+00 5.643620687440866277e+03
1.090046842694282425e+00 5.235138059582612186e+03
1.090050033926963868e+00 4.819423207759750767e+03
1.090053225159645089e+00 4.437003562863932530e+03
1.090056416392326311e+00 4.029498912119547185e+03
1.090059607625007754e+00 3.646147471547956229e+03
1.090062798857688975e+00 3.275569399211868586e+03
1.090065990090370196e+00 2.917224559986546410e+03
1.090069181323051417e+00 2.576985138831007589e+03
1.090072372555732638e+00 2.242742849481477151e+03
1.090075563788414081e+00 1.943336644664576625e+03
1.090078755021095303e+00 1.666548521776169082e+03
1.090081946253776524e+00 1.400709362074476530e+03
1.090085137486457745e+00 1.160174667892654497e+03
1.090088328719139188e+00 9.458065551307344094e+02
1.090091519951820409e+00 7.549315436105597428e+02
1.090094711184501630e+00 5.947419015358125307e+02
1.090097902417182851e+00 4.548631295347561263e+02
1.090101093649864072e+00 3.441407689568551973e+02
1.090104284882545516e+00 2.537957870293473945e+02
1.090107476115226737e+00 1.856504932429735959e+02
1.090110667347907958e+00 1.325403424112157325e+02
1.090113858580589401e+00 9.123391597516959450e+01
1.090117049813270622e+00 6.257859515755733071e+01
1.090120241045951843e+00 4.160366923284745866e+01
1.090123432278633064e+00 2.622459330086541129e+01
1.090126623511314286e+00 1.643973042764091019e+01
1.090129814743995729e+00 9.741689277613502895e+00
1.090133005976676950e+00 5.332432638485165022e+00
1.090136197209358171e+00 2.825051305534713730e+00
1.090139388442039614e+00 1.616894653859742848e+00
1.090142579674720835e+00 7.298909234007651126e-01
1.090145770907402056e+00 4.250755558833875236e-01
1.090148962140083277e+00 1.555419091249369556e-01
1.090152153372764499e+00 4.934114357768321774e-02
1.090155344605445942e+00 1.860670293574315584e-02
1.090158535838127163e+00 7.117425555808083726e-03
