1.409843245744705209e+00 1.782485358242409321e-02
1.409846423864364651e+00 3.179759293609455556e-02
1.409849601984024092e+00 1.029965641353329797e-01
1.409852780103683534e+00 2.202511277837809200e-01
1.409855958223342975e+00 5.858335721885921110e-01
1.409859136343002417e+00 1.320978519568994258e+00
1.409862314462661637e+00 2.384122626336044881e+00
1.409865492582321078e+00 4.305398352465336309e+00
1.409868670701980520e+00 6.899184574244273449e+00
1.409871848821639961e+00 1.208315048533020963e+01
1.409875026941299403e+00 2.042820636988569660e+01
1.409878205060958845e+00 3.279059856062472988e+01
1.409881383180618286e+00 5.086545342852131313e+01
1.409884561300277728e+00 7.731643664612850841e+01
1.409887739419937169e+00 1.114469189959877866e+02
1.409890917539596611e+00 1.570996275149016128e+02
1.409894095659256052e+00 2.178914348778684200e+02
1.409897273778915494e+00 2.965167393414390062e+02
1.409900451898574936e+00 3.961845649950499819e+02
1.409903630018234155e+00 5.234433541190488768e+02
1.409906808137893597e+00 6.681254626213943766e+02
1.409909986257553038e+00 8.410884237913726338e+02
1.409913164377212480e+00 1.043882202562177326e+03
1.409916342496871922e+00 1.273774039928223601e+03
1.409919520616531363e+00 1.520396160353134974e+03
1.409922698736190805e+00 1.791700119320801832e+03
1.409925876855850246e+00 2.060323494319801284e+03
1.409929054975509688e+00 2.395255347414966309e+03
1.409932233095169130e+00 2.716330918767722324e+03
1.409935411214828571e+00 3.085063695195507989e+03
1.409938589334488013e+00 3.428796278878456178e+03
1.409941767454147232e+00 3.793733415007620806e+03
1.409944945573806674e+00 4.183503313515047012e+03
1.409948123693466115e+00 4.593585299243884037e+03
1.409951301813125557e+00 4.988431392847738607e+03
1.409954479932784999e+00 5.392269517343267580e+03
1.409957658052444440e+00 5.788525647825268607e+03
1.409960836172103882e+00 6.199940885433490621e+03
1.409964014291763323e+00 6.585597324867335374e+03
1.409967192411422765e+00 6.984232662632257416e+03
1.409970370531082207e+00 7.365965657273970464e+03
1.409973548650741648e+00 7.727608916562167906e+03
1.409976726770401090e+00 8.052237718648378177e+03
1.409979904890060531e+00 8.359107482119692577e+03
1.409983083009719751e+00 8.644002088612831358e+03
1.409986261129379193e+00 8.881595072452890236e+03
1.409989439249038634e+00 9.073564011087233666e+03
1.409992617368698076e+00 9.228254649090917155e+03
1.409995795488357517e+00 9.379424097537163107e+03
1.409998973608016959e+00 9.398382628641280462e+03
1.410002151727676400e+00 9.421077228092828591e+03
1.410005329847335842e+00 9.316787661105467123e+03
1.410008507966995284e+00 9.171405409902197789e+03
1.410011686086654725e+00 8.996957274022772253e+03
1.410014864206314167e+00 8.807013658485344422e+03
1.410018042325973608e+00 8.528018292856566404e+03
1.410021220445632828e+00 8.287161138709871011e+03
1.410024398565292270e+00 7.921373281278622926e+03
1.410027576684951711e+00 7.621969140469031117e+03
1.410030754804611153e+00 7.226031123984089390e+03
1.410033932924270594e+00 6.851505554785718232e+03
1.410037111043930036e+00 6.454693005774704943e+03
1.410040289163589478e+00 6.074964443359080178e+03
1.410043467283248919e+00 5.644694120147985814e+03
1.410046645402908361e+00 5.272053597162022925e+03
1.410049823522567802e+00 4.837423122172716830e+03
1.410053001642227244e+00 4.449906195348760775e+03
1.410056179761886685e+00 4.049561688908627730e+03
1.410059357881546127e+00 3.673291272790344010e+03
1.410062536001205347e+00 3.311362390695466274e+03
1.410065714120864788e+00 2.951909598369783907e+03
1.410068892240524230e+00 2.618934211391042481e+03
1.410072070360183671e+00 2.285920667439643239e+03
1.410075248479843113e+00 1.985195189945520497e+03
1.410078426599502555e+00 1.692859047183566418e+03
1.410081604719161996e+00 1.429270440136137495e+03
1.410084782838821438e+00 1.187042819002431997e+03
1.410087960958480879e+00 9.718343251498897644e+02
1.410091139078140321e+00 7.800801157250502911e+02
1.410094317197799763e+00 6.158105656222838888e+02
1.410097495317459204e+00 4.706819173757442059e+02
1.410100673437118424e+00 3.583928728727861994e+02
1.410103851556777865e+00 2.654038799577735404e+02
1.410107029676437307e+00 1.928188669748074062e+02
1.410110207796096748e+00 1.397821251578822626e+02
1.410113385915756190e+00 9.903307331265224889e+01
1.410116564035415632e+00 6.733141000948766930e+01
1.410119742155075073e+00 4.362161767455340566e+01
1.410122920274734515e+00 2.782160872398713991e+01
1.410126098394393956e+00 1.790558989706824633e+01
1.410129276514053398e+00 1.021640490942075630e+01
1.410132454633712840e+00 5.801839589942144215e+00
1.410135632753372281e+00 3.404565598116414904e+00
1.410138810873031723e+00 1.677335226223085618e+00
1.410141988992690942e+00 1.042923587519820838e+00
1.410145167112350384e+00 5.028153515346946989e-01
1.410148345232009826e+00 1.128967709569032862e-01
1.410151523351669267e+00 3.863891188575824254e-02
1.410154701471328709e+00 2.964607387133230687e-02
1.410157879590988150e+00 1.749124971813251217e-02
