9.308175623416901079e-01 5.550629025015117417e-06
9.341515243053435391e-01 7.101606970708901768e-06
9.374854862689971924e-01 9.925642726013555572e-06
9.408194482326508457e-01 5.643986198147829056e-06
9.441534101963042769e-01 1.948393692034256386e-06
9.474873721599579302e-01 1.393091360791859010e-05
9.508213341236113614e-01 6.617718289726845678e-05
9.541552960872650146e-01 6.740429889547005430e-05
9.574892580509186679e-01 1.122721426086031204e-04
9.608232200145720991e-01 2.791217359595240220e-04
9.641571819782257524e-01 5.318961615783938035e-04
9.674911439418791836e-01 1.792940577963783415e-03
9.708251059055328369e-01 2.786111916104916288e-03
9.741590678691864902e-01 4.524574489417315659e-03
9.774930298328399214e-01 6.770800518784002298e-03
9.808269917964935747e-01 1.101920391868443580e-02
9.841609537601470059e-01 1.670258363044474156e-02
9.874949157238006592e-01 2.449736632417580037e-02
9.908288776874543125e-01 3.646402249533887974e-02
9.941628396511077437e-01 5.626893623729330857e-02
9.974968016147613969e-01 7.825396508441033461e-02
1.000830763578414828e+00 1.141509520669291428e-01
1.004164725542068481e+00 1.602904244106611864e-01
1.007498687505722135e+00 2.249213933954794242e-01
1.010832649469375566e+00 3.121803623320080767e-01
1.014166611433029219e+00 4.230866447407916620e-01
1.017500573396682650e+00 5.637182117713306351e-01
1.020834535360336304e+00 7.451183140587442910e-01
1.024168497323989957e+00 9.745137670375031425e-01
1.027502459287643388e+00 1.255437496740172687e+00
1.030836421251297041e+00 1.601522768399393115e+00
1.034170383214950473e+00 2.018630325822208249e+00
1.037504345178604126e+00 2.502556448688351587e+00
1.040838307142257779e+00 3.059817305555357692e+00
1.044172269105911210e+00 3.695523289260706612e+00
1.047506231069564864e+00 4.418993811048165909e+00
1.050840193033218295e+00 5.216921993794921164e+00
1.054174154996871948e+00 6.048001581945182004e+00
1.057508116960525602e+00 6.945622711132045879e+00
1.060842078924179033e+00 7.868914678461407242e+00
1.064176040887832686e+00 8.795671427484942129e+00
1.067510002851486117e+00 9.719780165147474449e+00
1.070843964815139771e+00 1.056619012921066592e+01
1.074177926778793424e+00 1.137676656984209878e+01
1.077511888742446855e+00 1.207883199653366013e+01
1.080845850706100508e+00 1.265327648464278987e+01
1.084179812669753940e+00 1.311126289270082879e+01
1.087513774633407593e+00 1.338158940074435144e+01
1.090847736597061246e+00 1.347505570354384652e+01
1.094181698560714677e+00 1.342640100801493297e+01
1.097515660524368331e+00 1.318050453958615797e+01
1.100849622488021762e+00 1.277788141478785455e+01
1.104183584451675415e+00 1.225641202725248746e+01
1.107517546415329068e+00 1.155281041262253972e+01
1.110851508378982500e+00 1.077282211654740607e+01
1.114185470342636153e+00 9.942820913992360232e+00
1.117519432306289584e+00 9.019143195101271715e+00
1.120853394269943237e+00 8.089473809351030553e+00
1.124187356233596891e+00 7.169210909240152141e+00
1.127521318197250322e+00 6.264606783226299491e+00
1.130855280160903975e+00 5.415047626247229573e+00
1.134189242124557406e+00 4.613157685486391379e+00
1.137523204088211060e+00 3.879260065049573658e+00
1.140857166051864713e+00 3.211730828884343580e+00
1.144191128015518144e+00 2.634567939516409218e+00
1.147525089979171797e+00 2.128177233185216455e+00
1.150859051942825229e+00 1.700377762160607542e+00
1.154193013906478882e+00 1.340518042355117734e+00
1.157526975870132535e+00 1.043390879822798878e+00
1.160860937833785966e+00 7.987847229430564688e-01
1.164194899797439620e+00 6.059853098367833368e-01
1.167528861761093051e+00 4.515121176761925370e-01
1.170862823724746704e+00 3.380545872524636786e-01
1.174196785688400357e+00 2.449772475550483775e-01
1.177530747652053789e+00 1.752468269386398547e-01
1.180864709615707442e+00 1.251599727804313944e-01
1.184198671579360873e+00 8.766535568675903889e-02
1.187532633543014526e+00 6.053626838866271037e-02
1.190866595506668180e+00 4.138768809160087159e-02
1.194200557470321611e+00 2.843396030229494720e-02
1.197534519433975264e+00 1.812155955499121160e-02
1.200868481397628695e+00 1.239198800719336531e-02
1.204202443361282349e+00 8.104512749272683308e-03
1.207536405324936002e+00 4.808717001537579638e-03
1.210870367288589433e+00 3.311629934991446207e-03
1.214204329252243086e+00 1.424138622936216639e-03
1.217538291215896518e+00 4.245813882640442263e-04
1.220872253179550171e+00 2.035020548778503828e-04
1.224206215143203824e+00 1.200292003311376773e-04
1.227540177106857255e+00 3.910268515507192544e-05
1.230874139070510909e+00 3.879473533978517174e-05
1.234208101034164340e+00 1.243997189060352940e-05
1.237542062997817993e+00 3.880139799762630747e-06
1.240876024961471646e+00 6.621270340505110323e-06
1.244209986925125078e+00 3.404623887179416740e-06
1.247543948888778731e+00 1.966840779190323666e-07
1.250877910852432162e+00 4.014146049905877911e-06
1.254211872816085815e+00 9.950520658776699763e-08
1.257545834779739469e+00 2.243060794747285085e-10
1.260879796743392900e+00 5.550620950349225577e-06
