1.256981322169303805e+00 7.802300566471813328e-05
1.260027971863746821e+00 1.111411000121803156e-05
1.263074621558189392e+00 2.267867422426118421e-05
1.266121271252631963e+00 1.206389070190732545e-05
1.269167920947074979e+00 2.187383960502672399e-05
1.272214570641517550e+00 1.523281424689765262e-04
1.275261220335960566e+00 4.284333926293984717e-05
1.278307870030403137e+00 2.250380085564092120e-04
1.281354519724845709e+00 4.264759624362685921e-04
1.284401169419288724e+00 1.400860970720300015e-03
1.287447819113731295e+00 2.229433129063468095e-03
1.290494468808174311e+00 3.105984911137941572e-03
1.293541118502616882e+00 4.430697054024429829e-03
1.296587768197059454e+00 7.807889706095205024e-03
1.299634417891502469e+00 1.062719660039871186e-02
1.302681067585945041e+00 1.906538738442594902e-02
1.305727717280388056e+00 2.563569765954206228e-02
1.308774366974830627e+00 3.250487522606336499e-02
1.311821016669273199e+00 4.729942212378217270e-02
1.314867666363716214e+00 6.424880265516884348e-02
1.317914316058158786e+00 9.307503615160499233e-02
1.320960965752601801e+00 1.243650928465400290e-01
1.324007615447044373e+00 1.701008189354093203e-01
1.327054265141486944e+00 2.181031975388652844e-01
1.330100914835929959e+00 2.967737828880483986e-01
1.333147564530372531e+00 3.975231520581238298e-01
1.336194214224815546e+00 5.195947835129991477e-01
1.339240863919258118e+00 6.582045464182341155e-01
1.342287513613700689e+00 8.348585444531990696e-01
1.345334163308143705e+00 1.079881219946149828e+00
1.348380813002586276e+00 1.316035530384747076e+00
1.351427462697029291e+00 1.622914725844496697e+00
1.354474112391471863e+00 1.997589280873175221e+00
1.357520762085914434e+00 2.445223829393674553e+00
1.360567411780357450e+00 2.903167236769181425e+00
1.363614061474800021e+00 3.434993753217882695e+00
1.366660711169243037e+00 4.040932278841657954e+00
1.369707360863685608e+00 4.691761530623383081e+00
1.372754010558128179e+00 5.387371197012554624e+00
1.375800660252571195e+00 6.129660153804019629e+00
1.378847309947013766e+00 6.898509018150178029e+00
1.381893959641456782e+00 7.690417094865187764e+00
1.384940609335899353e+00 8.493872524977380323e+00
1.387987259030341924e+00 9.316171735061919534e+00
1.391033908724784940e+00 1.006109385193956385e+01
1.394080558419227511e+00 1.080786793797372169e+01
1.397127208113670527e+00 1.142644937888696965e+01
1.400173857808113098e+00 1.199007576571353262e+01
1.403220507502555670e+00 1.245673666866034424e+01
1.406267157196998685e+00 1.278672130779623828e+01
1.409313806891441256e+00 1.301223206708636226e+01
1.412360456585884272e+00 1.309952620187744010e+01
1.415407106280326843e+00 1.301633970911262317e+01
1.418453755974769415e+00 1.286644797797513640e+01
1.421500405669212430e+00 1.257261364472255849e+01
1.424547055363655002e+00 1.213823432563370730e+01
1.427593705058098017e+00 1.158843824626717200e+01
1.430640354752540588e+00 1.101113800125136777e+01
1.433687004446983160e+00 1.032226001379082625e+01
1.436733654141426175e+00 9.612960676194759913e+00
1.439780303835868747e+00 8.827373498342316438e+00
1.442826953530311762e+00 8.020964939005267524e+00
1.445873603224754333e+00 7.229849012952787923e+00
1.448920252919196905e+00 6.425742831731557025e+00
1.451966902613639920e+00 5.661959068577818499e+00
1.455013552308082492e+00 4.949846755787514319e+00
1.458060202002525507e+00 4.260924332380660928e+00
1.461106851696968079e+00 3.643371108312865925e+00
1.464153501391410650e+00 3.102842205983490587e+00
1.467200151085853665e+00 2.602402878694167310e+00
1.470246800780296237e+00 2.176170725345226931e+00
1.473293450474739252e+00 1.767028914439938259e+00
1.476340100169181824e+00 1.440447918268356053e+00
1.479386749863624395e+00 1.160548367837646255e+00
1.482433399558067411e+00 9.220232775508494516e-01
1.485480049252509982e+00 7.205399784913461003e-01
1.488526698946952997e+00 5.635259122304911994e-01
1.491573348641395569e+00 4.427863611667695598e-01
1.494619998335838140e+00 3.347949111837179581e-01
1.497666648030281156e+00 2.524341521750131379e-01
1.500713297724723727e+00 1.911581358558856192e-01
1.503759947419166743e+00 1.392380015979207408e-01
1.506806597113609314e+00 1.034874280867844887e-01
1.509853246808051885e+00 7.529410049461450483e-02
1.512899896502494901e+00 5.571191640671255968e-02
1.515946546196937472e+00 4.118548591195789199e-02
1.518993195891380488e+00 2.815999181211381597e-02
1.522039845585823059e+00 2.037388107684509619e-02
1.525086495280265630e+00 1.402985927200751243e-02
1.528133144974708646e+00 7.988521320017850924e-03
1.531179794669151217e+00 5.966409426477011467e-03
1.534226444363594233e+00 3.226950231208377661e-03
1.537273094058036804e+00 2.111328111864047095e-03
1.540319743752479376e+00 7.893471219561318556e-04
1.543366393446922391e+00 5.523340527067952281e-04
1.546413043141364962e+00 3.531601639637753235e-04
1.549459692835807978e+00 3.302861725917179917e-04
1.552506342530250549e+00 2.862349709606249013e-04
1.555552992224693121e+00 5.792759659061043939e-05
1.558599641919136136e+00 3.544095375735878184e-05
