8.453680896759032670e-01 4.193906077072570424e-05
8.478496742248535778e-01 3.224868216658530483e-05
8.503312587738036665e-01 2.569372872380356536e-04
8.528128433227539773e-01 4.104440605533232495e-04
8.552944278717040660e-01 6.464054428572653605e-04
8.577760124206543768e-01 7.666795652226169027e-04
8.602575969696044655e-01 1.799147225028270179e-03
8.627391815185547763e-01 2.387968333407874521e-03
8.652207660675048650e-01 3.011577805279566211e-03
8.677023506164551758e-01 5.662292661139216483e-03
8.701839351654052646e-01 9.915683942638279721e-03
8.726655197143555753e-01 1.289239889198033270e-02
8.751471042633056641e-01 1.909416391088068071e-02
8.776286888122557528e-01 2.823351372525602712e-02
8.801102733612060636e-01 4.176456801638465249e-02
8.825918579101561523e-01 5.969369604970659743e-02
8.850734424591064631e-01 8.316983453435659868e-02
8.875550270080565518e-01 1.153384027022683334e-01
8.900366115570068626e-01 1.610408532145296001e-01
8.925181961059569513e-01 2.213766849463756625e-01
8.949997806549072621e-01 3.001166318103112851e-01
8.974813652038573508e-01 3.969080734747714723e-01
8.999629497528076616e-01 5.330609510201165246e-01
9.024445343017577503e-01 6.961319989124604701e-01
9.049261188507080611e-01 8.990382017465233799e-01
9.074077033996581498e-01 1.162297570350755427e+00
9.098892879486084606e-01 1.460963572170153491e+00
9.123708724975585493e-01 1.835431394034302777e+00
9.148524570465088601e-01 2.279206582842770779e+00
9.173340415954589488e-01 2.801370483306445447e+00
9.198156261444092596e-01 3.394459321901993842e+00
9.222972106933593484e-01 4.064611150136865803e+00
9.247787952423096591e-01 4.821738032420477715e+00
9.272603797912597479e-01 5.685658385581061403e+00
9.297419643402100586e-01 6.575666111070031405e+00
9.322235488891601474e-01 7.549675604392577455e+00
9.347051334381104581e-01 8.557293438633493565e+00
9.371867179870605469e-01 9.597357408483892627e+00
9.396683025360107466e-01 1.064327557928900880e+01
9.421498870849609464e-01 1.171990781152635819e+01
9.446314716339110351e-01 1.270332819615954278e+01
9.471130561828613459e-01 1.365646215077359216e+01
9.495946407318114346e-01 1.453429880970741195e+01
9.520762252807617454e-01 1.527010169764682246e+01
9.545578098297118341e-01 1.587928175192720914e+01
9.570393943786621449e-01 1.632996287087152965e+01
9.595209789276122336e-01 1.663599114937865409e+01
9.620025634765625444e-01 1.668143623173583734e+01
9.644841480255126331e-01 1.658324068087837233e+01
9.669657325744629439e-01 1.635592741931515803e+01
9.694473171234130326e-01 1.590930400792576727e+01
9.719289016723633434e-01 1.533037442959014740e+01
9.744104862213134322e-01 1.455868424071331191e+01
9.768920707702637429e-01 1.371629270417321145e+01
9.793736553192138317e-01 1.276344963640901042e+01
9.818552398681641424e-01 1.176359340213081950e+01
9.843368244171142312e-01 1.071898316405053286e+01
9.868184089660645419e-01 9.677449318918768029e+00
9.892999935150146307e-01 8.608549251313744932e+00
9.917815780639649414e-01 7.557128838845824426e+00
9.942631626129150302e-01 6.618283000500161606e+00
9.967447471618652299e-01 5.695719178087054857e+00
9.992263317108154297e-01 4.852214919598613285e+00
1.001707916259765518e+00 4.104577408096625746e+00
1.004189500808715829e+00 3.431338257502091427e+00
1.006671085357666140e+00 2.820870395074118075e+00
1.009152669906616229e+00 2.292542181976334970e+00
1.011634254455566317e+00 1.859680582613707500e+00
1.014115839004516628e+00 1.484100869955751412e+00
1.016597423553466939e+00 1.162208345612652183e+00
1.019079008102417028e+00 9.116043593402460843e-01
1.021560592651367116e+00 6.969250279038392559e-01
1.024042177200317427e+00 5.355470239246293840e-01
1.026523761749267738e+00 4.066625369845751070e-01
1.029005346298217827e+00 3.021672268053282040e-01
1.031486930847167915e+00 2.176545009987566892e-01
1.033968515396118004e+00 1.623872007452618893e-01
1.036450099945068537e+00 1.237090613679252271e-01
1.038931684494018626e+00 8.700657874801015490e-02
1.041413269042968714e+00 5.918348322098400394e-02
1.043894853591918803e+00 3.761299814766994043e-02
1.046376438140869114e+00 2.554025977090566835e-02
1.048858022689819425e+00 1.661270653014003049e-02
1.051339607238769513e+00 1.312987764272116262e-02
1.053821191787719602e+00 8.863695107244237356e-03
1.056302776336669913e+00 6.386147836377965153e-03
1.058784360885620224e+00 3.891806663899971281e-03
1.061265945434570312e+00 2.738403054317373880e-03
1.063747529983520401e+00 1.777142778620261149e-03
1.066229114532470712e+00 1.459120748469673557e-03
1.068710699081421023e+00 6.474979642519314727e-04
1.071192283630371112e+00 4.263826598524095811e-04
1.073673868179321200e+00 4.943775554794761643e-04
1.076155452728271511e+00 1.438361556366761777e-04
1.078637037277221822e+00 3.900566684923716272e-05
1.081118621826171911e+00 8.708184142726610802e-05
1.083600206375121999e+00 4.858744516942394833e-05
1.086081790924072310e+00 1.742706314657413197e-04
1.088563375473022621e+00 2.350210320993998374e-06
1.091044960021972710e+00 4.982085733204459795e-05
