1.528841882348060732e+00 1.471654066380225639e-02
1.528845040202140737e+00 2.341059266306954115e-02
1.528848198056221186e+00 1.001289051317678369e-01
1.528851355910301191e+00 2.343825522413141571e-01
1.528854513764381418e+00 4.496554010035933024e-01
1.528857671618461644e+00 8.488191222531976665e-01
1.528860829472541649e+00 1.642224726627480091e+00
1.528863987326622098e+00 3.051455559876588008e+00
1.528867145180702103e+00 6.124274154325960673e+00
1.528870303034782552e+00 1.051056237017565742e+01
1.528873460888862557e+00 1.669069295898397343e+01
1.528876618742943005e+00 2.671889818259092308e+01
1.528879776597023010e+00 4.117022260634830388e+01
1.528882934451103015e+00 6.289644955495067791e+01
1.528886092305183464e+00 9.359668525388492810e+01
1.528889250159263469e+00 1.323904845274156514e+02
1.528892408013343918e+00 1.852531027657882987e+02
1.528895565867423922e+00 2.543540616698421104e+02
1.528898723721504371e+00 3.393547324910433645e+02
1.528901881575584376e+00 4.478687440839405554e+02
1.528905039429664603e+00 5.837811848877082639e+02
1.528908197283744830e+00 7.434561863493003102e+02
1.528911355137824835e+00 9.238054267914811817e+02
1.528914512991905283e+00 1.133650632534858687e+03
1.528917670845985288e+00 1.368038373333939262e+03
1.528920828700065737e+00 1.624840800121559596e+03
1.528923986554145742e+00 1.909663322895821693e+03
1.528927144408226191e+00 2.201152129642948694e+03
1.528930302262306196e+00 2.528247930391341470e+03
1.528933460116386422e+00 2.851546442272863715e+03
1.528936617970466649e+00 3.206852697392358095e+03
1.528939775824546654e+00 3.592803303107762531e+03
1.528942933678627103e+00 3.949915401908816875e+03
1.528946091532707108e+00 4.344765792126089764e+03
1.528949249386787557e+00 4.754879334733134783e+03
1.528952407240867561e+00 5.141481500873778714e+03
1.528955565094948010e+00 5.546117939262589971e+03
1.528958722949028015e+00 5.936209735512638872e+03
1.528961880803108020e+00 6.330636976183880506e+03
1.528965038657188469e+00 6.725068028394390240e+03
1.528968196511268474e+00 7.086659890141379037e+03
1.528971354365348922e+00 7.478082663703372418e+03
1.528974512219428927e+00 7.827671942587429839e+03
1.528977670073509376e+00 8.119859563479113604e+03
1.528980827927589381e+00 8.438303421568103659e+03
1.528983985781669608e+00 8.721645501681745372e+03
1.528987143635749835e+00 8.938775749575504960e+03
1.528990301489829839e+00 9.133969391720756903e+03
1.528993459343910288e+00 9.273444721408932310e+03
1.528996617197990293e+00 9.348701088859257652e+03
1.528999775052070742e+00 9.428516474410947922e+03
1.529002932906150747e+00 9.359694829394189583e+03
1.529006090760231196e+00 9.299140773072371303e+03
1.529009248614311200e+00 9.174996921457335702e+03
1.529012406468391427e+00 8.964421688268941580e+03
1.529015564322471654e+00 8.740774864219525625e+03
1.529018722176551659e+00 8.491631203319151609e+03
1.529021880030632108e+00 8.194106340442789588e+03
1.529025037884712113e+00 7.874416663729589345e+03
1.529028195738792562e+00 7.519608762565636425e+03
1.529031353592872566e+00 7.154706732011164604e+03
1.529034511446953015e+00 6.782567041109929960e+03
1.529037669301033020e+00 6.382925028274021315e+03
1.529040827155113025e+00 5.990972826232278749e+03
1.529043985009193474e+00 5.589921370691602533e+03
1.529047142863273478e+00 5.192684796369208016e+03
1.529050300717353927e+00 4.782527944874078457e+03
1.529053458571433932e+00 4.392289558293687151e+03
1.529056616425514381e+00 4.010679422238602001e+03
1.529059774279594386e+00 3.626081514212547972e+03
1.529062932133674613e+00 3.252375410635075241e+03
1.529066089987754840e+00 2.906568895730129043e+03
1.529069247841834844e+00 2.573664912075846587e+03
1.529072405695915293e+00 2.248115060477847692e+03
1.529075563549995298e+00 1.938289924996260424e+03
1.529078721404075747e+00 1.660283631841147781e+03
1.529081879258155752e+00 1.404543112505453792e+03
1.529085037112236201e+00 1.165618138157685053e+03
1.529088194966316205e+00 9.634762710889622213e+02
1.529091352820396432e+00 7.674205445818831777e+02
1.529094510674476659e+00 5.972540144747705426e+02
1.529097668528556664e+00 4.675851575592988070e+02
1.529100826382637113e+00 3.525359364397980926e+02
1.529103984236717118e+00 2.624342692246543720e+02
1.529107142090797566e+00 1.916738078299347308e+02
1.529110299944877571e+00 1.360816361976443716e+02
1.529113457798958020e+00 9.670037305494005864e+01
1.529116615653038025e+00 6.657094422893968044e+01
1.529119773507118030e+00 4.419929318451843869e+01
1.529122931361198479e+00 2.899690574718950131e+01
1.529126089215278483e+00 1.775375063202711701e+01
1.529129247069358932e+00 1.052333148094213655e+01
1.529132404923438937e+00 6.344225768155681067e+00
1.529135562777519386e+00 3.743272405806501446e+00
1.529138720631599391e+00 1.776489526585613099e+00
1.529141878485679618e+00 9.287351603838341907e-01
1.529145036339759844e+00 5.171577589950163700e-01
1.529148194193839849e+00 2.452473961817292214e-01
1.529151352047920298e+00 1.659889200842079027e-01
1.529154509902000303e+00 3.204009432771696975e-02
