1.089842830300331133e+00 7.650559719888191945e-03
1.089845997691154533e+00 2.699312676489083740e-02
1.089849165081977933e+00 1.174146977308220263e-01
1.089852332472801333e+00 2.910029170130180032e-01
1.089855499863624511e+00 5.106365264408698756e-01
1.089858667254447910e+00 1.146086558156059532e+00
1.089861834645271310e+00 2.000036879893860586e+00
1.089865002036094710e+00 3.655498960112997686e+00
1.089868169426918110e+00 6.478558186136047503e+00
1.089871336817741287e+00 1.142340563447723589e+01
1.089874504208564687e+00 1.915516808850546937e+01
1.089877671599388087e+00 3.097218525192760907e+01
1.089880838990211487e+00 4.733943745191994168e+01
1.089884006381034887e+00 7.079355992564343580e+01
1.089887173771858286e+00 1.038898500996698004e+02
1.089890341162681686e+00 1.485935601004366049e+02
1.089893508553504864e+00 2.056095257486618948e+02
1.089896675944328264e+00 2.792195427531150926e+02
1.089899843335151663e+00 3.741184548086241080e+02
1.089903010725975063e+00 4.913967239633929580e+02
1.089906178116798463e+00 6.345971910312177897e+02
1.089909345507621641e+00 8.096602280010589539e+02
1.089912512898445041e+00 9.992489383232787077e+02
1.089915680289268440e+00 1.217260274781357566e+03
1.089918847680091840e+00 1.463529261112179256e+03
1.089922015070915240e+00 1.726772092520709066e+03
1.089925182461738640e+00 2.015720892000423191e+03
1.089928349852562040e+00 2.316375802062650564e+03
1.089931517243385439e+00 2.641223917018200609e+03
1.089934684634208617e+00 2.993562515054205051e+03
1.089937852025032017e+00 3.343295231134771711e+03
1.089941019415855417e+00 3.723437971947874757e+03
1.089944186806678816e+00 4.107184739798045484e+03
1.089947354197502216e+00 4.492678327584042563e+03
1.089950521588325394e+00 4.894047088652555431e+03
1.089953688979148794e+00 5.282392508038957203e+03
1.089956856369972193e+00 5.716684691876662328e+03
1.089960023760795593e+00 6.100073942829147200e+03
1.089963191151618993e+00 6.489056189908771557e+03
1.089966358542442393e+00 6.902485823114250707e+03
1.089969525933265793e+00 7.268013568400829172e+03
1.089972693324088970e+00 7.620210759548548594e+03
1.089975860714912370e+00 7.958815755642424847e+03
1.089979028105735770e+00 8.283076807948758869e+03
1.089982195496559170e+00 8.571724084497040167e+03
1.089985362887382569e+00 8.818496723413667496e+03
1.089988530278205747e+00 9.028548555211751591e+03
1.089991697669029147e+00 9.187013420153034531e+03
1.089994865059852547e+00 9.338100202692588937e+03
1.089998032450675947e+00 9.377707593119968806e+03
1.090001199841499346e+00 9.406185002160831573e+03
1.090004367232322746e+00 9.348501518476599813e+03
1.090007534623146146e+00 9.248530769045431953e+03
1.090010702013969546e+00 9.059970526555634933e+03
1.090013869404792723e+00 8.859237091777675232e+03
1.090017036795616123e+00 8.623328243916786960e+03
1.090020204186439523e+00 8.352211153942671444e+03
1.090023371577262923e+00 8.018295708445318269e+03
1.090026538968086323e+00 7.693995262412061493e+03
1.090029706358909500e+00 7.364957465251241047e+03
1.090032873749732900e+00 6.981680419940864340e+03
1.090036041140556300e+00 6.596384175341733680e+03
1.090039208531379700e+00 6.206161137928545941e+03
1.090042375922203099e+00 5.811201851297068970e+03
1.090045543313026499e+00 5.403406625289916519e+03
1.090048710703849899e+00 4.998050608273273610e+03
1.090051878094673077e+00 4.587289633523278098e+03
1.090055045485496477e+00 4.202160934521382842e+03
1.090058212876319876e+00 3.812339552089183599e+03
1.090061380267143276e+00 3.440185694016667640e+03
1.090064547657966676e+00 3.076363028934388240e+03
1.090067715048789854e+00 2.733058845071490396e+03
1.090070882439613253e+00 2.399830414965868385e+03
1.090074049830436653e+00 2.087024983499339214e+03
1.090077217221260053e+00 1.794839360946611805e+03
1.090080384612083453e+00 1.529683514008193470e+03
1.090083552002906853e+00 1.279082199777651795e+03
1.090086719393730252e+00 1.048072365270259752e+03
1.090089886784553652e+00 8.465271735300946148e+02
1.090093054175376830e+00 6.723114870716245832e+02
1.090096221566200230e+00 5.248874461956658024e+02
1.090099388957023629e+00 3.997145787254146398e+02
1.090102556347847029e+00 3.002291355508338029e+02
1.090105723738670429e+00 2.217016764129502064e+02
1.090108891129493607e+00 1.599780395195645610e+02
1.090112058520317007e+00 1.128067030818783962e+02
1.090115225911140406e+00 7.813334572485695162e+01
1.090118393301963806e+00 5.304527608604603017e+01
1.090121560692787206e+00 3.449572267144144178e+01
1.090124728083610606e+00 2.148804781803984554e+01
1.090127895474434006e+00 1.266764839166850010e+01
1.090131062865257183e+00 7.605456212233073998e+00
1.090134230256080583e+00 4.259987135063835417e+00
1.090137397646903983e+00 2.219167584454700304e+00
1.090140565037727383e+00 1.186758066930313271e+00
1.090143732428550782e+00 5.671110591564026970e-01
1.090146899819373960e+00 3.005144856632136485e-01
1.090150067210197360e+00 8.931717386180690332e-02
1.090153234601020760e+00 4.541825999656056573e-02
1.090156401991844159e+00 8.893858276888249453e-03
