1.409842294454574541e+00 1.560303718612007957e-02
1.409845477342605680e+00 2.643143874073408325e-02
1.409848660230636597e+00 5.421199265553152541e-02
1.409851843118667514e+00 1.911912229708768174e-01
1.409855026006698653e+00 3.442807026141114779e-01
1.409858208894729570e+00 1.030213883154281751e+00
1.409861391782760709e+00 1.958985860817260338e+00
1.409864574670791626e+00 3.520698282015404690e+00
1.409867757558822543e+00 6.095957508482884535e+00
1.409870940446853682e+00 1.083900589016402272e+01
1.409874123334884599e+00 1.833101937335197107e+01
1.409877306222915738e+00 2.922907884690006597e+01
1.409880489110946655e+00 4.621861716361522099e+01
1.409883671998977572e+00 6.862210080272922141e+01
1.409886854887008711e+00 9.993271727842079599e+01
1.409890037775039628e+00 1.447699144696968290e+02
1.409893220663070768e+00 1.989668945060804504e+02
1.409896403551101685e+00 2.728336994871843331e+02
1.409899586439132602e+00 3.658345934547846809e+02
1.409902769327163741e+00 4.881569927720726128e+02
1.409905952215194658e+00 6.282247839106164520e+02
1.409909135103225797e+00 7.974134460931454669e+02
1.409912317991256714e+00 9.862515283713015606e+02
1.409915500879287631e+00 1.202888225649703372e+03
1.409918683767318770e+00 1.451984593088188603e+03
1.409921866655349687e+00 1.724334117600194531e+03
1.409925049543380826e+00 1.993953209231095116e+03
1.409928232431411743e+00 2.313594605800984482e+03
1.409931415319442660e+00 2.633904545784107086e+03
1.409934598207473799e+00 2.987798695747653710e+03
1.409937781095504716e+00 3.335756036131515884e+03
1.409940963983535855e+00 3.722790731838027568e+03
1.409944146871566772e+00 4.085552833407797607e+03
1.409947329759597690e+00 4.493255952490612799e+03
1.409950512647628829e+00 4.881447489261189730e+03
1.409953695535659746e+00 5.305291447566345596e+03
1.409956878423690885e+00 5.702344625439108313e+03
1.409960061311721802e+00 6.106909748079916426e+03
1.409963244199752719e+00 6.477865784291598175e+03
1.409966427087783858e+00 6.893812906493548326e+03
1.409969609975814775e+00 7.268474038543189636e+03
1.409972792863845914e+00 7.642342956571087598e+03
1.409975975751876831e+00 7.950847443300793202e+03
1.409979158639907748e+00 8.310080068638113516e+03
1.409982341527938887e+00 8.558413096271560789e+03
1.409985524415969804e+00 8.831969652404646695e+03
1.409988707304000943e+00 9.028166982747738075e+03
1.409991890192031860e+00 9.218372251414719358e+03
1.409995073080062777e+00 9.339305107122900154e+03
1.409998255968093916e+00 9.421678149124574702e+03
1.410001438856124834e+00 9.421172907176054650e+03
1.410004621744155973e+00 9.338653928976011230e+03
1.410007804632186890e+00 9.212067889811474743e+03
1.410010987520217807e+00 9.063680935813077667e+03
1.410014170408248946e+00 8.846717860961778570e+03
1.410017353296279863e+00 8.603678011644813523e+03
1.410020536184311002e+00 8.343867391144714929e+03
1.410023719072341919e+00 7.991825552378527391e+03
1.410026901960372836e+00 7.679176471945910635e+03
1.410030084848403975e+00 7.297428265636592187e+03
1.410033267736434892e+00 6.934564235224150252e+03
1.410036450624466031e+00 6.532644188760418729e+03
1.410039633512496948e+00 6.148615915209499690e+03
1.410042816400527865e+00 5.718093154649643111e+03
1.410045999288559004e+00 5.348551293601894031e+03
1.410049182176589921e+00 4.932265890392603978e+03
1.410052365064621060e+00 4.538179621570638119e+03
1.410055547952651978e+00 4.115024166018457436e+03
1.410058730840682895e+00 3.763440310333978232e+03
1.410061913728714034e+00 3.386162125914426269e+03
1.410065096616744951e+00 3.019013102635481573e+03
1.410068279504776090e+00 2.679997740161655202e+03
1.410071462392807007e+00 2.340432816631012429e+03
1.410074645280837924e+00 2.031186037463661023e+03
1.410077828168869063e+00 1.740704523382230491e+03
1.410081011056899980e+00 1.476868169039777740e+03
1.410084193944931119e+00 1.227542085031049965e+03
1.410087376832962036e+00 1.004195915078078656e+03
1.410090559720992953e+00 8.088409899211857237e+02
1.410093742609024092e+00 6.416853627123084607e+02
1.410096925497055009e+00 4.924323414548402980e+02
1.410100108385086148e+00 3.744501422917605851e+02
1.410103291273117065e+00 2.782325501258893041e+02
1.410106474161147982e+00 2.071062624676183361e+02
1.410109657049179122e+00 1.484164368978364905e+02
1.410112839937210039e+00 1.047488395859900834e+02
1.410116022825241178e+00 7.116925323299263084e+01
1.410119205713272095e+00 4.846342302989722839e+01
1.410122388601303012e+00 3.180163850140392867e+01
1.410125571489334151e+00 1.895713512592976713e+01
1.410128754377365068e+00 1.150270438609990897e+01
1.410131937265396207e+00 6.411899698581540186e+00
1.410135120153427124e+00 3.430998223591186669e+00
1.410138303041458041e+00 2.047032459274092719e+00
1.410141485929489180e+00 8.736087475264106006e-01
1.410144668817520097e+00 5.190124170450626240e-01
1.410147851705551236e+00 2.731947243403337611e-01
1.410151034593582153e+00 8.721689629625097029e-02
1.410154217481613070e+00 5.488435739264388435e-02
1.410157400369644209e+00 1.890024915280682366e-02
