9.448472356796264737e-01 3.539724231070488086e-02
9.448503541946411399e-01 1.282384697312092814e-01
9.448534727096558061e-01 3.013482652149342411e-01
9.448565912246704723e-01 7.499604541541516900e-01
9.448597097396850275e-01 1.277923844211817261e+00
9.448628282546996937e-01 2.373097482242148892e+00
9.448659467697143599e-01 4.804600144533616835e+00
9.448690652847290261e-01 8.166817598181213000e+00
9.448721837997436923e-01 1.349708857386038119e+01
9.448753023147582475e-01 2.165260968045218704e+01
9.448784208297729137e-01 3.501065097005697879e+01
9.448815393447875799e-01 5.319300057396853276e+01
9.448846578598022461e-01 7.854093412117882167e+01
9.448877763748169123e-01 1.103295653205561848e+02
9.448908948898315785e-01 1.538409637965653474e+02
9.448940134048462447e-01 2.147450619818656321e+02
9.448971319198607999e-01 2.932693100326883382e+02
9.449002504348754661e-01 3.908856549744189124e+02
9.449033689498901323e-01 5.081580826726927853e+02
9.449064874649047985e-01 6.500466619199522711e+02
9.449096059799194647e-01 8.254577240489055612e+02
9.449127244949340199e-01 1.013966528324873138e+03
9.449158430099486861e-01 1.226563605394063188e+03
9.449189615249633523e-01 1.473205175749488490e+03
9.449220800399780185e-01 1.739994237333121873e+03
9.449251985549926847e-01 2.019824348708626758e+03
9.449283170700073509e-01 2.317762263051550690e+03
9.449314355850220171e-01 2.644413570881014039e+03
9.449345541000366833e-01 2.975408361494988185e+03
9.449376726150512384e-01 3.338469582944621379e+03
9.449407911300659046e-01 3.681813186587647579e+03
9.449439096450805708e-01 4.035591094970784980e+03
9.449470281600952370e-01 4.437996621121603312e+03
9.449501466751099032e-01 4.839245689056101583e+03
9.449532651901244584e-01 5.242871907075982563e+03
9.449563837051391246e-01 5.633580153929987318e+03
9.449595022201537908e-01 6.040862786880907151e+03
9.449626207351684570e-01 6.434604877431525892e+03
9.449657392501831232e-01 6.818711820259887645e+03
9.449688577651977894e-01 7.175621515292918048e+03
9.449719762802124556e-01 7.536985337423206147e+03
9.449750947952270108e-01 7.875905319907097692e+03
9.449782133102416770e-01 8.197043441283538414e+03
9.449813318252563432e-01 8.498061449160586562e+03
9.449844503402710094e-01 8.747255050085250332e+03
9.449875688552856756e-01 8.997786094510260227e+03
9.449906873703002308e-01 9.140676396645922068e+03
9.449938058853148970e-01 9.282596709154848213e+03
9.449969244003295632e-01 9.368469446041057381e+03
9.450000429153442294e-01 9.398120778338785385e+03
9.450031614303588956e-01 9.359981246156723500e+03
9.450062799453735618e-01 9.270312606568901174e+03
9.450093984603882280e-01 9.161405967586630140e+03
9.450125169754028942e-01 8.958259248440870579e+03
9.450156354904174494e-01 8.746346820976530580e+03
9.450187540054321156e-01 8.471398168980895207e+03
9.450218725204467818e-01 8.191825963471256728e+03
9.450249910354614480e-01 7.889359007290790942e+03
9.450281095504761142e-01 7.540600715830052650e+03
9.450312280654906694e-01 7.170614995624004223e+03
9.450343465805053356e-01 6.794946193100072378e+03
9.450374650955200018e-01 6.419074554353202984e+03
9.450405836105346680e-01 6.008440484653720887e+03
9.450437021255493342e-01 5.619539613934122826e+03
9.450468206405640004e-01 5.231115581603000464e+03
9.450499391555786666e-01 4.844479190548449878e+03
9.450530576705932218e-01 4.437587400441537284e+03
9.450561761856078880e-01 4.070271691368132906e+03
9.450592947006225542e-01 3.693389530773013576e+03
9.450624132156372204e-01 3.318637765748475886e+03
9.450655317306518866e-01 2.975045432480737418e+03
9.450686502456664417e-01 2.640324728321592829e+03
9.450717687606811079e-01 2.318376616665821530e+03
9.450748872756957741e-01 2.016041616515523856e+03
9.450780057907104403e-01 1.731744303037940199e+03
9.450811243057251065e-01 1.464146197461338033e+03
9.450842428207397727e-01 1.227311768324753984e+03
9.450873613357544389e-01 1.012139850788760896e+03
9.450904798507691051e-01 8.188502892828906852e+02
9.450935983657836603e-01 6.467677029376916380e+02
9.450967168807983265e-01 5.004446156553797209e+02
9.450998353958129927e-01 3.831327903672918183e+02
9.451029539108276589e-01 2.897688265397545138e+02
9.451060724258423251e-01 2.140361852207359448e+02
9.451091909408568803e-01 1.543741560361953873e+02
9.451123094558715465e-01 1.094453671914596669e+02
9.451154279708862127e-01 7.711368405039011975e+01
9.451185464859008789e-01 5.302292541739771536e+01
9.451216650009155451e-01 3.335778514986417775e+01
9.451247835159302113e-01 2.126478507081327862e+01
9.451279020309448775e-01 1.381662659992276865e+01
9.451310205459594327e-01 8.096549162218440898e+00
9.451341390609740989e-01 4.545567468338932215e+00
9.451372575759887651e-01 2.803836555345899040e+00
9.451403760910034313e-01 1.496348272293281711e+00
9.451434946060180975e-01 7.789319520634775396e-01
9.451466131210326527e-01 3.195212975243037490e-01
9.451497316360473189e-01 1.235113131174476186e-01
9.451528501510619851e-01 7.828809014896671858e-02
9.451559686660766513e-01 3.253281137287832719e-02
