1.338609202504158047e+00 5.391932699174808758e-05
1.342552375197410663e+00 5.439330197270308452e-06
1.346495547890663058e+00 2.954310857139564312e-05
1.350438720583915675e+00 1.221386569900717361e-04
1.354381893277168292e+00 1.546169522822717806e-04
1.358325065970420908e+00 3.211648113062782117e-04
1.362268238663673525e+00 6.066084048673289156e-04
1.366211411356925920e+00 1.202321395504002931e-03
1.370154584050178537e+00 1.046961716474868265e-03
1.374097756743431153e+00 1.385257095606812379e-03
1.378040929436683548e+00 3.158684225507890284e-03
1.381984102129936165e+00 4.919659190946101650e-03
1.385927274823188782e+00 6.732821269493171647e-03
1.389870447516441399e+00 1.002973187511754793e-02
1.393813620209694015e+00 1.516973532139993114e-02
1.397756792902946410e+00 2.153518835812653562e-02
1.401699965596199027e+00 3.248373707968645746e-02
1.405643138289451644e+00 4.644828521837008478e-02
1.409586310982704260e+00 6.310656951822966876e-02
1.413529483675956655e+00 8.640753145599369689e-02
1.417472656369209272e+00 1.157749456585652342e-01
1.421415829062461889e+00 1.559611431886011590e-01
1.425359001755714505e+00 2.092609526469379200e-01
1.429302174448966900e+00 2.842860486092772532e-01
1.433245347142219517e+00 3.728478406872467454e-01
1.437188519835472134e+00 4.815597902151138032e-01
1.441131692528724750e+00 6.062001992397239025e-01
1.445074865221977145e+00 7.858384751326104034e-01
1.449018037915229762e+00 9.813650081955093141e-01
1.452961210608482379e+00 1.226767560815966496e+00
1.456904383301734995e+00 1.496056361391152612e+00
1.460847555994987612e+00 1.823406990196124733e+00
1.464790728688240007e+00 2.205968551135480293e+00
1.468733901381492624e+00 2.642239315396369914e+00
1.472677074074745240e+00 3.126020375123447881e+00
1.476620246767997635e+00 3.619708676717174445e+00
1.480563419461250252e+00 4.198943247076798890e+00
1.484506592154502869e+00 4.796471588259180407e+00
1.488449764847755485e+00 5.386116063450770319e+00
1.492392937541008102e+00 6.052313288058883245e+00
1.496336110234260497e+00 6.682355900692773076e+00
1.500279282927513114e+00 7.350816570694410856e+00
1.504222455620765730e+00 7.949085035708763236e+00
1.508165628314018347e+00 8.519066760363406487e+00
1.512108801007270742e+00 9.030670232521337937e+00
1.516051973700523359e+00 9.488932972431962654e+00
1.519995146393775975e+00 9.818388437537407754e+00
1.523938319087028592e+00 1.010629044976922408e+01
1.527881491780280987e+00 1.020755694256632751e+01
1.531824664473533604e+00 1.031201787864680952e+01
1.535767837166786220e+00 1.030927959306795039e+01
1.539711009860038837e+00 1.007975389604396455e+01
1.543654182553291232e+00 9.883817681894790041e+00
1.547597355246543849e+00 9.466234670729086531e+00
1.551540527939796466e+00 9.090531533676555753e+00
1.555483700633049082e+00 8.534441706545642603e+00
1.559426873326301699e+00 7.986838404602657704e+00
1.563370046019554094e+00 7.385734861976947840e+00
1.567313218712806711e+00 6.692838595922483869e+00
1.571256391406059327e+00 6.104062649574817812e+00
1.575199564099311944e+00 5.429002591567645197e+00
1.579142736792564339e+00 4.817527354471152101e+00
1.583085909485816956e+00 4.228724060736819723e+00
1.587029082179069572e+00 3.632542989242145914e+00
1.590972254872322189e+00 3.135184518029325851e+00
1.594915427565574584e+00 2.662707894681722642e+00
1.598858600258827201e+00 2.253150937381741326e+00
1.602801772952079817e+00 1.866996268324018660e+00
1.606744945645332434e+00 1.533822257323207428e+00
1.610688118338584829e+00 1.246611716047535179e+00
1.614631291031837446e+00 9.989023236949491347e-01
1.618574463725090062e+00 7.978015852743062242e-01
1.622517636418342679e+00 6.291563132268783720e-01
1.626460809111595074e+00 4.926933384064298149e-01
1.630403981804847691e+00 3.742732416063309642e-01
1.634347154498100307e+00 2.954754712333088063e-01
1.638290327191352924e+00 2.208458222817480110e-01
1.642233499884605541e+00 1.665873543945229907e-01
1.646176672577857936e+00 1.227608056662669450e-01
1.650119845271110552e+00 9.116368292788119831e-02
1.654063017964363169e+00 6.542328074664779947e-02
1.658006190657615786e+00 4.676344309605970362e-02
1.661949363350868181e+00 3.237967149506346121e-02
1.665892536044120797e+00 2.263586324445744646e-02
1.669835708737373414e+00 1.637622387955501441e-02
1.673778881430626031e+00 1.264457282969605988e-02
1.677722054123878426e+00 8.515729112869966505e-03
1.681665226817131042e+00 5.547359827002267853e-03
1.685608399510383659e+00 2.809313163897412483e-03
1.689551572203636276e+00 2.047514673715241859e-03
1.693494744896888671e+00 1.766010363032275397e-03
1.697437917590141288e+00 9.955947329048366826e-04
1.701381090283393904e+00 4.353293627883423689e-04
1.705324262976646521e+00 2.786063588639068342e-04
1.709267435669898916e+00 3.563483488870166456e-04
1.713210608363151533e+00 2.085251758563169081e-04
1.717153781056404149e+00 1.204043137208309918e-04
1.721096953749656766e+00 7.361737652719383350e-05
1.725040126442909383e+00 7.393243174657676951e-06
1.728983299136161778e+00 5.392009783305547801e-05
