1.209146964550018355e+00 5.838248002699812905e-05
1.212981903553008944e+00 4.418693478733360272e-06
1.216816842555999756e+00 1.915701703854645148e-09
1.220651781558990567e+00 4.757563220829823449e-15
1.224486720561981157e+00 6.822580606481325994e-18
1.228321659564971968e+00 2.127855379839416961e-11
1.232156598567962558e+00 3.801565881972540103e-07
1.235991537570953369e+00 3.890504312887833839e-05
1.239826476573944181e+00 2.330837588011843391e-05
1.243661415576934770e+00 7.292773153200948950e-05
1.247496354579925582e+00 2.352513985483869075e-04
1.251331293582916171e+00 3.542820272149875679e-04
1.255166232585906982e+00 5.815543437419738726e-04
1.259001171588897794e+00 6.147398440057255491e-04
1.262836110591888383e+00 1.472086341059085975e-03
1.266671049594879195e+00 2.500146144186308692e-03
1.270505988597869784e+00 3.666775161502651252e-03
1.274340927600860596e+00 5.078465713641067136e-03
1.278175866603851407e+00 7.368734147756271675e-03
1.282010805606841997e+00 1.196016724267228229e-02
1.285845744609832808e+00 1.690079155381523854e-02
1.289680683612823398e+00 2.494317812711699389e-02
1.293515622615814209e+00 3.559653434424335516e-02
1.297350561618805020e+00 5.121465988083867549e-02
1.301185500621795610e+00 7.509222111633341579e-02
1.305020439624786421e+00 1.038774331304334053e-01
1.308855378627777011e+00 1.425407908191657635e-01
1.312690317630767822e+00 1.935488331412129615e-01
1.316525256633758634e+00 2.626107543781485143e-01
1.320360195636749223e+00 3.524226906447761043e-01
1.324195134639740035e+00 4.643352129447991805e-01
1.328030073642730624e+00 6.097421064038737182e-01
1.331865012645721436e+00 7.955310671127396871e-01
1.335699951648712247e+00 1.013481696688169897e+00
1.339534890651702836e+00 1.278014705981942001e+00
1.343369829654693648e+00 1.580301137149756618e+00
1.347204768657684237e+00 1.937536886442646100e+00
1.351039707660675049e+00 2.362745091082207427e+00
1.354874646663665860e+00 2.822916476462038027e+00
1.358709585666656450e+00 3.362908222023092808e+00
1.362544524669647261e+00 3.969247929671453790e+00
1.366379463672637851e+00 4.620941722553563835e+00
1.370214402675628662e+00 5.291989454909556301e+00
1.374049341678619474e+00 6.060959400509907447e+00
1.377884280681610063e+00 6.745557688039836464e+00
1.381719219684600874e+00 7.540576275524034422e+00
1.385554158687591464e+00 8.194345950893886510e+00
1.389389097690582275e+00 8.878664345634955879e+00
1.393224036693573087e+00 9.568960845026166950e+00
1.397058975696563676e+00 1.002070447318267199e+01
1.400893914699554488e+00 1.055097211598276097e+01
1.404728853702545077e+00 1.086514887252849526e+01
1.408563792705535889e+00 1.108873702877458456e+01
1.412398731708526700e+00 1.113967626385743870e+01
1.416233670711517290e+00 1.111259228301141988e+01
1.420068609714508101e+00 1.094013907921862838e+01
1.423903548717498690e+00 1.071987185613401650e+01
1.427738487720489502e+00 1.021638096443049193e+01
1.431573426723480313e+00 9.789660226102059326e+00
1.435408365726470903e+00 9.175290936917662066e+00
1.439243304729461714e+00 8.526619317561632272e+00
1.443078243732452304e+00 7.884965157336937480e+00
1.446913182735443115e+00 7.059364007641381278e+00
1.450748121738433927e+00 6.415989180122363855e+00
1.454583060741424516e+00 5.645024364390418548e+00
1.458417999744415328e+00 4.962013242180731254e+00
1.462252938747405917e+00 4.303949682669834687e+00
1.466087877750396729e+00 3.664604657669224164e+00
1.469922816753387540e+00 3.100234937489013021e+00
1.473757755756378129e+00 2.579547030249210060e+00
1.477592694759368941e+00 2.119377065325456222e+00
1.481427633762359530e+00 1.737243392977380729e+00
1.485262572765350342e+00 1.414888465796523942e+00
1.489097511768341153e+00 1.123018969189841121e+00
1.492932450771331743e+00 8.936733750972633006e-01
1.496767389774322554e+00 6.801384496729020457e-01
1.500602328777313144e+00 5.283069800267126137e-01
1.504437267780303955e+00 4.051636617841473664e-01
1.508272206783294767e+00 3.070594579583002526e-01
1.512107145786285356e+00 2.266591870134745668e-01
1.515942084789276167e+00 1.665620242325422384e-01
1.519777023792266757e+00 1.221830401772083519e-01
1.523611962795257568e+00 8.543066138274515997e-02
1.527446901798248380e+00 5.865466028878850435e-02
1.531281840801238969e+00 3.990432812856008205e-02
1.535116779804229781e+00 2.823806658888116522e-02
1.538951718807220370e+00 2.043985109127781710e-02
1.542786657810211182e+00 1.322923454349635500e-02
1.546621596813201993e+00 8.820131259909200216e-03
1.550456535816192583e+00 6.210293832045470259e-03
1.554291474819183394e+00 4.247952375492860047e-03
1.558126413822173983e+00 2.595599000580095950e-03
1.561961352825164795e+00 2.101030921975132783e-03
1.565796291828155606e+00 1.092937196641246026e-03
1.569631230831146196e+00 6.258380353759246091e-04
1.573466169834137007e+00 7.041542609051187115e-04
1.577301108837127597e+00 3.330978744178887630e-04
1.581136047840118408e+00 1.380202647319347345e-04
1.584970986843109220e+00 2.702214743410742657e-05
1.588805925846099809e+00 5.843501730165971708e-05
