1.327888098359107927e+00 3.488303084021806573e-05
1.331635734438896268e+00 2.276538805131400203e-07
1.335383370518684387e+00 5.789814913450607363e-06
1.339131006598472506e+00 4.164147332791115894e-06
1.342878642678260848e+00 1.233346596783392939e-10
1.346626278758048967e+00 1.504325559065744557e-19
1.350373914837837308e+00 7.161762269910151518e-18
1.354121550917625427e+00 1.219243335861580664e-09
1.357869186997413546e+00 9.761725096841688640e-06
1.361616823077201888e+00 3.238705872472164590e-05
1.365364459156990007e+00 1.025520838145016749e-04
1.369112095236778348e+00 4.570494731217344587e-06
1.372859731316566467e+00 2.006557027320946855e-05
1.376607367396354586e+00 2.228189969880677121e-04
1.380355003476142928e+00 1.138648586618705894e-04
1.384102639555931047e+00 3.487266775452074882e-04
1.387850275635719388e+00 6.861654537002111632e-04
1.391597911715507507e+00 2.493265702695245892e-03
1.395345547795295627e+00 3.598329512158269291e-03
1.399093183875083968e+00 5.993693135468699217e-03
1.402840819954872087e+00 9.099314074861017398e-03
1.406588456034660428e+00 1.329936182976716556e-02
1.410336092114448547e+00 2.021821941951972360e-02
1.414083728194236667e+00 3.042016164008562104e-02
1.417831364274025008e+00 4.407051702710328839e-02
1.421579000353813127e+00 6.442961614109389556e-02
1.425326636433601468e+00 8.923141168798046086e-02
1.429074272513389587e+00 1.260586992615048418e-01
1.432821908593177707e+00 1.758816979297269101e-01
1.436569544672966048e+00 2.419866684636517162e-01
1.440317180752754167e+00 3.278186177148144642e-01
1.444064816832542508e+00 4.357217077132896632e-01
1.447812452912330627e+00 5.835616443251934182e-01
1.451560088992118747e+00 7.622063219782967414e-01
1.455307725071907088e+00 9.699167125620270502e-01
1.459055361151695207e+00 1.233619678433809819e+00
1.462802997231483548e+00 1.542813386215537763e+00
1.466550633311271667e+00 1.922768952884328808e+00
1.470298269391059787e+00 2.376640787908294694e+00
1.474045905470848128e+00 2.874994474386746379e+00
1.477793541550636247e+00 3.455740979745316022e+00
1.481541177630424588e+00 4.064975812016729861e+00
1.485288813710212708e+00 4.743279775363418160e+00
1.489036449790000827e+00 5.465408329873612914e+00
1.492784085869789168e+00 6.261297637859476239e+00
1.496531721949577287e+00 7.022006497275065762e+00
1.500279358029365628e+00 7.820018572604277907e+00
1.504026994109153748e+00 8.599035073166906074e+00
1.507774630188941867e+00 9.294805115027074294e+00
1.511522266268730208e+00 9.989827448673031185e+00
1.515269902348518327e+00 1.054754193164720100e+01
1.519017538428306668e+00 1.103268571326423242e+01
1.522765174508094788e+00 1.139970445757766271e+01
1.526512810587882907e+00 1.159597831385957178e+01
1.530260446667671248e+00 1.166985060567138710e+01
1.534008082747459367e+00 1.162914579205427579e+01
1.537755718827247708e+00 1.142637290211458279e+01
1.541503354907035828e+00 1.109974279327779456e+01
1.545250990986823947e+00 1.064028184905392216e+01
1.548998627066612288e+00 1.011559142111583931e+01
1.552746263146400407e+00 9.433439944091468021e+00
1.556493899226188748e+00 8.714960615464246274e+00
1.560241535305976868e+00 7.982521004636301321e+00
1.563989171385764987e+00 7.163619075411016723e+00
1.567736807465553328e+00 6.387681587454628662e+00
1.571484443545341447e+00 5.619089936610214941e+00
1.575232079625129789e+00 4.857428746633237537e+00
1.578979715704917908e+00 4.181392748768266721e+00
1.582727351784706027e+00 3.551451450216627670e+00
1.586474987864494368e+00 2.967171544282421358e+00
1.590222623944282487e+00 2.474291265622772684e+00
1.593970260024070829e+00 2.030951371493384006e+00
1.597717896103858948e+00 1.634478081392579440e+00
1.601465532183647067e+00 1.290546668434733091e+00
1.605213168263435408e+00 1.025785685502039524e+00
1.608960804343223527e+00 7.944783093574666610e-01
1.612708440423011869e+00 6.130086217019328210e-01
1.616456076502799988e+00 4.641580986326753755e-01
1.620203712582588107e+00 3.517246840000316510e-01
1.623951348662376448e+00 2.630105083471637184e-01
1.627698984742164567e+00 1.912448073259727654e-01
1.631446620821952909e+00 1.367690453664232864e-01
1.635194256901741028e+00 9.713831002932726832e-02
1.638941892981529147e+00 7.091533168751973371e-02
1.642689529061317488e+00 4.693845737253826006e-02
1.646437165141105607e+00 3.302549632127732560e-02
1.650184801220893949e+00 2.327072702306405214e-02
1.653932437300682068e+00 1.440528257667934679e-02
1.657680073380470187e+00 9.496659068827299072e-03
1.661427709460258528e+00 6.395810089362427217e-03
1.665175345540046647e+00 3.433362712734093665e-03
1.668922981619834989e+00 1.899490012383360602e-03
1.672670617699623108e+00 3.871020096877118497e-04
1.676418253779411227e+00 2.601292556068201633e-04
1.680165889859199568e+00 2.547974434537222770e-04
1.683913525938987688e+00 1.266593430962104810e-04
1.687661162018776029e+00 1.031423924222593261e-05
1.691408798098564148e+00 8.771517915677194032e-06
1.695156434178352267e+00 1.117217909926060667e-05
1.698904070258140608e+00 1.744249343531317802e-05
