9.170932340621948953e-01 5.374927036578802405e-06
9.206396245956420810e-01 1.171885172974715722e-10
9.241860151290892667e-01 1.214569915691803283e-24
9.277324056625366744e-01 2.547161810541340243e-15
9.312787961959838601e-01 1.033256943960335784e-06
9.348251867294311568e-01 1.552692533098214627e-05
9.383715772628784535e-01 6.291820899409238198e-06
9.419179677963256392e-01 1.532451592130793124e-05
9.454643583297729359e-01 3.922396987467591939e-05
9.490107488632202326e-01 9.193592302355890484e-05
9.525571393966674183e-01 9.132890211890522930e-05
9.561035299301148260e-01 2.154397415253975310e-04
9.596499204635620117e-01 3.890173690804300832e-04
9.631963109970091974e-01 5.871710920943863090e-04
9.667427015304566051e-01 2.625083398625887351e-03
9.702890920639037908e-01 4.177039310819295227e-03
9.738354825973510875e-01 6.972539796771380465e-03
9.773818731307983843e-01 1.078631837942869987e-02
9.809282636642455699e-01 1.693122010206730282e-02
9.844746541976928667e-01 2.428093876764203865e-02
9.880210447311401634e-01 3.837549435003558690e-02
9.915674352645873491e-01 5.569253641743184685e-02
9.951138257980346458e-01 8.346915968048239376e-02
9.986602163314819425e-01 1.183569617313564581e-01
1.002206606864929128e+00 1.696084887008969255e-01
1.005752997398376536e+00 2.359977030154148947e-01
1.009299387931823722e+00 3.281131890528260486e-01
1.012845778465270907e+00 4.465337426731928461e-01
1.016392168998718315e+00 6.024373726432017406e-01
1.019938559532165501e+00 8.018801149995571365e-01
1.023484950065612686e+00 1.053278457741591012e+00
1.027031340599060094e+00 1.348090300402571051e+00
1.030577731132507502e+00 1.731699925723262812e+00
1.034124121665954465e+00 2.177291364028573373e+00
1.037670512199401873e+00 2.701677656645012249e+00
1.041216902732849281e+00 3.296755656191034944e+00
1.044763293266296245e+00 3.986437996820993757e+00
1.048309683799743652e+00 4.735790514173511490e+00
1.051856074333191060e+00 5.570836474848889885e+00
1.055402464866638024e+00 6.437161801835775243e+00
1.058948855400085431e+00 7.355556104740761825e+00
1.062495245933532839e+00 8.277353779091075836e+00
1.066041636466979803e+00 9.192103655400362783e+00
1.069588027000427211e+00 1.007570472979398879e+01
1.073134417533874618e+00 1.089637960304473374e+01
1.076680808067321582e+00 1.162189155315159894e+01
1.080227198600768990e+00 1.220508041803574706e+01
1.083773589134216397e+00 1.266849949359559879e+01
1.087319979667663583e+00 1.293231280260903304e+01
1.090866370201110769e+00 1.304428736666555544e+01
1.094412760734558177e+00 1.298997370636077164e+01
1.097959151268005362e+00 1.275102015971441460e+01
1.101505541801452548e+00 1.232204504798271394e+01
1.105051932334899956e+00 1.179605160517458096e+01
1.108598322868347141e+00 1.110411335359068374e+01
1.112144713401794327e+00 1.031758911498050679e+01
1.115691103935241735e+00 9.452106522724598392e+00
1.119237494468689142e+00 8.545627697521002375e+00
1.122783885002136106e+00 7.620725425047325530e+00
1.126330275535583514e+00 6.702045265396529672e+00
1.129876666069030922e+00 5.816759937703591454e+00
1.133423056602477885e+00 4.960417141012842812e+00
1.136969447135925293e+00 4.182957898311176592e+00
1.140515837669372701e+00 3.481347634637046884e+00
1.144062228202819664e+00 2.868692214266109097e+00
1.147608618736267072e+00 2.313404048631359622e+00
1.151155009269714480e+00 1.849863868319649551e+00
1.154701399803161443e+00 1.455054769221895361e+00
1.158247790336608851e+00 1.133222278761881308e+00
1.161794180870056259e+00 8.672219200939321748e-01
1.165340571403503223e+00 6.515080476985065649e-01
1.168886961936950630e+00 4.889416855614104329e-01
1.172433352470398038e+00 3.593431497851549694e-01
1.175979743003845002e+00 2.610611506848707908e-01
1.179526133537292409e+00 1.897491292130771556e-01
1.183072524070739817e+00 1.347413996590144936e-01
1.186618914604187003e+00 9.224646384945568711e-02
1.190165305137634189e+00 6.309120348932795164e-02
1.193711695671081596e+00 4.160059016797038045e-02
1.197258086204529004e+00 2.945736739635150536e-02
1.200804476737975968e+00 1.896894320627974875e-02
1.204350867271423375e+00 1.217534266416540716e-02
1.207897257804870783e+00 7.960229030175557455e-03
1.211443648338317747e+00 4.627279254413446674e-03
1.214990038871765154e+00 1.675512585415626227e-03
1.218536429405212562e+00 6.950559091842674559e-04
1.222082819938659526e+00 3.501575488882645673e-04
1.225629210472106934e+00 1.721593596060480807e-04
1.229175601005554341e+00 1.412960690588660852e-04
1.232721991539001305e+00 6.655637946936804198e-05
1.236268382072448713e+00 1.687901758715560423e-05
1.239814772605896120e+00 3.951603466129631351e-05
1.243361163139343084e+00 5.643386677722700258e-06
1.246907553672790492e+00 1.488534747937714268e-05
1.250453944206237900e+00 2.790464383870784471e-06
1.254000334739684863e+00 5.490271137650483267e-15
1.257546725273132271e+00 5.552653727484647818e-33
1.261093115806579679e+00 1.214569912087204040e-24
1.264639506340026642e+00 1.171885172975950031e-10
1.268185896873474050e+00 5.374927036578802405e-06
