1.253514424562454099e+00 1.938919643087828060e-05
1.256736682653427195e+00 1.871731867110523791e-05
1.259958940744399847e+00 3.238956382189583965e-05
1.263181198835372943e+00 2.248266444480591383e-05
1.266403456926345816e+00 3.635652802471174566e-05
1.269625715017318690e+00 1.002094148906602954e-04
1.272847973108291786e+00 2.573284862769175774e-04
1.276070231199264438e+00 3.405209369335791955e-04
1.279292489290237533e+00 4.206657736647598320e-04
1.282514747381210185e+00 1.850890515208995042e-03
1.285737005472183281e+00 2.874506008762081535e-03
1.288959263563155933e+00 4.065915351222234263e-03
1.292181521654129028e+00 6.781728090323958270e-03
1.295403779745102124e+00 9.207660215932014780e-03
1.298626037836074776e+00 1.440926610379233974e-02
1.301848295927047872e+00 2.194313380736341232e-02
1.305070554018020523e+00 3.177359505277458501e-02
1.308292812108993619e+00 4.339078313057396358e-02
1.311515070199966271e+00 6.325623474726978224e-02
1.314737328290939367e+00 8.669271562167261969e-02
1.317959586381912240e+00 1.200006945700142491e-01
1.321181844472885114e+00 1.628136684506762411e-01
1.324404102563858210e+00 2.183699423614023361e-01
1.327626360654830862e+00 2.862385886969631699e-01
1.330848618745803957e+00 3.944862909308896048e-01
1.334070876836776609e+00 5.112251863293845178e-01
1.337293134927749705e+00 6.528427642066840786e-01
1.340515393018722357e+00 8.283031585591190682e-01
1.343737651109695452e+00 1.055192499761516078e+00
1.346959909200668326e+00 1.329772242100031532e+00
1.350182167291641200e+00 1.647716766249040621e+00
1.353404425382614296e+00 2.019868985204499090e+00
1.356626683473586947e+00 2.454840909757388001e+00
1.359848941564560043e+00 2.928902269209858300e+00
1.363071199655532695e+00 3.482010983137543647e+00
1.366293457746505791e+00 4.097356665523114394e+00
1.369515715837478442e+00 4.793501737862073675e+00
1.372737973928451538e+00 5.480000904803090656e+00
1.375960232019424412e+00 6.232429405890506757e+00
1.379182490110397286e+00 6.991424177452348232e+00
1.382404748201370381e+00 7.791326798791299524e+00
1.385627006292343033e+00 8.591671316804577074e+00
1.388849264383316129e+00 9.378110777151988486e+00
1.392071522474288781e+00 1.006089847284575534e+01
1.395293780565261876e+00 1.073135670509599038e+01
1.398516038656234750e+00 1.139512468411454194e+01
1.401738296747207624e+00 1.183473161775970794e+01
1.404960554838180720e+00 1.226977187503232258e+01
1.408182812929153371e+00 1.253901158102668489e+01
1.411405071020126467e+00 1.264353253526101106e+01
1.414627329111099119e+00 1.262599641297061837e+01
1.417849587202072215e+00 1.249347096934942414e+01
1.421071845293044866e+00 1.228492041398831347e+01
1.424294103384017962e+00 1.190771985189087445e+01
1.427516361474990836e+00 1.142481812098174920e+01
1.430738619565963710e+00 1.078949419574611390e+01
1.433960877656936805e+00 1.016167161213341963e+01
1.437183135747909457e+00 9.403363138520138165e+00
1.440405393838882553e+00 8.653244433892549381e+00
1.443627651929855205e+00 7.882331015072714386e+00
1.446849910020828300e+00 7.045393386519849699e+00
1.450072168111800952e+00 6.271554460304705536e+00
1.453294426202774048e+00 5.535242156220606446e+00
1.456516684293746922e+00 4.807942784511221035e+00
1.459738942384719795e+00 4.132145317483675306e+00
1.462961200475692891e+00 3.527188153786794178e+00
1.466183458566665543e+00 2.972351071493375407e+00
1.469405716657638639e+00 2.473750425057337221e+00
1.472627974748611290e+00 2.050357114054858432e+00
1.475850232839584386e+00 1.667285477821258688e+00
1.479072490930557260e+00 1.337475842295167583e+00
1.482294749021530134e+00 1.067765158388239488e+00
1.485517007112503229e+00 8.586421437796841749e-01
1.488739265203475881e+00 6.679314432813568958e-01
1.491961523294448977e+00 5.098727029875266270e-01
1.495183781385421629e+00 3.851756369062802610e-01
1.498406039476394724e+00 3.023030339404373379e-01
1.501628297567367376e+00 2.245950517258848145e-01
1.504850555658340472e+00 1.669293272628967761e-01
1.508072813749313346e+00 1.220625542993959145e-01
1.511295071840286219e+00 8.782677377818555453e-02
1.514517329931259315e+00 6.725910139133715882e-02
1.517739588022231967e+00 4.448970602692167708e-02
1.520961846113205063e+00 3.282410024183670533e-02
1.524184104204177714e+00 2.131821055844810436e-02
1.527406362295150810e+00 1.409010320356410273e-02
1.530628620386123462e+00 9.308877860159573900e-03
1.533850878477096558e+00 5.594142889565703082e-03
1.537073136568069431e+00 4.350745965396298973e-03
1.540295394659042305e+00 1.955117942928361399e-03
1.543517652750015401e+00 1.001081790191665375e-03
1.546739910840988053e+00 6.794499422804717954e-04
1.549962168931961148e+00 5.110186075721620882e-04
1.553184427022933800e+00 2.028042651526394875e-04
1.556406685113906896e+00 1.187177056515072198e-04
1.559628943204879770e+00 1.262091989192253407e-04
1.562851201295852643e+00 2.092400474165707739e-05
1.566073459386825517e+00 7.807392413913136561e-06
1.569295717477798391e+00 3.454673657256621954e-06
1.572517975568771487e+00 2.946199957226275118e-05
