8.295250856876372758e-01 4.820467964955251329e-05
8.321392905712128307e-01 4.727421168558715073e-07
8.347534954547881636e-01 3.885134222689995793e-13
8.373677003383637185e-01 1.398423881933480373e-15
8.399819052219390514e-01 1.792217406207834242e-08
8.425961101055146063e-01 2.471595778259134222e-05
8.452103149890899392e-01 4.775273165581903295e-05
8.478245198726654941e-01 3.335759660767306204e-04
8.504387247562408270e-01 5.845681571892480995e-04
8.530529296398163819e-01 1.280270890535380049e-03
8.556671345233917148e-01 1.590904919229018180e-03
8.582813394069672697e-01 2.232533860427002737e-03
8.608955442905426025e-01 3.540581755707787690e-03
8.635097491741179354e-01 5.865273488058549145e-03
8.661239540576934903e-01 9.376231477376498202e-03
8.687381589412688232e-01 1.216034925193449322e-02
8.713523638248443781e-01 1.886703222842084013e-02
8.739665687084197110e-01 2.760052095117544388e-02
8.765807735919952659e-01 3.885356197921731314e-02
8.791949784755705988e-01 5.719944833526393463e-02
8.818091833591461537e-01 8.038883629302352729e-02
8.844233882427214866e-01 1.188195382581375831e-01
8.870375931262970415e-01 1.606730779917115159e-01
8.896517980098723744e-01 2.241332881580729297e-01
8.922660028934479293e-01 2.999401792105426123e-01
8.948802077770232621e-01 4.040397363657216023e-01
8.974944126605988171e-01 5.429403343255735370e-01
9.001086175441741499e-01 7.085473045219889965e-01
9.027228224277497048e-01 9.242022830025256042e-01
9.053370273113250377e-01 1.181136655260478063e+00
9.079512321949005926e-01 1.507133999280172443e+00
9.105654370784759255e-01 1.872516844774299472e+00
9.131796419620514804e-01 2.327813456926063118e+00
9.157938468456268133e-01 2.869263872733808007e+00
9.184080517292023682e-01 3.483731867200702936e+00
9.210222566127777011e-01 4.159836861619401915e+00
9.236364614963532560e-01 4.939277838659936748e+00
9.262506663799285889e-01 5.796582333686159494e+00
9.288648712635040328e-01 6.717893293293442980e+00
9.314790761470794767e-01 7.703487728322605754e+00
9.340932810306548095e-01 8.721380056887932497e+00
9.367074859142303644e-01 9.786005130317606771e+00
9.393216907978056973e-01 1.081024719471112583e+01
9.419358956813812522e-01 1.183773157178144153e+01
9.445501005649565851e-01 1.281176981768100553e+01
9.471643054485321400e-01 1.369000019582286853e+01
9.497785103321074729e-01 1.447602533864312413e+01
9.523927152156830278e-01 1.515536728773712483e+01
9.550069200992583607e-01 1.565172195839277691e+01
9.576211249828339156e-01 1.595942009895354197e+01
9.602353298664092485e-01 1.615811181892133774e+01
9.628495347499848034e-01 1.611931982281593534e+01
9.654637396335601363e-01 1.596864781176740600e+01
9.680779445171356912e-01 1.554186054962028329e+01
9.706921494007110240e-01 1.494796982699609877e+01
9.733063542842865790e-01 1.429639274689349904e+01
9.759205591678619118e-01 1.349408698317443012e+01
9.785347640514374667e-01 1.257019926934230902e+01
9.811489689350127996e-01 1.162180363946989914e+01
9.837631738185883545e-01 1.056108557032171547e+01
9.863773787021636874e-01 9.498869567169949235e+00
9.889915835857391313e-01 8.493117076745138050e+00
9.916057884693145752e-01 7.477649886207747620e+00
9.942199933528900191e-01 6.508922810287950611e+00
9.968341982364654630e-01 5.615419595231960770e+00
9.994484031200409069e-01 4.746123916468492965e+00
1.002062608003616351e+00 4.024667367599282564e+00
1.004676812887191684e+00 3.323243873875941112e+00
1.007291017770767239e+00 2.728813545808944419e+00
1.009905222654342793e+00 2.219529811531557151e+00
1.012519427537918126e+00 1.779134641277487328e+00
1.015133632421493459e+00 1.406680090231939406e+00
1.017747837305069014e+00 1.121553365801158275e+00
1.020362042188644569e+00 8.672341866488518791e-01
1.022976247072219902e+00 6.684199657523676175e-01
1.025590451955795235e+00 5.037716554526737722e-01
1.028204656839370568e+00 3.786100480190907058e-01
1.030818861722946345e+00 2.802968512587266647e-01
1.033433066606521677e+00 2.047465103557286337e-01
1.036047271490097010e+00 1.467860282087294077e-01
1.038661476373672343e+00 1.077634440337189997e-01
1.041275681257247898e+00 7.366931060530226838e-02
1.043889886140823453e+00 4.599775898295505039e-02
1.046504091024398786e+00 2.865353262480772531e-02
1.049118295907974119e+00 2.387238259757793607e-02
1.051732500791549674e+00 1.404215083145350304e-02
1.054346705675125229e+00 1.080730336517421626e-02
1.056960910558700562e+00 7.095103854901846537e-03
1.059575115442275894e+00 4.562177520320466126e-03
1.062189320325851449e+00 2.539423104394740970e-03
1.064803525209427004e+00 1.427669242574332266e-03
1.067417730093002337e+00 9.007404259708974700e-04
1.070031934976577670e+00 9.398579248934215043e-04
1.072646139860153225e+00 4.288598722852237288e-04
1.075260344743728780e+00 3.423547903498978416e-04
1.077874549627304113e+00 1.519335046615846404e-04
1.080488754510879446e+00 3.279971248891619027e-04
1.083102959394454778e+00 3.590726655879891769e-04
1.085717164278030555e+00 4.127438859173099762e-06
1.088331369161605888e+00 4.781147620769813912e-05
