1.370656287670135587e+00 7.283037803491120119e-05
1.373793947696685613e+00 1.236627511024024925e-04
1.376931607723236084e+00 1.358495698463805656e-04
1.380069267749786555e+00 2.139975531984802742e-04
1.383206927776336581e+00 1.892437634258883059e-04
1.386344587802887052e+00 3.266860472859109952e-04
1.389482247829437078e+00 7.345448958366522074e-04
1.392619907855987549e+00 1.607679911707179466e-03
1.395757567882538019e+00 2.115935032258902358e-03
1.398895227909088046e+00 2.737580271565002565e-03
1.402032887935638517e+00 4.007619707064247888e-03
1.405170547962188543e+00 6.084938152328073571e-03
1.408308207988739014e+00 8.617274900330033904e-03
1.411445868015289484e+00 1.216319018880017769e-02
1.414583528041839511e+00 1.885734246885778509e-02
1.417721188068389981e+00 2.693544434278957386e-02
1.420858848094940008e+00 3.590324568596749144e-02
1.423996508121490479e+00 4.922456173453610556e-02
1.427134168148040949e+00 6.905483090001099389e-02
1.430271828174590976e+00 9.423509034537656814e-02
1.433409488201141446e+00 1.293087472505539126e-01
1.436547148227691473e+00 1.716822448153595138e-01
1.439684808254241943e+00 2.263031656431329919e-01
1.442822468280792414e+00 3.007298690409367925e-01
1.445960128307342440e+00 3.903342042173158499e-01
1.449097788333892911e+00 4.944488491150452192e-01
1.452235448360442938e+00 6.421621188655612933e-01
1.455373108386993408e+00 8.126007156261946252e-01
1.458510768413543879e+00 1.001926625312242525e+00
1.461648428440093905e+00 1.246038345423913674e+00
1.464786088466644376e+00 1.535471105056392727e+00
1.467923748493194402e+00 1.865631143211986309e+00
1.471061408519744873e+00 2.239716738419455844e+00
1.474199068546295344e+00 2.689594929359332198e+00
1.477336728572845370e+00 3.141171644453497613e+00
1.480474388599395841e+00 3.698447658092423040e+00
1.483612048625945867e+00 4.265683100082257262e+00
1.486749708652496338e+00 4.920400893295355793e+00
1.489887368679046808e+00 5.576461753822377965e+00
1.493025028705596835e+00 6.295149203511449798e+00
1.496162688732147306e+00 7.006922785528958642e+00
1.499300348758697332e+00 7.717987211687583837e+00
1.502438008785247803e+00 8.450144974818698529e+00
1.505575668811798273e+00 9.052287182671770793e+00
1.508713328838348300e+00 9.816930701354609212e+00
1.511850988864898770e+00 1.041475337666069656e+01
1.514988648891448797e+00 1.100067374779323437e+01
1.518126308917999268e+00 1.134653667883656070e+01
1.521263968944549738e+00 1.186718870752051558e+01
1.524401628971099765e+00 1.206988267937667381e+01
1.527539288997650235e+00 1.217237681392658288e+01
1.530676949024200262e+00 1.232328268245619718e+01
1.533814609050750732e+00 1.217766460388272343e+01
1.536952269077301203e+00 1.204348875606981650e+01
1.540089929103851230e+00 1.170020591394615828e+01
1.543227589130401700e+00 1.141552317207906420e+01
1.546365249156951727e+00 1.075820572691996091e+01
1.549502909183502197e+00 1.030318177190023832e+01
1.552640569210052668e+00 9.679025810599139135e+00
1.555778229236602694e+00 9.005570774777176268e+00
1.558915889263153165e+00 8.245028537891366582e+00
1.562053549289703192e+00 7.559178413524469953e+00
1.565191209316253662e+00 6.849175275123277729e+00
1.568328869342804133e+00 6.072720204636063102e+00
1.571466529369354159e+00 5.471114087558932582e+00
1.574604189395904630e+00 4.716713427703571604e+00
1.577741849422454656e+00 4.124478328378152092e+00
1.580879509449005127e+00 3.560249588056954906e+00
1.584017169475555598e+00 3.073551930277598654e+00
1.587154829502105624e+00 2.581376790501841434e+00
1.590292489528656095e+00 2.161031929708045141e+00
1.593430149555206121e+00 1.804428832939592553e+00
1.596567809581756592e+00 1.458098747330388356e+00
1.599705469608307062e+00 1.197278889634705301e+00
1.602843129634857089e+00 9.674829723029503281e-01
1.605980789661407560e+00 7.747460189682352505e-01
1.609118449687957586e+00 6.162166927883112599e-01
1.612256109714508057e+00 4.895744934726326547e-01
1.615393769741058527e+00 3.786930113667620335e-01
1.618531429767608554e+00 2.875255854906239028e-01
1.621669089794159024e+00 2.166134030350800599e-01
1.624806749820709051e+00 1.663869161580326383e-01
1.627944409847259521e+00 1.256189263310874549e-01
1.631082069873809992e+00 9.127471559314956351e-02
1.634219729900360019e+00 6.893555328717311526e-02
1.637357389926910489e+00 5.147250745527727489e-02
1.640495049953460516e+00 3.525747250575388125e-02
1.643632709980010986e+00 2.475623527678769142e-02
1.646770370006561457e+00 1.731560202042853325e-02
1.649908030033111483e+00 1.309356518323878671e-02
1.653045690059661954e+00 8.119269927011316806e-03
1.656183350086211981e+00 6.888907521106620198e-03
1.659321010112762451e+00 4.517390634956760381e-03
1.662458670139312922e+00 2.753769928375733155e-03
1.665596330165862948e+00 1.524079356838989579e-03
1.668733990192413419e+00 1.307282157753459273e-03
1.671871650218963445e+00 8.246739668220364351e-04
1.675009310245513916e+00 2.803495455604502725e-04
1.678146970272064387e+00 2.270617770816233869e-04
1.681284630298614413e+00 1.087186756542745113e-04
