9.339695730805397389e-01 1.952699816389378640e-05
9.371822950243949846e-01 1.242162992025509235e-05
9.403950169682502302e-01 6.057698225946604483e-06
9.436077389121055869e-01 2.505120575030909488e-05
9.468204608559608326e-01 3.776191908169588093e-05
9.500331827998160783e-01 1.516389750580290289e-04
9.532459047436714350e-01 2.207393602952111619e-04
9.564586266875267917e-01 4.414929623807530316e-04
9.596713486313819264e-01 5.264924800723434642e-04
9.628840705752372831e-01 8.404792771362605422e-04
9.660967925190926398e-01 1.174408574264142148e-03
9.693095144629477744e-01 2.336793440441969558e-03
9.725222364068031311e-01 3.551628259246450078e-03
9.757349583506584878e-01 5.541072436209198288e-03
9.789476802945136225e-01 8.296657741762357083e-03
9.821604022383689792e-01 1.271095577761148510e-02
9.853731241822243359e-01 1.907181324350001525e-02
9.885858461260794705e-01 2.719882332154337917e-02
9.917985680699348272e-01 4.155857863756814985e-02
9.950112900137901839e-01 5.991963681829005212e-02
9.982240119576453186e-01 8.339347908170714752e-02
1.001436733901500675e+00 1.191163930357739126e-01
1.004649455845356032e+00 1.659821059327653836e-01
1.007862177789211167e+00 2.308107489498326670e-01
1.011074899733066523e+00 3.117892742958937591e-01
1.014287621676921880e+00 4.251933762884891332e-01
1.017500343620777237e+00 5.552703522526386548e-01
1.020713065564632371e+00 7.323443026264130351e-01
1.023925787508487728e+00 9.481373497629578262e-01
1.027138509452342863e+00 1.219907884004447052e+00
1.030351231396198219e+00 1.553343828369243340e+00
1.033563953340053576e+00 1.942502345565906507e+00
1.036776675283908933e+00 2.336986940772682431e+00
1.039989397227764067e+00 2.884274356189436617e+00
1.043202119171619424e+00 3.535411538683034038e+00
1.046414841115474559e+00 4.143828400157955727e+00
1.049627563059329916e+00 4.869226706232152146e+00
1.052840285003185272e+00 5.701151095964057447e+00
1.056053006947040629e+00 6.559090925755063139e+00
1.059265728890895986e+00 7.320604053034019287e+00
1.062478450834751120e+00 8.497535300455028917e+00
1.065691172778606255e+00 9.211971058462323114e+00
1.068903894722461612e+00 1.007285846900705728e+01
1.072116616666316968e+00 1.087871536308002796e+01
1.075329338610172325e+00 1.183745795574525772e+01
1.078542060554027682e+00 1.226963216434220882e+01
1.081754782497882816e+00 1.286140892443139805e+01
1.084967504441738173e+00 1.318175770951784287e+01
1.088180226385593308e+00 1.335057894158315861e+01
1.091392948329448664e+00 1.381888827228292449e+01
1.094605670273304021e+00 1.333852411870248034e+01
1.097818392217159378e+00 1.325056640064766356e+01
1.101031114161014512e+00 1.281537718926501945e+01
1.104243836104869869e+00 1.244509368048060516e+01
1.107456558048725004e+00 1.145428229982556800e+01
1.110669279992580361e+00 1.108482795174295177e+01
1.113882001936435717e+00 1.002067947876035525e+01
1.117094723880291074e+00 9.003136604838445578e+00
1.120307445824146209e+00 8.276604912169185368e+00
1.123520167768001565e+00 7.361787390758014915e+00
1.126732889711856700e+00 6.450253932367457033e+00
1.129945611655712057e+00 5.508014328399133852e+00
1.133158333599567413e+00 4.862309270926179039e+00
1.136371055543422770e+00 4.031144957000699414e+00
1.139583777487278127e+00 3.446054875403062212e+00
1.142796499431133261e+00 2.806497550452171197e+00
1.146009221374988396e+00 2.307694098857752785e+00
1.149221943318843753e+00 1.858095397982125752e+00
1.152434665262699109e+00 1.488816044779729841e+00
1.155647387206554466e+00 1.168032434339624004e+00
1.158860109150409823e+00 9.061969448718369957e-01
1.162072831094264957e+00 7.058644782518899152e-01
1.165285553038120314e+00 5.221769312465504020e-01
1.168498274981975449e+00 3.995620525517475374e-01
1.171710996925830806e+00 2.995813639087592795e-01
1.174923718869686162e+00 2.163017878086134216e-01
1.178136440813541519e+00 1.556344601615133327e-01
1.181349162757396654e+00 1.130165729605590585e-01
1.184561884701252010e+00 8.010131051783633827e-02
1.187774606645107145e+00 5.485503233897225800e-02
1.190987328588962502e+00 3.933878878734129586e-02
1.194200050532817858e+00 2.701328890245887834e-02
1.197412772476673215e+00 1.752414098321285196e-02
1.200625494420528572e+00 1.157563204177143590e-02
1.203838216364383706e+00 7.497740558881080437e-03
1.207050938308238841e+00 4.759722470104544786e-03
1.210263660252094198e+00 3.265996842817156087e-03
1.213476382195949554e+00 1.966843228831918061e-03
1.216689104139804911e+00 1.205681553881208590e-03
1.219901826083660268e+00 6.206523666925262443e-04
1.223114548027515402e+00 4.569922344563034163e-04
1.226327269971370537e+00 2.524594994153629224e-04
1.229539991915225894e+00 1.342987294137702769e-04
1.232752713859081251e+00 4.895809129970447182e-05
1.235965435802936607e+00 6.604946844275460193e-05
1.239178157746791964e+00 2.440016973483206532e-05
1.242390879690647099e+00 8.978817158378743260e-06
1.245603601634502233e+00 1.263359014443033877e-05
1.248816323578357590e+00 5.254440069514798268e-06
1.252029045522212947e+00 4.346779754976587645e-05
