1.267415294647216806e+00 2.182528897508670288e-04
1.270446090698242214e+00 2.680828429030583313e-04
1.273476886749267623e+00 1.336390913260350173e-04
1.276507682800293031e+00 2.233340177532640281e-04
1.279538478851318439e+00 5.320735024839719522e-04
1.282569274902343848e+00 9.738491534052291050e-04
1.285600070953369034e+00 1.597823667963330432e-03
1.288630867004394442e+00 1.811816051688889227e-03
1.291661663055419851e+00 3.351975947603021318e-03
1.294692459106445259e+00 5.083869315387505583e-03
1.297723255157470668e+00 6.968523708086388040e-03
1.300754051208496076e+00 1.003693856578593419e-02
1.303784847259521484e+00 1.539976827118275451e-02
1.306815643310546893e+00 2.133392321125658284e-02
1.309846439361572301e+00 2.982263809494258358e-02
1.312877235412597710e+00 4.542226608593214615e-02
1.315908031463623118e+00 6.510509607104683627e-02
1.318938827514648526e+00 8.564307808004233136e-02
1.321969623565673935e+00 1.195397411480685762e-01
1.325000419616699121e+00 1.688833400426149878e-01
1.328031215667724529e+00 2.249318756988075152e-01
1.331062011718749938e+00 3.007494768567434140e-01
1.334092807769775346e+00 3.904763028466923802e-01
1.337123603820800755e+00 5.035733762405121272e-01
1.340154399871826163e+00 6.561634064583061754e-01
1.343185195922851571e+00 8.536376832110540436e-01
1.346215991973876980e+00 1.059408326443475934e+00
1.349246788024902388e+00 1.313157005204823147e+00
1.352277584075927797e+00 1.674900147676682272e+00
1.355308380126953205e+00 2.021272032367163352e+00
1.358339176177978613e+00 2.470015883214179642e+00
1.361369972229003800e+00 2.966150506476956217e+00
1.364400768280029208e+00 3.489999154607636100e+00
1.367431564331054616e+00 4.088017395363757522e+00
1.370462360382080025e+00 4.768954996255878598e+00
1.373493156433105433e+00 5.575089076388290543e+00
1.376523952484130842e+00 6.268389198982333710e+00
1.379554748535156250e+00 7.081451729350970226e+00
1.382585544586181658e+00 7.979009106435494658e+00
1.385616340637207067e+00 8.705213788085670146e+00
1.388647136688232475e+00 9.521762295829299561e+00
1.391677932739257884e+00 1.033400435368993975e+01
1.394708728790283292e+00 1.107783597261492758e+01
1.397739524841308478e+00 1.161355957858802945e+01
1.400770320892333887e+00 1.228902914932297286e+01
1.403801116943359295e+00 1.270945741353175862e+01
1.406831912994384703e+00 1.293918886491582754e+01
1.409862709045410112e+00 1.331484570805776713e+01
1.412893505096435520e+00 1.328587254868740786e+01
1.415924301147460929e+00 1.327003384304481948e+01
1.418955097198486337e+00 1.292706822634228558e+01
1.421985893249511745e+00 1.280731778123309006e+01
1.425016689300537154e+00 1.221807111044450700e+01
1.428047485351562562e+00 1.165274608865883366e+01
1.431078281402587971e+00 1.110059078715658565e+01
1.434109077453613379e+00 1.028716412138692071e+01
1.437139873504638565e+00 9.534296958517570530e+00
1.440170669555663974e+00 8.713825237544105207e+00
1.443201465606689382e+00 7.872087971365179015e+00
1.446232261657714790e+00 7.057916160754865054e+00
1.449263057708740199e+00 6.262591768179670559e+00
1.452293853759765607e+00 5.516702915292773568e+00
1.455324649810791016e+00 4.780974446069579997e+00
1.458355445861816424e+00 4.104352898926527438e+00
1.461386241912841832e+00 3.515118480754075847e+00
1.464417037963867241e+00 2.942727320708571792e+00
1.467447834014892649e+00 2.440565816781265607e+00
1.470478630065918058e+00 2.029506623053537240e+00
1.473509426116943244e+00 1.660852280363952937e+00
1.476540222167968652e+00 1.316601839946537567e+00
1.479571018218994061e+00 1.065777251818965876e+00
1.482601814270019469e+00 8.422545503473201078e-01
1.485632610321044877e+00 6.620838011750651564e-01
1.488663406372070286e+00 5.054058899047935149e-01
1.491694202423095694e+00 3.953982993418840852e-01
1.494724998474121103e+00 2.949599244927635366e-01
1.497755794525146511e+00 2.158614797890380521e-01
1.500786590576171919e+00 1.609825398696315413e-01
1.503817386627197328e+00 1.183770347906365483e-01
1.506848182678222736e+00 8.865748989414597159e-02
1.509878978729248145e+00 6.644453635599756325e-02
1.512909774780273331e+00 4.497643172096907338e-02
1.515940570831298739e+00 2.933730318078198174e-02
1.518971366882324148e+00 2.241569716379285260e-02
1.522002162933349556e+00 1.662675105464915884e-02
1.525032958984374964e+00 1.035456460034625374e-02
1.528063755035400373e+00 6.730430300454336677e-03
1.531094551086425781e+00 4.551380676464183116e-03
1.534125347137451190e+00 3.119932847208514454e-03
1.537156143188476598e+00 2.395784747262681615e-03
1.540186939239502006e+00 1.362768997077610242e-03
1.543217735290527415e+00 5.377195858041114700e-04
1.546248531341552823e+00 4.736150654553234374e-04
1.549279327392578010e+00 2.174519770553777010e-04
1.552310123443603418e+00 3.544704493830387148e-04
1.555340919494628826e+00 1.607986471500383384e-04
1.558371715545654235e+00 1.957371594255903234e-05
1.561402511596679643e+00 6.942913859664299428e-05
1.564433307647705051e+00 1.307046949881046881e-05
1.567464103698730460e+00 6.958861051526220407e-05
