9.293473637104034957e-01 6.149530530814795171e-02
9.296570050716399525e-01 8.205937439192469152e-02
9.299666464328766313e-01 1.088713726173859697e-01
9.302762877941130881e-01 1.436145534849886662e-01
9.305859291553497670e-01 1.883573029700593982e-01
9.308955705165862238e-01 2.456211335997806888e-01
9.312052118778229026e-01 3.184551353592929290e-01
9.315148532390593594e-01 4.105159531578023158e-01
9.318244946002960383e-01 5.261518218027053662e-01
9.321341359615324951e-01 6.704885643912550375e-01
9.324437773227691739e-01 8.495147596617624863e-01
9.327534186840056307e-01 1.070162527167339395e+00
9.330630600452423096e-01 1.340379594322322898e+00
9.333727014064789884e-01 1.669187534266397765e+00
9.336823427677154452e-01 2.066720345693809247e+00
9.339919841289521241e-01 2.544236941801175877e+00
9.343016254901885809e-01 3.114100689159578383e+00
9.346112668514252597e-01 3.789718957140015831e+00
9.349209082126617165e-01 4.585435774014299248e+00
9.352305495738983954e-01 5.516371203057214956e+00
9.355401909351348522e-01 6.598202007749144116e+00
9.358498322963715310e-01 7.846879611587675996e+00
9.361594736576079878e-01 9.278283295670226138e+00
9.364691150188446667e-01 1.090780900988048074e+01
9.367787563800811235e-01 1.274989706235693987e+01
9.370883977413178023e-01 1.481750522249039470e+01
9.373980391025542591e-01 1.712153731227169828e+01
9.377076804637909380e-01 1.967024102010161357e+01
9.380173218250273948e-01 2.246859226675733368e+01
9.383269631862640736e-01 2.551768677549997832e+01
9.386366045475005304e-01 2.881416231990053234e+01
9.389462459087372093e-01 3.234967721287291198e+01
9.392558872699736661e-01 3.611047173717710024e+01
9.395655286312103449e-01 4.007703920766962113e+01
9.398751699924468017e-01 4.422393204758824226e+01
9.401848113536834806e-01 4.851972556439505269e+01
9.404944527149199374e-01 5.292715800587710362e+01
9.408040940761566162e-01 5.740346002905180001e+01
9.411137354373932951e-01 6.190088007394624725e+01
9.414233767986297519e-01 6.636740454100215914e+01
9.417330181598664307e-01 7.074766344280635622e+01
9.420426595211028875e-01 7.498400372378624468e+01
9.423523008823395664e-01 7.901770414800263609e+01
9.426619422435760232e-01 8.279029800023202768e+01
9.429715836048127020e-01 8.624496328021965041e+01
9.432812249660491588e-01 8.932793500942484854e+01
9.435908663272858377e-01 9.198989106683556827e+01
9.439005076885222945e-01 9.418726188727677595e+01
9.442101490497589733e-01 9.588341554398576250e+01
9.445197904109954301e-01 9.704967322188109335e+01
9.448294317722321090e-01 9.766611576249555071e+01
9.451390731334685658e-01 9.772214958876364221e+01
9.454487144947052446e-01 9.721680954306235378e+01
9.457583558559417014e-01 9.615878654153132743e+01
9.460679972171783803e-01 9.456617893747770154e+01
9.463776385784148371e-01 9.246597753332791569e+01
9.466872799396515159e-01 8.989330471731402383e+01
9.469969213008879727e-01 8.689043769314808685e+01
9.473065626621246516e-01 8.350565374827031917e+01
9.476162040233611084e-01 7.979194159272135778e+01
9.479258453845977872e-01 7.580562673432581278e+01
9.482354867458342440e-01 7.160496050389525635e+01
9.485451281070709229e-01 6.724872170525462423e+01
9.488547694683076017e-01 6.279487706681488390e+01
9.491644108295440585e-01 5.829934195532672447e+01
9.494740521907807373e-01 5.381487651534542493e+01
9.497836935520171942e-01 4.939014492492501773e+01
9.500933349132538730e-01 4.506895725501444616e+01
9.504029762744903298e-01 4.088970494408503953e+01
9.507126176357270086e-01 3.688499258919248547e+01
9.510222589969634654e-01 3.308146100721192084e+01
9.513319003582001443e-01 2.949978966787148238e+01
9.516415417194366011e-01 2.615486089967535221e+01
9.519511830806732799e-01 2.305606388942936391e+01
9.522608244419097367e-01 2.020771351784418002e+01
9.525704658031464156e-01 1.760955749411080618e+01
9.528801071643828724e-01 1.525734499417947809e+01
9.531897485256195512e-01 1.314343093007184571e+01
9.534993898868560080e-01 1.125739189465144641e+01
9.538090312480926869e-01 9.586632520409061442e+00
9.541186726093291437e-01 8.116964231852929146e+00
9.544283139705658225e-01 6.833141929640586199e+00
9.547379553318022793e-01 5.719347806801281742e+00
9.550475966930389582e-01 4.759615073860254064e+00
9.553572380542754150e-01 3.938187704044824322e+00
9.556668794155120938e-01 3.239815281768693822e+00
9.559765207767485506e-01 2.649984565349405852e+00
9.562861621379852295e-01 2.155091412636857218e+00
9.565958034992219083e-01 1.742558253640642763e+00
9.569054448604583651e-01 1.400903342998224943e+00
9.572150862216950440e-01 1.119768625551182728e+00
9.575247275829315008e-01 8.899132547819149641e-01
9.578343689441681796e-01 7.031796810561474764e-01
9.581440103054046364e-01 5.524388437657788975e-01
9.584536516666413153e-01 4.315204275702947956e-01
9.587632930278777721e-01 3.351334430426085587e-01
9.590729343891144509e-01 2.587816242372154019e-01
9.593825757503509077e-01 1.986773494883949664e-01
9.596922171115875866e-01 1.516570269096477186e-01
9.600018584728240434e-01 1.151001726848927403e-01
