1.346944357752799970e+00 4.698706608365897403e-05
1.350651817917823738e+00 2.933115925087013476e-05
1.354359278082847506e+00 1.109044475070426773e-05
1.358066738247871275e+00 2.000845698738004154e-05
1.361774198412895265e+00 2.274338372465758773e-05
1.365481658577919033e+00 1.091940603251527966e-05
1.369189118742942801e+00 1.180355628474600904e-04
1.372896578907966569e+00 1.759249192595921580e-04
1.376604039072990338e+00 4.587615065465983077e-04
1.380311499238014328e+00 5.158182837719037890e-04
1.384018959403038096e+00 1.295798096442369197e-03
1.387726419568061864e+00 2.582325793736081967e-03
1.391433879733085632e+00 9.260458791393014547e-03
1.395141339898109401e+00 1.432986143334811537e-02
1.398848800063133169e+00 1.971716020547013490e-02
1.402556260228156937e+00 2.916294421516608948e-02
1.406263720393180927e+00 4.197139863463368592e-02
1.409971180558204695e+00 5.697574589285225172e-02
1.413678640723228463e+00 7.503110711642661801e-02
1.417386100888252232e+00 1.049256299477863558e-01
1.421093561053276000e+00 1.390740825066318909e-01
1.424801021218299990e+00 1.822567588266666150e-01
1.428508481383323758e+00 2.445759446378810709e-01
1.432215941548347526e+00 3.157469629336147610e-01
1.435923401713371295e+00 4.060666236761876768e-01
1.439630861878395063e+00 5.241147938807263484e-01
1.443338322043418831e+00 6.605999429960015545e-01
1.447045782208442599e+00 8.362028201956113183e-01
1.450753242373466367e+00 1.037793016333926621e+00
1.454460702538490358e+00 1.272646730148990324e+00
1.458168162703514126e+00 1.545736043734427856e+00
1.461875622868537894e+00 1.884294857774507337e+00
1.465583083033561662e+00 2.232277750171178354e+00
1.469290543198585652e+00 2.645042359311497560e+00
1.472998003363609421e+00 3.089033362659595383e+00
1.476705463528633189e+00 3.585236485543785712e+00
1.480412923693656957e+00 4.121314837134904430e+00
1.484120383858680725e+00 4.701883432210782310e+00
1.487827844023704493e+00 5.300543893916582761e+00
1.491535304188728261e+00 5.897255705059293973e+00
1.495242764353752030e+00 6.514183698746943918e+00
1.498950224518776020e+00 7.149660112652069799e+00
1.502657684683799788e+00 7.763561462327773555e+00
1.506365144848823556e+00 8.336755935575892451e+00
1.510072605013847324e+00 8.847383173210445761e+00
1.513780065178871093e+00 9.327940118584647777e+00
1.517487525343895083e+00 9.753808788572674970e+00
1.521194985508918851e+00 1.005553250228899742e+01
1.524902445673942619e+00 1.029271835777840316e+01
1.528609905838966387e+00 1.044779498465818079e+01
1.532317366003990156e+00 1.044551812269575208e+01
1.536024826169013924e+00 1.038664354273811874e+01
1.539732286334037692e+00 1.026396138417717907e+01
1.543439746499061460e+00 9.984186728438125158e+00
1.547147206664085450e+00 9.642625744887931560e+00
1.550854666829109219e+00 9.241264778803504498e+00
1.554562126994132987e+00 8.739912058952286955e+00
1.558269587159156755e+00 8.170796914021797974e+00
1.561977047324180745e+00 7.612059871822073553e+00
1.565684507489204513e+00 7.029233468605167623e+00
1.569391967654228282e+00 6.392111814003136772e+00
1.573099427819252050e+00 5.743014672261849363e+00
1.576806887984275818e+00 5.145915414935983812e+00
1.580514348149299586e+00 4.555969492835020063e+00
1.584221808314323354e+00 3.996491980631422081e+00
1.587929268479347122e+00 3.488981647476306236e+00
1.591636728644371113e+00 3.005278986980556066e+00
1.595344188809394881e+00 2.554543835469549329e+00
1.599051648974418649e+00 2.159369245226013145e+00
1.602759109139442417e+00 1.793539300630508482e+00
1.606466569304466185e+00 1.495825895403880113e+00
1.610174029469490176e+00 1.218682995351435538e+00
1.613881489634513944e+00 9.887429985315638881e-01
1.617588949799537712e+00 7.972375085391133487e-01
1.621296409964561480e+00 6.370435467345167968e-01
1.625003870129585248e+00 5.029309041685745552e-01
1.628711330294609017e+00 3.883740084512871116e-01
1.632418790459632785e+00 3.049414312244336789e-01
1.636126250624656553e+00 2.353844915077826505e-01
1.639833710789680543e+00 1.730233421187536424e-01
1.643541170954704311e+00 1.333093379502127696e-01
1.647248631119728079e+00 9.871253037428713573e-02
1.650956091284751848e+00 7.142994439809796647e-02
1.654663551449775838e+00 5.394200425129348081e-02
1.658371011614799606e+00 3.883137074741461331e-02
1.662078471779823374e+00 2.804820562899625752e-02
1.665785931944847142e+00 1.970033448517573629e-02
1.669493392109870911e+00 8.181565458775663310e-03
1.673200852274894679e+00 2.408287702532906256e-03
1.676908312439918447e+00 1.388598095414845081e-03
1.680615772604942215e+00 9.893983319239629814e-04
1.684323232769965983e+00 4.020500149104954063e-04
1.688030692934989974e+00 2.851069209963594492e-04
1.691738153100013742e+00 1.480734059656660623e-04
1.695445613265037510e+00 2.161351153392987434e-04
1.699153073430061500e+00 1.062576195320925746e-04
1.702860533595085268e+00 9.480001946556987629e-05
1.706567993760109037e+00 8.800712614016702314e-06
1.710275453925132805e+00 1.980974375408518139e-06
1.713982914090156573e+00 2.781645657773588096e-05
