8.244917136430740534e-01 2.162591444658826608e-05
8.272384828329086837e-01 2.416107457882688257e-06
8.299852520227432029e-01 1.827988033308679188e-05
8.327320212125778331e-01 3.207437092705836735e-05
8.354787904024123524e-01 4.740148382928855933e-05
8.382255595922469826e-01 5.058551832449181146e-05
8.409723287820816129e-01 1.976085907833491037e-04
8.437190979719162431e-01 4.532141678851845561e-04
8.464658671617507624e-01 1.110239979453911483e-03
8.492126363515853926e-01 5.131382821538949153e-03
8.519594055414199119e-01 7.212890738389588635e-03
8.547061747312545421e-01 1.052182297026780025e-02
8.574529439210891724e-01 1.615896429824208516e-02
8.601997131109238026e-01 2.307023467346826923e-02
8.629464823007584329e-01 3.282049844405783567e-02
8.656932514905929521e-01 4.880239563412090004e-02
8.684400206804275824e-01 6.519176140951438159e-02
8.711867898702621016e-01 9.271090297172390748e-02
8.739335590600967318e-01 1.261715463735928466e-01
8.766803282499313621e-01 1.701240590005943243e-01
8.794270974397659923e-01 2.280832104803157678e-01
8.821738666296005116e-01 3.112055463818941270e-01
8.849206358194351418e-01 4.040644030531123643e-01
8.876674050092696611e-01 5.218403438664066529e-01
8.904141741991042913e-01 6.745272414450443899e-01
8.931609433889389216e-01 8.694870402477531401e-01
8.959077125787735518e-01 1.096937523143959092e+00
8.986544817686080711e-01 1.371028231525508012e+00
9.014012509584427013e-01 1.698665786749530948e+00
9.041480201482772205e-01 2.087792143157699787e+00
9.068947893381118508e-01 2.527790562708771560e+00
9.096415585279464810e-01 3.046156800173691614e+00
9.123883277177811113e-01 3.615365135561393384e+00
9.151350969076156305e-01 4.244075758171385715e+00
9.178818660974502608e-01 4.961451086416790446e+00
9.206286352872847800e-01 5.730574083411428710e+00
9.233754044771194103e-01 6.529152271855969580e+00
9.261221736669540405e-01 7.390198474964604358e+00
9.288689428567886708e-01 8.261393354034016312e+00
9.316157120466233010e-01 9.142531124650290053e+00
9.343624812364578203e-01 1.000842373192377188e+01
9.371092504262923395e-01 1.086869212002581975e+01
9.398560196161269698e-01 1.166621657451260674e+01
9.426027888059616000e-01 1.238398915279445411e+01
9.453495579957962303e-01 1.304488707540466841e+01
9.480963271856308605e-01 1.359359035464606968e+01
9.508430963754653797e-01 1.403275115493509695e+01
9.535898655652998990e-01 1.428705488511843313e+01
9.563366347551345292e-01 1.440681166859182127e+01
9.590834039449691595e-01 1.443688247270108072e+01
9.618301731348037897e-01 1.428954314244337098e+01
9.645769423246384200e-01 1.402042689338023784e+01
9.673237115144729392e-01 1.360655750935218578e+01
9.700704807043075695e-01 1.311236947196262470e+01
9.728172498941420887e-01 1.246116595525129789e+01
9.755640190839767190e-01 1.171075409185255189e+01
9.783107882738113492e-01 1.090400130983121940e+01
9.810575574636459795e-01 1.004754002538808422e+01
9.838043266534806097e-01 9.211136763583949616e+00
9.865510958433151290e-01 8.305472469970400340e+00
9.892978650331496482e-01 7.452447803866612652e+00
9.920446342229842784e-01 6.607900656124497729e+00
9.947914034128189087e-01 5.793450432784820414e+00
9.975381726026535389e-01 5.041898314508261869e+00
1.000284941792488169e+00 4.329592913181780744e+00
1.003031710982322799e+00 3.690326010165600579e+00
1.005778480172157208e+00 3.122097620719221478e+00
1.008525249361991838e+00 2.585799748525241082e+00
1.011272018551826468e+00 2.129121863766425982e+00
1.014018787741661098e+00 1.747794049263536431e+00
1.016765556931495729e+00 1.409285915962736224e+00
1.019512326121330137e+00 1.128750603858569734e+00
1.022259095311164767e+00 9.072661289134732465e-01
1.025005864500999397e+00 7.040876559141145963e-01
1.027752633690834028e+00 5.418617383027293233e-01
1.030499402880668658e+00 4.265297141743992215e-01
1.033246172070503288e+00 3.292860542896191012e-01
1.035992941260337918e+00 2.401783243209764940e-01
1.038739710450172549e+00 1.792239547777075004e-01
1.041486479640006957e+00 1.271453575242601775e-01
1.044233248829841587e+00 6.445774359071775039e-02
1.046980018019676217e+00 4.460884028363585468e-02
1.049726787209510848e+00 2.973017093915151718e-02
1.052473556399345256e+00 2.038357216574355341e-02
1.055220325589179886e+00 1.543487048695381739e-02
1.057967094779014516e+00 1.229207920218333000e-02
1.060713863968849147e+00 7.238198367506104916e-03
1.063460633158683777e+00 5.652369846155364495e-03
1.066207402348518407e+00 4.007582421371178386e-03
1.068954171538353037e+00 2.354042257866438038e-03
1.071700940728187668e+00 1.516651494118682322e-03
1.074447709918022076e+00 1.081442472472523512e-03
1.077194479107856706e+00 5.317097971670577345e-04
1.079941248297691336e+00 6.105139653498424090e-04
1.082688017487525967e+00 2.191642773518981662e-04
1.085434786677360375e+00 9.120897554038555853e-05
1.088181555867195005e+00 1.031404807196637202e-04
1.090928325057029635e+00 4.017046088557321227e-05
1.093675094246864266e+00 3.760521573757853470e-05
1.096421863436698896e+00 4.257550536490802739e-05
