1.528843795061111344e+00 2.335920720233111356e-02
1.528846963644027834e+00 6.560246571359780454e-02
1.528850132226943881e+00 2.017345669738424274e-01
1.528853300809860372e+00 3.188637247471038383e-01
1.528856469392776418e+00 6.052273156119080122e-01
1.528859637975692909e+00 1.523513919657459859e+00
1.528862806558608955e+00 2.409192774186660113e+00
1.528865975141525446e+00 4.442899555945225565e+00
1.528869143724441493e+00 8.150036405879941270e+00
1.528872312307357983e+00 1.385244404681201758e+01
1.528875480890274030e+00 2.342619490004335603e+01
1.528878649473190521e+00 3.564402459847013915e+01
1.528881818056106567e+00 5.366168707407093308e+01
1.528884986639022614e+00 8.147213463222765029e+01
1.528888155221939105e+00 1.140686127914308372e+02
1.528891323804855151e+00 1.633892478210888441e+02
1.528894492387771642e+00 2.256519032746053028e+02
1.528897660970687689e+00 3.050254784685229765e+02
1.528900829553604179e+00 4.075758771312295607e+02
1.528903998136520226e+00 5.385181331101265414e+02
1.528907166719436717e+00 6.855612908970189210e+02
1.528910335302352763e+00 8.648987065864408805e+02
1.528913503885269254e+00 1.066842988526927229e+03
1.528916672468185300e+00 1.294575268171454809e+03
1.528919841051101791e+00 1.540871916829870997e+03
1.528923009634017838e+00 1.814732035442885490e+03
1.528926178216934328e+00 2.104935655549468720e+03
1.528929346799850375e+00 2.418052567948362139e+03
1.528932515382766866e+00 2.760127903029725076e+03
1.528935683965682912e+00 3.102283615508016283e+03
1.528938852548599403e+00 3.467779577145967323e+03
1.528942021131515450e+00 3.834644788665022134e+03
1.528945189714431940e+00 4.216394368978202692e+03
1.528948358297347987e+00 4.620655074713984504e+03
1.528951526880264478e+00 5.015063798025444157e+03
1.528954695463180524e+00 5.422391196530945308e+03
1.528957864046097015e+00 5.843544451616054175e+03
1.528961032629013062e+00 6.230331254888422336e+03
1.528964201211929108e+00 6.613757933530864648e+03
1.528967369794845599e+00 7.005514106890497715e+03
1.528970538377761645e+00 7.366295416482179462e+03
1.528973706960678136e+00 7.745339317529015716e+03
1.528976875543594183e+00 8.065981195667325665e+03
1.528980044126510673e+00 8.371176875202279916e+03
1.528983212709426720e+00 8.652245508411873743e+03
1.528986381292343211e+00 8.877207513283119624e+03
1.528989549875259257e+00 9.085748069425999347e+03
1.528992718458175748e+00 9.260590596116087909e+03
1.528995887041091795e+00 9.360068571337516914e+03
1.528999055624008285e+00 9.400115955802921235e+03
1.529002224206924332e+00 9.381836692713550292e+03
1.529005392789840823e+00 9.322542855725339905e+03
1.529008561372756869e+00 9.212065343181151547e+03
1.529011729955673360e+00 9.009822670531901167e+03
1.529014898538589406e+00 8.793102480741978070e+03
1.529018067121505897e+00 8.540693063733051531e+03
1.529021235704421944e+00 8.254805321062940493e+03
1.529024404287338434e+00 7.947627529087243602e+03
1.529027572870254481e+00 7.589546841547417898e+03
1.529030741453170972e+00 7.229249002577821557e+03
1.529033910036087018e+00 6.855884804529803660e+03
1.529037078619003509e+00 6.474239914936150853e+03
1.529040247201919556e+00 6.075918341634445824e+03
1.529043415784835602e+00 5.654766316967655257e+03
1.529046584367752093e+00 5.257531368933548038e+03
1.529049752950668140e+00 4.866504240004898747e+03
1.529052921533584630e+00 4.450233916601302553e+03
1.529056090116500677e+00 4.068449550387975250e+03
1.529059258699417168e+00 3.698521325524473923e+03
1.529062427282333214e+00 3.317340639247408490e+03
1.529065595865249705e+00 2.952421163585360318e+03
1.529068764448165751e+00 2.612513711823901758e+03
1.529071933031082242e+00 2.299251592920489202e+03
1.529075101613998289e+00 1.988128929462397082e+03
1.529078270196914779e+00 1.706530812257131174e+03
1.529081438779830826e+00 1.448890636576024235e+03
1.529084607362747317e+00 1.201066528758915638e+03
1.529087775945663363e+00 9.860858894780432138e+02
1.529090944528579854e+00 7.867520563288858284e+02
1.529094113111495901e+00 6.225545038933430533e+02
1.529097281694412391e+00 4.815035042844218651e+02
1.529100450277328438e+00 3.678702186856535263e+02
1.529103618860244929e+00 2.716561863961968015e+02
1.529106787443160975e+00 1.999563205186465495e+02
1.529109956026077466e+00 1.426739402973825293e+02
1.529113124608993513e+00 9.989079606342347972e+01
1.529116293191910003e+00 6.801622281346814702e+01
1.529119461774826050e+00 4.613933822521654804e+01
1.529122630357742096e+00 2.906550847370746737e+01
1.529125798940658587e+00 1.852116698314672050e+01
1.529128967523574634e+00 1.087846696099421884e+01
1.529132136106491124e+00 6.516057062095255148e+00
1.529135304689407171e+00 3.553025656862924375e+00
1.529138473272323662e+00 1.994686382497761201e+00
1.529141641855239708e+00 9.877132404364603602e-01
1.529144810438156199e+00 4.324992742649292898e-01
1.529147979021072246e+00 2.080656262427586223e-01
1.529151147603988736e+00 1.252518446032193922e-01
1.529154316186904783e+00 2.378157174259665912e-02
1.529157484769821274e+00 3.558658937976408310e-02
