1.089842501878738545e+00 1.847707388819336272e-02
1.089845727682113630e+00 7.149945567666257662e-02
1.089848953485488714e+00 7.089620371064861426e-02
1.089852179288864242e+00 2.227768374148698660e-01
1.089855405092239327e+00 4.822818263898558944e-01
1.089858630895614633e+00 9.941716768927768566e-01
1.089861856698989939e+00 2.103493695202527380e+00
1.089865082502365023e+00 3.754517676101698065e+00
1.089868308305740330e+00 6.997064685950912910e+00
1.089871534109115636e+00 1.161909079151070401e+01
1.089874759912490720e+00 1.995917658823433882e+01
1.089877985715866249e+00 3.206055297627679579e+01
1.089881211519241333e+00 4.957012443672625324e+01
1.089884437322616417e+00 7.574518084333860202e+01
1.089887663125991946e+00 1.103681003280382527e+02
1.089890888929367030e+00 1.555257024044291256e+02
1.089894114732742336e+00 2.162891522413709993e+02
1.089897340536117643e+00 2.950679402377920155e+02
1.089900566339492727e+00 3.950669374858953233e+02
1.089903792142868033e+00 5.230155951567649026e+02
1.089907017946243339e+00 6.799268088260604372e+02
1.089910243749618424e+00 8.550869823815323798e+02
1.089913469552993952e+00 1.061090376559459628e+03
1.089916695356369036e+00 1.293381470267700934e+03
1.089919921159744121e+00 1.548423972990462971e+03
1.089923146963119649e+00 1.827475502561486564e+03
1.089926372766494733e+00 2.122244395986972904e+03
1.089929598569869817e+00 2.443163156656219599e+03
1.089932824373245346e+00 2.783685382618224594e+03
1.089936050176620430e+00 3.152710043654324181e+03
1.089939275979995736e+00 3.511490100820439238e+03
1.089942501783371043e+00 3.907105872020602874e+03
1.089945727586746127e+00 4.294732459079171349e+03
1.089948953390121433e+00 4.688472992995639288e+03
1.089952179193496740e+00 5.090388976379014821e+03
1.089955404996871824e+00 5.536847800451511830e+03
1.089958630800247352e+00 5.931890543786397757e+03
1.089961856603622437e+00 6.309761471389318103e+03
1.089965082406997521e+00 6.727610202567025226e+03
1.089968308210373049e+00 7.105079740015578864e+03
1.089971534013748133e+00 7.499504055226771925e+03
1.089974759817123440e+00 7.828900852603583189e+03
1.089977985620498746e+00 8.169852761497068059e+03
1.089981211423873830e+00 8.498063844675527434e+03
1.089984437227249137e+00 8.747065966789901722e+03
1.089987663030624443e+00 9.006541461161399639e+03
1.089990888833999527e+00 9.148587800343666459e+03
1.089994114637375056e+00 9.294567402619621134e+03
1.089997340440750140e+00 9.364425234688165801e+03
1.090000566244125224e+00 9.434240777105684174e+03
1.090003792047500752e+00 9.346025566813148544e+03
1.090007017850875837e+00 9.279278006444590574e+03
1.090010243654250921e+00 9.098934153915968636e+03
1.090013469457626449e+00 8.891346151197356448e+03
1.090016695261001534e+00 8.662501577568127686e+03
1.090019921064376840e+00 8.382872709652219783e+03
1.090023146867752146e+00 8.043119559335401391e+03
1.090026372671127231e+00 7.719720144743399032e+03
1.090029598474502537e+00 7.385836554839677774e+03
1.090032824277877843e+00 6.987307709341541340e+03
1.090036050081252927e+00 6.591633027606645555e+03
1.090039275884628456e+00 6.190244216130556197e+03
1.090042501688003540e+00 5.793155046484295781e+03
1.090045727491378624e+00 5.379195425783439532e+03
1.090048953294754153e+00 4.963238809202049197e+03
1.090052179098129237e+00 4.553589325590367480e+03
1.090055404901504543e+00 4.162379650367919567e+03
1.090058630704879850e+00 3.770088605257783001e+03
1.090061856508254934e+00 3.381017584171657290e+03
1.090065082311630240e+00 3.019127611976617118e+03
1.090068308115005546e+00 2.669192446120475324e+03
1.090071533918380631e+00 2.331066120383736688e+03
1.090074759721756159e+00 2.018507131873033813e+03
1.090077985525131243e+00 1.730675087391382931e+03
1.090081211328506328e+00 1.462492937786886159e+03
1.090084437131881856e+00 1.212348806335038716e+03
1.090087662935256940e+00 9.877963603389985110e+02
1.090090888738632025e+00 7.971940206699274540e+02
1.090094114542007553e+00 6.256421331315386851e+02
1.090097340345382637e+00 4.771368328365373372e+02
1.090100566148757943e+00 3.599401158795649280e+02
1.090103791952133250e+00 2.671690571481665302e+02
1.090107017755508334e+00 1.954367020032176754e+02
1.090110243558883640e+00 1.390538465253447100e+02
1.090113469362258947e+00 9.756297351436427334e+01
1.090116695165634031e+00 6.542811894696812658e+01
1.090119920969009559e+00 4.297582181078009000e+01
1.090123146772384644e+00 2.757135059941545308e+01
1.090126372575759728e+00 1.666068677244691187e+01
1.090129598379135256e+00 1.010861551205483622e+01
1.090132824182510340e+00 5.803277712625153129e+00
1.090136049985885647e+00 3.199909033468678388e+00
1.090139275789260953e+00 1.708274505326707660e+00
1.090142501592636037e+00 8.444852417839853187e-01
1.090145727396011344e+00 3.580197246946787981e-01
1.090148953199386650e+00 1.382771391509600989e-01
1.090152179002761734e+00 6.884068000804681453e-02
1.090155404806137263e+00 2.813985345525352871e-02
1.090158630609512347e+00 1.439108574601933969e-02
1.090161856412887431e+00 5.610047602047796983e-03
