1.409845849275588980e+00 6.743076706423276057e-02
1.409848989248275730e+00 1.792403181487440822e-01
1.409852129220962480e+00 2.598981495285318521e-01
1.409855269193649230e+00 4.933702503713482956e-01
1.409858409166335980e+00 1.054249736852199471e+00
1.409861549139022729e+00 2.064490448645722509e+00
1.409864689111709701e+00 4.025946466771645582e+00
1.409867829084396451e+00 6.597615162355345397e+00
1.409870969057083201e+00 1.119003463906124907e+01
1.409874109029769951e+00 1.864975953676625053e+01
1.409877249002456701e+00 2.946874313423521130e+01
1.409880388975143450e+00 4.604183393712024497e+01
1.409883528947830200e+00 6.806914878569847360e+01
1.409886668920516950e+00 9.704680895837002197e+01
1.409889808893203700e+00 1.395379113795754904e+02
1.409892948865890450e+00 1.944775837234645905e+02
1.409896088838577199e+00 2.621699380032973181e+02
1.409899228811263949e+00 3.574265789929538641e+02
1.409902368783950699e+00 4.675653041150860076e+02
1.409905508756637671e+00 6.034465050224285960e+02
1.409908648729324421e+00 7.662043394906286267e+02
1.409911788702011171e+00 9.512860594148498876e+02
1.409914928674697920e+00 1.171545360396694377e+03
1.409918068647384670e+00 1.402795985795278739e+03
1.409921208620071420e+00 1.657742439923888696e+03
1.409924348592758170e+00 1.935998445147170059e+03
1.409927488565444920e+00 2.232651278982277745e+03
1.409930628538131669e+00 2.551051911278824718e+03
1.409933768510818419e+00 2.894022376115422048e+03
1.409936908483505169e+00 3.242687966365400825e+03
1.409940048456191919e+00 3.602864007857169327e+03
1.409943188428878891e+00 3.970033786804420288e+03
1.409946328401565641e+00 4.374850215592280620e+03
1.409949468374252390e+00 4.759431593217957925e+03
1.409952608346939140e+00 5.170706046385829723e+03
1.409955748319625890e+00 5.556947494123252000e+03
1.409958888292312640e+00 5.949508166871945832e+03
1.409962028264999390e+00 6.334332676117786832e+03
1.409965168237686139e+00 6.740492779556583628e+03
1.409968308210372889e+00 7.121595557554493098e+03
1.409971448183059639e+00 7.500826757641400945e+03
1.409974588155746389e+00 7.820840861600919197e+03
1.409977728128433139e+00 8.159545463202198334e+03
1.409980868101119889e+00 8.440928080168780070e+03
1.409984008073806860e+00 8.714503244262539738e+03
1.409987148046493610e+00 8.913849977373487491e+03
1.409990288019180360e+00 9.127611224645776019e+03
1.409993427991867110e+00 9.260132539369218648e+03
1.409996567964553860e+00 9.387238789769726282e+03
1.409999707937240609e+00 9.377864095716153315e+03
1.410002847909927359e+00 9.394194722720094433e+03
1.410005987882614109e+00 9.290603809877300591e+03
1.410009127855300859e+00 9.184349994220356166e+03
1.410012267827987609e+00 8.982466645597382012e+03
1.410015407800674359e+00 8.765877673278700968e+03
1.410018547773361108e+00 8.492203158712989534e+03
1.410021687746048080e+00 8.255730399151618258e+03
1.410024827718734830e+00 7.876235703278650362e+03
1.410027967691421580e+00 7.570707954789317228e+03
1.410031107664108330e+00 7.181253942953270780e+03
1.410034247636795079e+00 6.814220391885674871e+03
1.410037387609481829e+00 6.414218674753357845e+03
1.410040527582168579e+00 6.030785040390676841e+03
1.410043667554855329e+00 5.616358657211083482e+03
1.410046807527542079e+00 5.240472920029073066e+03
1.410049947500228829e+00 4.835830361222858301e+03
1.410053087472915578e+00 4.444472305548230906e+03
1.410056227445602328e+00 4.049382980095262610e+03
1.410059367418289078e+00 3.679667727476586151e+03
1.410062507390976050e+00 3.305905663900040508e+03
1.410065647363662800e+00 2.953434336658497159e+03
1.410068787336349549e+00 2.620480192461842307e+03
1.410071927309036299e+00 2.296935129882229830e+03
1.410075067281723049e+00 1.995146983346667412e+03
1.410078207254409799e+00 1.709650057778239670e+03
1.410081347227096549e+00 1.450085172740971075e+03
1.410084487199783299e+00 1.211581802354933188e+03
1.410087627172470048e+00 9.985811586187837747e+02
1.410090767145156798e+00 7.980606609665733231e+02
1.410093907117843548e+00 6.380820127212151647e+02
1.410097047090530298e+00 4.875657455705066354e+02
1.410100187063217270e+00 3.721844670948630664e+02
1.410103327035904019e+00 2.777926619590496102e+02
1.410106467008590769e+00 2.070420132830681723e+02
1.410109606981277519e+00 1.496910678775274732e+02
1.410112746953964269e+00 1.070216684135263279e+02
1.410115886926651019e+00 7.120070066862120939e+01
1.410119026899337769e+00 4.791505717718183632e+01
1.410122166872024518e+00 3.155574784501387597e+01
1.410125306844711268e+00 2.022068917576491032e+01
1.410128446817398018e+00 1.220862398422938710e+01
1.410131586790084768e+00 6.796267530558891323e+00
1.410134726762771518e+00 3.891752723970078431e+00
1.410137866735458267e+00 1.910413712356054949e+00
1.410141006708145239e+00 9.916593133619179268e-01
1.410144146680831989e+00 4.371873302439055475e-01
1.410147286653518739e+00 2.029567210677358235e-01
1.410150426626205489e+00 8.855325803977190380e-02
1.410153566598892239e+00 6.642832308933620256e-02
1.410156706571578988e+00 6.147237534145804511e-02
