9.448516669869422291e-01 1.321721686002118545e+01
9.448547074198723195e-01 1.728009511904818041e+01
9.448577478528021878e-01 2.246681846455563658e+01
9.448607882857322782e-01 2.904867702525736206e+01
9.448638287186622575e-01 3.735084866824515615e+01
9.448668691515922369e-01 4.775995672641547429e+01
9.448699095845223273e-01 6.073187780284751369e+01
9.448729500174521956e-01 7.679957713718047785e+01
9.448759904503822860e-01 9.658068524796685494e+01
9.448790308833121543e-01 1.207844623425999941e+02
9.448820713162422447e-01 1.502177292819766308e+02
9.448851117491721130e-01 1.857892790944051171e+02
9.448881521821022034e-01 2.285122258841105918e+02
9.448911926150322937e-01 2.795037031205551443e+02
9.448942330479621621e-01 3.399812967612853072e+02
9.448972734808922525e-01 4.112555958093346931e+02
9.449003139138221208e-01 4.947182696458131659e+02
9.449033543467522112e-01 5.918251432197794202e+02
9.449063947796820795e-01 7.040738414492778929e+02
9.449094352126121699e-01 8.329757168975397690e+02
9.449124756455421492e-01 9.800219593257801307e+02
9.449155160784721286e-01 1.146644012172027033e+03
9.449185565114022189e-01 1.334168683296932386e+03
9.449215969443320873e-01 1.543768629551394270e+03
9.449246373772621777e-01 1.776409205646968076e+03
9.449276778101920460e-01 2.032792983614579498e+03
9.449307182431221364e-01 2.313303555522277293e+03
9.449337586760520047e-01 2.617950508121105031e+03
9.449367991089820951e-01 2.946317688454418203e+03
9.449398395419120744e-01 3.297517040508896571e+03
9.449428799748420538e-01 3.670150371593118052e+03
9.449459204077721441e-01 4.062281382976722853e+03
9.449489608407020125e-01 4.471420164794859375e+03
9.449520012736321029e-01 4.894522101562387434e+03
9.449550417065619712e-01 5.328002760989946182e+03
9.449580821394920616e-01 5.767769854841611959e+03
9.449611225724219299e-01 6.209272774329328058e+03
9.449641630053520203e-01 6.647569541796501653e+03
9.449672034382821106e-01 7.077410304588373037e+03
9.449702438712119790e-01 7.493335766272735782e+03
9.449732843041420693e-01 7.889788234255081079e+03
9.449763247370719377e-01 8.261232303427024817e+03
9.449793651700020281e-01 8.602281630058969313e+03
9.449824056029318964e-01 8.907827809703005187e+03
9.449854460358619868e-01 9.173167092837173186e+03
9.449884864687919661e-01 9.394120567733634743e+03
9.449915269017219455e-01 9.567143531095345679e+03
9.449945673346520358e-01 9.689420050591614199e+03
9.449976077675819042e-01 9.758939195859993561e+03
9.450006482005119945e-01 9.774550054534503943e+03
9.450036886334418629e-01 9.735993429901807758e+03
9.450067290663719533e-01 9.643909000349027338e+03
9.450097694993018216e-01 9.499817664226991837e+03
9.450128099322319120e-01 9.306079750980359677e+03
9.450158503651618913e-01 9.065830703270599770e+03
9.450188907980918707e-01 8.782896678869590687e+03
9.450219312310219610e-01 8.461693246438073402e+03
9.450249716639518294e-01 8.107110920745627482e+03
9.450280120968819197e-01 7.724391676811008438e+03
9.450310525298117881e-01 7.319000785511960203e+03
9.450340929627418785e-01 6.896498319075759355e+03
9.450371333956717468e-01 6.462414495739701124e+03
9.450401738286018372e-01 6.022132679511541937e+03
9.450432142615319275e-01 5.580783355945479343e+03
9.450462546944617959e-01 5.143151792784966347e+03
9.450492951273918862e-01 4.713601407754311367e+03
9.450523355603217546e-01 4.296014138783343697e+03
9.450553759932518449e-01 3.893748381980143222e+03
9.450584164261817133e-01 3.509614368560897674e+03
9.450614568591118037e-01 3.145866217539306490e+03
9.450644972920417830e-01 2.804209358309251002e+03
9.450675377249717624e-01 2.485821576620056021e+03
9.450705781579018527e-01 2.191385616138118621e+03
9.450736185908317211e-01 1.921131063965380463e+03
9.450766590237618114e-01 1.674883162094205318e+03
9.450796994566916798e-01 1.452116208501301799e+03
9.450827398896217701e-01 1.252009326064453489e+03
9.450857803225516385e-01 1.073502571568194981e+03
9.450888207554817289e-01 9.153516078265841998e+02
9.450918611884117082e-01 7.761794543637231527e+02
9.450949016213416876e-01 6.545241434706754262e+02
9.450979420542717779e-01 5.488814248813790755e+02
9.451009824872016463e-01 4.577419662583590707e+02
9.451040229201317366e-01 3.796227774235313177e+02
9.451070633530616050e-01 3.130928342909955973e+02
9.451101037859916953e-01 2.567930870958971354e+02
9.451131442189215637e-01 2.094512048072708126e+02
9.451161846518516541e-01 1.698915316744985375e+02
9.451192250847817444e-01 1.370408157325080651e+02
9.451222655177116128e-01 1.099303150895750747e+02
9.451253059506417031e-01 8.769490153982390268e+01
9.451283463835715715e-01 6.956976738494635981e+01
9.451313868165016618e-01 5.488530627486134250e+01
9.451344272494315302e-01 4.306068827102578922e+01
9.451374676823616205e-01 3.359658824314724512e+01
9.451405081152915999e-01 2.606746028982996322e+01
9.451435485482215793e-01 2.011368289416643051e+01
9.451465889811516696e-01 1.543383352715667201e+01
9.451496294140815380e-01 1.177728971400291869e+01
9.451526698470116283e-01 8.937298018647283016e+00
