9.448461669683456687e-01 4.572487896373035599e-02
9.448492938280106390e-01 1.027596873600902655e-01
9.448524206876754983e-01 1.588305460416387926e-01
9.448555475473403575e-01 4.500344939739383543e-01
9.448586744070053278e-01 9.861962557184864586e-01
9.448618012666702981e-01 1.844841902048473203e+00
9.448649281263351574e-01 3.957204436133348047e+00
9.448680549860000166e-01 6.812374300854772358e+00
9.448711818456649869e-01 1.074718969566638549e+01
9.448743087053299572e-01 1.835883086232689010e+01
9.448774355649948165e-01 2.968016959423513157e+01
9.448805624246596757e-01 4.695239577073787274e+01
9.448836892843246460e-01 6.858353282122978101e+01
9.448868161439896163e-01 1.002193881367260389e+02
9.448899430036544755e-01 1.413118819089039846e+02
9.448930698633193348e-01 1.956439104703641476e+02
9.448961967229843051e-01 2.655757235722459200e+02
9.448993235826492754e-01 3.587293232795720428e+02
9.449024504423141346e-01 4.676510513295642113e+02
9.449055773019789939e-01 6.081793247613876474e+02
9.449087041616439642e-01 7.668703493473713024e+02
9.449118310213089345e-01 9.527801210653807402e+02
9.449149578809737937e-01 1.164446787794156762e+03
9.449180847406386530e-01 1.403833710640981508e+03
9.449212116003036233e-01 1.656195170980987541e+03
9.449243384599685935e-01 1.931962840636636429e+03
9.449274653196335638e-01 2.231475937613613951e+03
9.449305921792984231e-01 2.559081786841351914e+03
9.449337190389632823e-01 2.882099929670337133e+03
9.449368458986282526e-01 3.240833253209050781e+03
9.449399727582932229e-01 3.595756718999216901e+03
9.449430996179580822e-01 3.968001921528540606e+03
9.449462264776229414e-01 4.352350494074904418e+03
9.449493533372879117e-01 4.741199204843152984e+03
9.449524801969528820e-01 5.143872948983724200e+03
9.449556070566177413e-01 5.540065982864079160e+03
9.449587339162826005e-01 5.944310305785970741e+03
9.449618607759475708e-01 6.333369285323232361e+03
9.449649876356125411e-01 6.716638863440532077e+03
9.449681144952774003e-01 7.101135643698849890e+03
9.449712413549422596e-01 7.461814342488511102e+03
9.449743682146072299e-01 7.825299130220144434e+03
9.449774950742722002e-01 8.128446091255653300e+03
9.449806219339370594e-01 8.411344265087031090e+03
9.449837487936019187e-01 8.668382002702197497e+03
9.449868756532668890e-01 8.943501716415206829e+03
9.449900025129318593e-01 9.122015392833871374e+03
9.449931293725967185e-01 9.283519801910531896e+03
9.449962562322615778e-01 9.350139192110080330e+03
9.449993830919265481e-01 9.399969922790438432e+03
9.450025099515915183e-01 9.389354933703398274e+03
9.450056368112564886e-01 9.307151010312267317e+03
9.450087636709213479e-01 9.171986773111053481e+03
9.450118905305862071e-01 9.014149745097949562e+03
9.450150173902511774e-01 8.791944107677518332e+03
9.450181442499161477e-01 8.540929687767911673e+03
9.450212711095810070e-01 8.246289455524600271e+03
9.450243979692458662e-01 7.934269375592754841e+03
9.450275248289108365e-01 7.598745860635774079e+03
9.450306516885758068e-01 7.243978282234619655e+03
9.450337785482406661e-01 6.860342039397567532e+03
9.450369054079055253e-01 6.478190711049554011e+03
9.450400322675704956e-01 6.085028262809660191e+03
9.450431591272354659e-01 5.714046921434660362e+03
9.450462859869003251e-01 5.295966509336625677e+03
9.450494128465651844e-01 4.896704292138371784e+03
9.450525397062301547e-01 4.487970740165203097e+03
9.450556665658951250e-01 4.107165014562458964e+03
9.450587934255599842e-01 3.748440356586375401e+03
9.450619202852248435e-01 3.381823953432830876e+03
9.450650471448898138e-01 3.025071700120020978e+03
9.450681740045547841e-01 2.689606131475579332e+03
9.450713008642196433e-01 2.372074687093546345e+03
9.450744277238845026e-01 2.061914148839257450e+03
9.450775545835494729e-01 1.772532103375702945e+03
9.450806814432144431e-01 1.507481684876902364e+03
9.450838083028794134e-01 1.262036457553885839e+03
9.450869351625442727e-01 1.039271261342899834e+03
9.450900620222091320e-01 8.369005712385298921e+02
9.450931888818741022e-01 6.688744007716898068e+02
9.450963157415390725e-01 5.179225040823001791e+02
9.450994426012039318e-01 3.984135596742943903e+02
9.451025694608687910e-01 3.000980482270745711e+02
9.451056963205337613e-01 2.211965110286693346e+02
9.451088231801987316e-01 1.622832879370764658e+02
9.451119500398635909e-01 1.158618181143689014e+02
9.451150768995284501e-01 7.925551138676617313e+01
9.451182037591934204e-01 5.550593356381047272e+01
9.451213306188583907e-01 3.588271449248769329e+01
9.451244574785232500e-01 2.185024155169660176e+01
9.451275843381881092e-01 1.389114252530212212e+01
9.451307111978530795e-01 7.942611180635126722e+00
9.451338380575180498e-01 4.525511322132588887e+00
9.451369649171829090e-01 2.437885149417055697e+00
9.451400917768477683e-01 1.251168772361879178e+00
9.451432186365127386e-01 5.353941329041914665e-01
9.451463454961777089e-01 3.324672814956291522e-01
9.451494723558425681e-01 1.532606588629902011e-01
9.451525992155074274e-01 7.352169944492491227e-02
9.451557260751723977e-01 2.935871594445144464e-02
