2.499999944120645523e-02 0.000000000000000000e+00
7.499999832361936569e-02 0.000000000000000000e+00
1.249999925494194031e-01 0.000000000000000000e+00
1.750000007450580597e-01 0.000000000000000000e+00
2.249999903142452240e-01 0.000000000000000000e+00
2.749999985098838806e-01 0.000000000000000000e+00
3.249999880790710449e-01 0.000000000000000000e+00
3.750000149011611938e-01 0.000000000000000000e+00
4.249999672174453735e-01 0.000000000000000000e+00
4.749999940395355225e-01 0.000000000000000000e+00
5.249999836087226868e-01 0.000000000000000000e+00
5.749999731779098511e-01 0.000000000000000000e+00
6.250000000000000000e-01 0.000000000000000000e+00
6.749999523162841797e-01 0.000000000000000000e+00
7.249999791383743286e-01 0.000000000000000000e+00
7.750000059604644775e-01 0.000000000000000000e+00
8.249999582767486572e-01 0.000000000000000000e+00
8.749999850988388062e-01 0.000000000000000000e+00
9.250000119209289551e-01 0.000000000000000000e+00
9.749999642372131348e-01 0.000000000000000000e+00
1.024999916553497314e+00 0.000000000000000000e+00
1.075000017881393433e+00 0.000000000000000000e+00
1.124999970197677612e+00 0.000000000000000000e+00
1.174999922513961792e+00 0.000000000000000000e+00
1.225000023841857910e+00 0.000000000000000000e+00
1.274999976158142090e+00 0.000000000000000000e+00
1.324999928474426270e+00 0.000000000000000000e+00
1.374999880790710449e+00 0.000000000000000000e+00
1.424999982118606567e+00 0.000000000000000000e+00
1.474999934434890747e+00 0.000000000000000000e+00
1.525000035762786865e+00 0.000000000000000000e+00
1.574999988079071045e+00 0.000000000000000000e+00
1.624999940395355225e+00 0.000000000000000000e+00
1.674999892711639404e+00 0.000000000000000000e+00
1.724999994039535522e+00 0.000000000000000000e+00
1.774999946355819702e+00 0.000000000000000000e+00
1.825000047683715820e+00 0.000000000000000000e+00
1.875000000000000000e+00 0.000000000000000000e+00
1.924999952316284180e+00 0.000000000000000000e+00
1.974999904632568359e+00 0.000000000000000000e+00
2.024999856948852539e+00 0.000000000000000000e+00
2.074999958276748657e+00 0.000000000000000000e+00
2.124999910593032837e+00 0.000000000000000000e+00
2.175000011920928955e+00 0.000000000000000000e+00
2.224999964237213135e+00 0.000000000000000000e+00
2.274999916553497314e+00 0.000000000000000000e+00
2.324999868869781494e+00 0.000000000000000000e+00
2.374999970197677612e+00 2.083333356495131738e-06
2.424999922513961792e+00 5.208333448081248207e-05
2.475000023841857910e+00 1.152083343185950071e-03
2.524999976158142090e+00 9.014583309181034565e-03
2.574999928474426270e+00 4.029270913451910019e-02
2.624999880790710449e+00 1.183572928421199322e-01
2.674999833106994629e+00 2.559161465615034103e-01
2.724999785423278809e+00 4.443734399974346161e-01
2.775000035762786865e+00 6.596198007464408875e-01
2.824999988079071045e+00 8.747614808380603790e-01
2.874999940395355225e+00 1.070615641772747040e+00
2.924999892711639404e+00 1.238238558173179626e+00
2.974999845027923584e+00 1.376046895980834961e+00
3.025000095367431641e+00 1.486671909689903259e+00
3.075000047683715820e+00 1.574918776750564575e+00
3.125000000000000000e+00 1.645314604043960571e+00
3.174999952316284180e+00 1.701948970556259155e+00
3.224999904632568359e+00 1.748532302677631378e+00
3.274999856948852539e+00 1.787237532436847687e+00
3.324999809265136719e+00 1.820939607918262482e+00
3.374999761581420898e+00 1.850665651261806488e+00
3.425000011920928955e+00 1.877829179167747498e+00
3.474999964237213135e+00 1.903338052332401276e+00
3.524999916553497314e+00 1.928130246698856354e+00
3.574999868869781494e+00 1.952648982405662537e+00
3.624999821186065674e+00 1.977664597332477570e+00
3.675000071525573730e+00 2.003725007176399231e+00
3.725000023841857910e+00 2.030962482094764709e+00
3.774999976158142090e+00 2.060119763016700745e+00
3.824999928474426270e+00 2.091296836733818054e+00
3.874999880790710449e+00 2.124857217073440552e+00
3.924999833106994629e+00 2.161650449037551880e+00
3.974999785423278809e+00 2.201844736933708191e+00
4.024999737739562988e+00 2.245458796620368958e+00
4.074999988079071045e+00 2.293560370802879333e+00
4.124999940395355225e+00 2.345791622996330261e+00
4.174999892711639404e+00 2.402713477611541748e+00
4.224999845027923584e+00 2.465313479304313660e+00
4.274999797344207764e+00 2.534275993704795837e+00
4.325000047683715820e+00 2.610246822237968445e+00
4.375000000000000000e+00 2.693604126572608948e+00
4.424999952316284180e+00 2.785086408257484436e+00
4.474999904632568359e+00 2.884810894727706909e+00
4.524999856948852539e+00 2.993029117584228516e+00
4.574999809265136719e+00 3.108845785260200500e+00
4.624999761581420898e+00 3.231235370039939880e+00
4.675000011920928955e+00 3.361273914575576782e+00
4.724999964237213135e+00 3.496899396181106567e+00
4.774999916553497314e+00 3.638116568326950073e+00
4.824999868869781494e+00 3.784095704555511475e+00
4.874999821186065674e+00 3.935330078005790710e+00
4.924999773502349854e+00 4.089909285306930542e+00
4.975000023841857910e+00 4.248784303665161133e+00
5.024999976158142090e+00 4.409941554069519043e+00
5.074999928474426270e+00 4.574734210968017578e+00
5.124999880790710449e+00 4.741793572902679443e+00
5.174999833106994629e+00 4.912046641111373901e+00
5.224999785423278809e+00 5.083564341068267822e+00
5.274999737739562988e+00 5.257762253284454346e+00
5.324999690055847168e+00 5.432793498039245605e+00
5.374999642372131348e+00 5.609062731266021729e+00
5.425000190734863281e+00 5.787003874778747559e+00
5.475000143051147461e+00 5.964706450700759888e+00
5.525000095367431641e+00 6.144149690866470337e+00
5.575000047683715820e+00 6.325423181056976318e+00
5.625000000000000000e+00 6.508054882287979126e+00
5.674999952316284180e+00 6.693117380142211914e+00
5.724999904632568359e+00 6.880493998527526855e+00
5.774999856948852539e+00 7.069827824831008911e+00
5.824999809265136719e+00 7.261643439531326294e+00
5.874999761581420898e+00 7.456696569919586182e+00
5.924999713897705078e+00 7.656097620725631714e+00
5.974999666213989258e+00 7.858129888772964478e+00
6.024999618530273438e+00 8.064156889915466309e+00
6.074999570846557617e+00 8.274731874465942383e+00
6.125000119209289551e+00 8.488340795040130615e+00
6.175000071525573730e+00 8.706859171390533447e+00
6.225000023841857910e+00 8.929090976715087891e+00
6.274999976158142090e+00 9.156891047954559326e+00
6.324999928474426270e+00 9.388943731784820557e+00
6.374999880790710449e+00 9.627539515495300293e+00
6.424999833106994629e+00 9.871496140956878662e+00
6.474999785423278809e+00 1.012095487117767334e+01
6.524999737739562988e+00 1.037719655036926270e+01
6.574999690055847168e+00 1.063862311840057373e+01
6.624999642372131348e+00 1.090717160701751709e+01
6.674999594688415527e+00 1.118383824825286865e+01
6.725000143051147461e+00 1.146653980016708374e+01
6.775000095367431641e+00 1.175521266460418701e+01
6.825000047683715820e+00 1.205000954866409302e+01
6.875000000000000000e+00 1.235377621650695801e+01
6.924999952316284180e+00 1.266392731666564941e+01
6.974999904632568359e+00 1.298061007261276245e+01
7.024999856948852539e+00 1.330354607105255127e+01
7.074999809265136719e+00 1.363319760560989380e+01
7.124999761581420898e+00 1.396677160263061523e+01
7.174999713897705078e+00 1.430787467956542969e+01
7.224999666213989258e+00 1.465434747934341431e+01
7.274999618530273438e+00 1.500560009479522705e+01
7.324999570846557617e+00 1.536110270023345947e+01
7.374999523162841797e+00 1.572269701957702637e+01
7.425000071525573730e+00 1.608697724342346191e+01
7.475000023841857910e+00 1.645600676536560059e+01
7.524999976158142090e+00 1.682907235622406006e+01
7.574999928474426270e+00 1.720668721199035645e+01
7.624999880790710449e+00 1.758781898021697998e+01
7.674999833106994629e+00 1.797387421131134033e+01
7.724999785423278809e+00 1.836424338817596436e+01
7.774999737739562988e+00 1.875817430019378662e+01
7.824999690055847168e+00 1.915558779239654541e+01
7.874999642372131348e+00 1.955782771110534668e+01
7.924999594688415527e+00 1.996355020999908447e+01
7.974999547004699707e+00 2.037448632717132568e+01
8.025000095367431641e+00 2.079095315933227539e+01
8.075000047683715820e+00 2.121218276023864746e+01
8.125000000000000000e+00 2.163838744163513184e+01
8.174999952316284180e+00 2.206908249855041504e+01
8.224999904632568359e+00 2.250553286075592041e+01
8.274999856948852539e+00 2.294576561450958252e+01
8.324999809265136719e+00 2.339159369468688965e+01
8.374999761581420898e+00 2.384243404865264893e+01
8.424999713897705078e+00 2.429999613761901855e+01
8.474999666213989258e+00 2.476362776756286621e+01
8.524999618530273438e+00 2.523341834545135498e+01
8.574999570846557617e+00 2.570747256278991699e+01
8.624999523162841797e+00 2.618710005283355713e+01
8.675000071525573730e+00 2.667471671104431152e+01
8.725000023841857910e+00 2.716709506511688232e+01
8.774999976158142090e+00 2.766445016860961914e+01
8.824999928474426270e+00 2.816974854469299316e+01
8.874999880790710449e+00 2.868006002902984619e+01
8.924999833106994629e+00 2.919639754295349121e+01
8.974999785423278809e+00 2.971987462043762207e+01
9.024999737739562988e+00 3.024960851669311523e+01
9.074999690055847168e+00 3.078475749492645264e+01
9.124999642372131348e+00 3.132544589042663574e+01
9.174999594688415527e+00 3.187326347827911377e+01
9.224999547004699707e+00 3.242715477943420410e+01
9.275000095367431641e+00 3.298625850677490234e+01
9.325000047683715820e+00 3.355064821243286133e+01
9.375000000000000000e+00 3.412181448936462402e+01
9.424999952316284180e+00 3.469952273368835449e+01
9.474999904632568359e+00 3.527994775772094727e+01
9.524999856948852539e+00 3.586725378036499023e+01
9.574999809265136719e+00 3.646087598800659180e+01
9.624999761581420898e+00 3.705925607681274414e+01
9.674999713897705078e+00 3.766370964050292969e+01
9.724999666213989258e+00 3.827260041236877441e+01
9.774999618530273438e+00 3.888697195053100586e+01
9.824999570846557617e+00 3.950773906707763672e+01
9.874999523162841797e+00 4.013459825515747070e+01
9.924999475479125977e+00 4.076751971244812012e+01
9.975000023841857910e+00 4.140320014953613281e+01
1.002500057220458984e+01 4.204423069953918457e+01
1.007499933242797852e+01 4.269089365005493164e+01
1.012500047683715820e+01 4.334210467338562012e+01
1.017499923706054688e+01 4.399952626228332520e+01
1.022500038146972656e+01 4.466086387634277344e+01
1.027499914169311523e+01 4.533133268356323242e+01
1.032500028610229492e+01 4.600502061843872070e+01
1.037499904632568359e+01 4.668646860122680664e+01
1.042500019073486328e+01 4.737242889404296875e+01
1.047499895095825195e+01 4.806480169296264648e+01
1.052500009536743164e+01 4.876423311233520508e+01
1.057499885559082031e+01 4.946778750419616699e+01
1.062500000000000000e+01 5.017969274520874023e+01
1.067499876022338867e+01 5.089617586135864258e+01
1.072499990463256836e+01 5.162025141716003418e+01
1.077499866485595703e+01 5.235012221336364746e+01
1.082499980926513672e+01 5.308730316162109375e+01
1.087499976158142090e+01 5.383071994781494141e+01
1.092499971389770508e+01 5.458184194564819336e+01
1.097500085830688477e+01 5.533928585052490234e+01
1.102499961853027344e+01 5.610400056838989258e+01
1.107500076293945312e+01 5.687368083000183105e+01
1.112499952316284180e+01 5.764960050582885742e+01
1.117500066757202148e+01 5.843493247032165527e+01
1.122499942779541016e+01 5.922745490074157715e+01
1.127500057220458984e+01 6.002705955505371094e+01
1.132499933242797852e+01 6.083401775360107422e+01
1.137500047683715820e+01 6.164510297775268555e+01
1.142499923706054688e+01 6.246517777442932129e+01
1.147500038146972656e+01 6.329148197174072266e+01
1.152499914169311523e+01 6.412576007843017578e+01
1.157500028610229492e+01 6.496685791015625000e+01
1.162499904632568359e+01 6.581635522842407227e+01
1.167500019073486328e+01 6.667080879211425781e+01
1.172499895095825195e+01 6.753472280502319336e+01
1.177500009536743164e+01 6.840547561645507812e+01
1.182499885559082031e+01 6.928500604629516602e+01
1.187500000000000000e+01 7.017100095748901367e+01
1.192499876022338867e+01 7.106631517410278320e+01
1.197499990463256836e+01 7.196736669540405273e+01
1.202499866485595703e+01 7.287698650360107422e+01
1.207499980926513672e+01 7.379297494888305664e+01
1.212499856948852539e+01 7.471686744689941406e+01
1.217499971389770508e+01 7.564986801147460938e+01
1.222500085830688477e+01 7.659046840667724609e+01
1.227499961853027344e+01 7.753854656219482422e+01
1.232500076293945312e+01 7.849504804611206055e+01
1.237499952316284180e+01 7.945843553543090820e+01
1.242500066757202148e+01 8.042912864685058594e+01
1.247499942779541016e+01 8.141002988815307617e+01
