2.499999944120645523e-02 0.000000000000000000e+00
7.499999832361936569e-02 0.000000000000000000e+00
1.249999925494194031e-01 0.000000000000000000e+00
1.750000007450580597e-01 0.000000000000000000e+00
2.249999903142452240e-01 0.000000000000000000e+00
2.749999985098838806e-01 0.000000000000000000e+00
3.249999880790710449e-01 0.000000000000000000e+00
3.750000149011611938e-01 0.000000000000000000e+00
4.249999672174453735e-01 0.000000000000000000e+00
4.749999940395355225e-01 0.000000000000000000e+00
5.249999836087226868e-01 0.000000000000000000e+00
5.749999731779098511e-01 0.000000000000000000e+00
6.250000000000000000e-01 0.000000000000000000e+00
6.749999523162841797e-01 0.000000000000000000e+00
7.249999791383743286e-01 0.000000000000000000e+00
7.750000059604644775e-01 0.000000000000000000e+00
8.249999582767486572e-01 0.000000000000000000e+00
8.749999850988388062e-01 0.000000000000000000e+00
9.250000119209289551e-01 0.000000000000000000e+00
9.749999642372131348e-01 0.000000000000000000e+00
1.024999916553497314e+00 0.000000000000000000e+00
1.075000017881393433e+00 0.000000000000000000e+00
1.124999970197677612e+00 0.000000000000000000e+00
1.174999922513961792e+00 0.000000000000000000e+00
1.225000023841857910e+00 0.000000000000000000e+00
1.274999976158142090e+00 0.000000000000000000e+00
1.324999928474426270e+00 0.000000000000000000e+00
1.374999880790710449e+00 0.000000000000000000e+00
1.424999982118606567e+00 0.000000000000000000e+00
1.474999934434890747e+00 0.000000000000000000e+00
1.525000035762786865e+00 0.000000000000000000e+00
1.574999988079071045e+00 0.000000000000000000e+00
1.624999940395355225e+00 0.000000000000000000e+00
1.674999892711639404e+00 0.000000000000000000e+00
1.724999994039535522e+00 0.000000000000000000e+00
1.774999946355819702e+00 0.000000000000000000e+00
1.825000047683715820e+00 0.000000000000000000e+00
1.875000000000000000e+00 0.000000000000000000e+00
1.924999952316284180e+00 0.000000000000000000e+00
1.974999904632568359e+00 0.000000000000000000e+00
2.024999856948852539e+00 0.000000000000000000e+00
2.074999958276748657e+00 0.000000000000000000e+00
2.124999910593032837e+00 0.000000000000000000e+00
2.175000011920928955e+00 0.000000000000000000e+00
2.224999964237213135e+00 0.000000000000000000e+00
2.274999916553497314e+00 0.000000000000000000e+00
2.324999868869781494e+00 0.000000000000000000e+00
2.374999970197677612e+00 8.726748819753993303e-05
2.424999922513961792e+00 1.734652085360721685e-03
2.475000023841857910e+00 2.841991628520190716e-02
2.524999976158142090e+00 2.006634157150983810e-01
2.574999928474426270e+00 7.495957352221012115e-01
2.624999880790710449e+00 1.789841055870056152e+00
2.674999833106994629e+00 3.032733067870140076e+00
2.724999785423278809e+00 4.030637666583061218e+00
2.775000035762786865e+00 4.441708862781524658e+00
2.824999988079071045e+00 4.266728341579437256e+00
2.874999940395355225e+00 3.758723273873329163e+00
2.924999892711639404e+00 3.087818205356597900e+00
2.974999845027923584e+00 2.476120039820671082e+00
3.025000095367431641e+00 1.899655014276504517e+00
3.075000047683715820e+00 1.476242005825042725e+00
3.125000000000000000e+00 1.136717773973941803e+00
3.174999952316284180e+00 8.790783956646919250e-01
3.224999904632568359e+00 7.027191370725631714e-01
3.274999856948852539e+00 5.733810737729072571e-01
3.324999809265136719e+00 4.714700840413570404e-01
3.374999761581420898e+00 4.062434528023004532e-01
3.425000011920928955e+00 3.583277408033609390e-01
3.474999964237213135e+00 3.285630084574222565e-01
3.524999916553497314e+00 3.096706923097372055e-01
3.574999868869781494e+00 2.993167191743850708e-01
3.624999821186065674e+00 2.948301099240779877e-01
3.675000071525573730e+00 2.989619076251983643e-01
3.725000023841857910e+00 3.032016120851039886e-01
3.774999976158142090e+00 3.151004184037446976e-01
3.824999928474426270e+00 3.313606418669223785e-01
3.874999880790710449e+00 3.508056830614805222e-01
3.924999833106994629e+00 3.748286981135606766e-01
3.974999785423278809e+00 3.985127937048673630e-01
4.024999737739562988e+00 4.185733795166015625e-01
4.074999988079071045e+00 4.503425508737564087e-01
4.124999940395355225e+00 4.772470351308584213e-01
4.174999892711639404e+00 5.121191479265689850e-01
4.224999845027923584e+00 5.459551960229873657e-01
4.274999797344207764e+00 5.921279639005661011e-01
4.325000047683715820e+00 6.341277807950973511e-01
4.375000000000000000e+00 6.838270127773284912e-01
4.424999952316284180e+00 7.322296015918254852e-01
4.474999904632568359e+00 7.815450243651866913e-01
4.524999856948852539e+00 8.293281123042106628e-01
4.574999809265136719e+00 8.657796308398246765e-01
4.624999761581420898e+00 9.077129140496253967e-01
4.675000011920928955e+00 9.338153265416622162e-01
4.724999964237213135e+00 9.565576575696468353e-01
4.774999916553497314e+00 9.831328354775905609e-01
4.824999868869781494e+00 9.934599101543426514e-01
4.874999821186065674e+00 1.003136482089757919e+00
4.924999773502349854e+00 1.011694002896547318e+00
4.975000023841857910e+00 1.015157289803028107e+00
5.024999976158142090e+00 1.020093157887458801e+00
5.074999928474426270e+00 1.018694136291742325e+00
5.124999880790710449e+00 1.017776966094970703e+00
5.174999833106994629e+00 1.007960908114910126e+00
5.224999785423278809e+00 1.005029793828725815e+00
5.274999737739562988e+00 9.916164278984069824e-01
5.324999690055847168e+00 9.781095162034034729e-01
5.374999642372131348e+00 9.713738262653350830e-01
5.425000190734863281e+00 9.533112421631813049e-01
5.475000143051147461e+00 9.435966238379478455e-01
5.525000095367431641e+00 9.317912757396697998e-01
5.575000047683715820e+00 9.250231869518756866e-01
5.625000000000000000e+00 9.157019220292568207e-01
5.674999952316284180e+00 9.081426672637462616e-01
5.724999904632568359e+00 9.006427228450775146e-01
5.774999856948852539e+00 8.990363664925098419e-01
5.824999809265136719e+00 9.020075425505638123e-01
5.874999761581420898e+00 8.959989473223686218e-01
5.924999713897705078e+00 8.940311372280120850e-01
5.974999666213989258e+00 8.962784558534622192e-01
6.024999618530273438e+00 8.988252319395542145e-01
6.074999570846557617e+00 8.978778384625911713e-01
6.125000119209289551e+00 9.029519706964492798e-01
6.175000071525573730e+00 9.061294011771678925e-01
6.225000023841857910e+00 9.138249419629573822e-01
6.274999976158142090e+00 9.125758670270442963e-01
6.324999928474426270e+00 9.203451573848724365e-01
6.374999880790710449e+00 9.261252284049987793e-01
6.424999833106994629e+00 9.363882578909397125e-01
6.474999785423278809e+00 9.415592402219772339e-01
6.524999737739562988e+00 9.507416337728500366e-01
6.574999690055847168e+00 9.593028053641319275e-01
6.624999642372131348e+00 9.676403254270553589e-01
6.674999594688415527e+00 9.776446111500263214e-01
6.725000143051147461e+00 9.850713834166526794e-01
6.775000095367431641e+00 9.979861900210380554e-01
6.825000047683715820e+00 1.005894795060157776e+00
6.875000000000000000e+00 1.014211840927600861e+00
6.924999952316284180e+00 1.024207368493080139e+00
6.974999904632568359e+00 1.027406349778175354e+00
7.024999856948852539e+00 1.033737406134605408e+00
7.074999809265136719e+00 1.038215287029743195e+00
7.124999761581420898e+00 1.042966432869434357e+00
7.174999713897705078e+00 1.044059760868549347e+00
7.224999666213989258e+00 1.050953753292560577e+00
7.274999618530273438e+00 1.048798523843288422e+00
7.324999570846557617e+00 1.047652341425418854e+00
7.374999523162841797e+00 1.044670380651950836e+00
7.425000071525573730e+00 1.046379789710044861e+00
7.475000023841857910e+00 1.045457936823368073e+00
7.524999976158142090e+00 1.046925634145736694e+00
7.574999928474426270e+00 1.041132800281047821e+00
7.624999880790710449e+00 1.036411046981811523e+00
7.674999833106994629e+00 1.037195205688476562e+00
7.724999785423278809e+00 1.033416211605072021e+00
7.774999737739562988e+00 1.031347967684268951e+00
7.824999690055847168e+00 1.028738051652908325e+00
7.874999642372131348e+00 1.025181382894515991e+00
7.924999594688415527e+00 1.027723968029022217e+00
7.974999547004699707e+00 1.023053519427776337e+00
8.025000095367431641e+00 1.018627718091011047e+00
8.075000047683715820e+00 1.023452728986740112e+00
8.125000000000000000e+00 1.017517860978841782e+00
8.174999952316284180e+00 1.018169403076171875e+00
8.224999904632568359e+00 1.017158843576908112e+00
8.274999856948852539e+00 1.018243193626403809e+00
8.324999809265136719e+00 1.019237175583839417e+00
8.374999761581420898e+00 1.018838822841644287e+00
8.424999713897705078e+00 1.019039914011955261e+00
8.474999666213989258e+00 1.020178671926259995e+00
8.524999618530273438e+00 1.021781094372272491e+00
8.574999570846557617e+00 1.020334064960479736e+00
8.624999523162841797e+00 1.022259570658206940e+00
8.675000071525573730e+00 1.021459944546222687e+00
8.725000023841857910e+00 1.022694885730743408e+00
8.774999976158142090e+00 1.024852655827999115e+00
8.824999928474426270e+00 1.023277360945940018e+00
8.874999880790710449e+00 1.024329245090484619e+00
8.924999833106994629e+00 1.025179117918014526e+00
8.974999785423278809e+00 1.024581529200077057e+00
9.024999737739562988e+00 1.024942435324192047e+00
9.074999690055847168e+00 1.023575007915496826e+00
9.124999642372131348e+00 1.027331374585628510e+00
9.174999594688415527e+00 1.026836894452571869e+00
9.224999547004699707e+00 1.026551134884357452e+00
9.275000095367431641e+00 1.027890525758266449e+00
9.325000047683715820e+00 1.025203414261341095e+00
9.375000000000000000e+00 1.024044528603553772e+00
9.424999952316284180e+00 1.022486984729766846e+00
9.474999904632568359e+00 1.025071151554584503e+00
9.524999856948852539e+00 1.022618420422077179e+00
9.574999809265136719e+00 1.018434055149555206e+00
9.624999761581420898e+00 1.018110167235136032e+00
9.674999713897705078e+00 1.017431370913982391e+00
9.724999666213989258e+00 1.018444783985614777e+00
9.774999618530273438e+00 1.017028257250785828e+00
9.824999570846557617e+00 1.013220429420471191e+00
9.874999523162841797e+00 1.011948492377996445e+00
9.924999475479125977e+00 1.011836770921945572e+00
9.975000023841857910e+00 1.010880883783102036e+00
1.002500057220458984e+01 1.007784917950630188e+00
1.007499933242797852e+01 1.008754603564739227e+00
1.012500047683715820e+01 1.006070353090763092e+00
1.017499923706054688e+01 1.003377467393875122e+00
1.022500038146972656e+01 1.000585667788982391e+00
1.027499914169311523e+01 9.998355172574520111e-01
1.032500028610229492e+01 9.995210170745849609e-01
1.037499904632568359e+01 9.982083216309547424e-01
1.042500019073486328e+01 1.000742208212614059e+00
1.047499895095825195e+01 9.977904520928859711e-01
1.052500009536743164e+01 9.940095767378807068e-01
1.057499885559082031e+01 9.967964291572570801e-01
1.062500000000000000e+01 9.925115890800952911e-01
1.067499876022338867e+01 9.941783808171749115e-01
1.072499990463256836e+01 9.950269237160682678e-01
1.077499866485595703e+01 9.913941770792007446e-01
1.082499980926513672e+01 9.902160167694091797e-01
1.087499976158142090e+01 9.946811683475971222e-01
1.092499971389770508e+01 9.940564855933189392e-01
1.097500085830688477e+01 9.930708445608615875e-01
1.102499961853027344e+01 9.926119074225425720e-01
1.107500076293945312e+01 9.928174130618572235e-01
1.112499952316284180e+01 9.916973710060119629e-01
1.117500066757202148e+01 9.930805489420890808e-01
1.122499942779541016e+01 9.944877848029136658e-01
1.127500057220458984e+01 9.930272027850151062e-01
1.132499933242797852e+01 9.911331832408905029e-01
1.137500047683715820e+01 9.939756579697132111e-01
1.142499923706054688e+01 9.938015341758728027e-01
1.147500038146972656e+01 9.945763051509857178e-01
1.152499914169311523e+01 9.932094328105449677e-01
1.157500028610229492e+01 9.934801645576953888e-01
1.162499904632568359e+01 9.936713613569736481e-01
1.167500019073486328e+01 9.942973814904689789e-01
1.172499895095825195e+01 9.947575740516185760e-01
1.177500009536743164e+01 9.932173602283000946e-01
1.182499885559082031e+01 9.954476840794086456e-01
1.187500000000000000e+01 9.933350048959255219e-01
1.192499876022338867e+01 9.934887327253818512e-01
1.197499990463256836e+01 9.930060729384422302e-01
1.202499866485595703e+01 9.956369586288928986e-01
1.207499980926513672e+01 9.940395765006542206e-01
1.212499856948852539e+01 9.935640282928943634e-01
1.217499971389770508e+01 9.947986565530300140e-01
1.222500085830688477e+01 9.937024042010307312e-01
1.227499961853027344e+01 9.948527030646800995e-01
1.232500076293945312e+01 9.966477043926715851e-01
1.237499952316284180e+01 9.955753087997436523e-01
1.242500066757202148e+01 9.941311068832874298e-01
1.247499942779541016e+01 9.962450079619884491e-01
