2.499999944120645523e-02 0.000000000000000000e+00
7.499999832361936569e-02 0.000000000000000000e+00
1.249999925494194031e-01 0.000000000000000000e+00
1.750000007450580597e-01 0.000000000000000000e+00
2.249999903142452240e-01 0.000000000000000000e+00
2.749999985098838806e-01 0.000000000000000000e+00
3.249999880790710449e-01 0.000000000000000000e+00
3.750000149011611938e-01 0.000000000000000000e+00
4.249999672174453735e-01 0.000000000000000000e+00
4.749999940395355225e-01 0.000000000000000000e+00
5.249999836087226868e-01 0.000000000000000000e+00
5.749999731779098511e-01 0.000000000000000000e+00
6.250000000000000000e-01 0.000000000000000000e+00
6.749999523162841797e-01 0.000000000000000000e+00
7.249999791383743286e-01 0.000000000000000000e+00
7.750000059604644775e-01 0.000000000000000000e+00
8.249999582767486572e-01 0.000000000000000000e+00
8.749999850988388062e-01 0.000000000000000000e+00
9.250000119209289551e-01 0.000000000000000000e+00
9.749999642372131348e-01 0.000000000000000000e+00
1.024999916553497314e+00 0.000000000000000000e+00
1.075000017881393433e+00 0.000000000000000000e+00
1.124999970197677612e+00 0.000000000000000000e+00
1.174999922513961792e+00 0.000000000000000000e+00
1.225000023841857910e+00 0.000000000000000000e+00
1.274999976158142090e+00 0.000000000000000000e+00
1.324999928474426270e+00 0.000000000000000000e+00
1.374999880790710449e+00 0.000000000000000000e+00
1.424999982118606567e+00 0.000000000000000000e+00
1.474999934434890747e+00 0.000000000000000000e+00
1.525000035762786865e+00 0.000000000000000000e+00
1.574999988079071045e+00 0.000000000000000000e+00
1.624999940395355225e+00 0.000000000000000000e+00
1.674999892711639404e+00 0.000000000000000000e+00
1.724999994039535522e+00 0.000000000000000000e+00
1.774999946355819702e+00 0.000000000000000000e+00
1.825000047683715820e+00 0.000000000000000000e+00
1.875000000000000000e+00 0.000000000000000000e+00
1.924999952316284180e+00 0.000000000000000000e+00
1.974999904632568359e+00 0.000000000000000000e+00
2.024999856948852539e+00 0.000000000000000000e+00
2.074999958276748657e+00 0.000000000000000000e+00
2.124999910593032837e+00 0.000000000000000000e+00
2.175000011920928955e+00 0.000000000000000000e+00
2.224999964237213135e+00 0.000000000000000000e+00
2.274999916553497314e+00 0.000000000000000000e+00
2.324999868869781494e+00 0.000000000000000000e+00
2.374999970197677612e+00 2.712842760956846178e-04
2.424999922513961792e+00 3.627510268415790051e-03
2.475000023841857910e+00 3.864619275555014610e-02
2.524999976158142090e+00 2.060013124719262123e-01
2.574999928474426270e+00 6.356135383248329163e-01
2.624999880790710449e+00 1.350298345088958740e+00
2.674999833106994629e+00 2.204590395092964172e+00
2.724999785423278809e+00 2.868018925189971924e+00
2.775000035762786865e+00 3.269240900874137878e+00
2.824999988079071045e+00 3.325136616826057434e+00
2.874999940395355225e+00 3.151620045304298401e+00
2.924999892711639404e+00 2.833608955144882202e+00
2.974999845027923584e+00 2.448340728878974915e+00
3.025000095367431641e+00 2.085507363080978394e+00
3.075000047683715820e+00 1.769622936844825745e+00
3.125000000000000000e+00 1.472332410514354706e+00
3.174999952316284180e+00 1.252704568207263947e+00
3.224999904632568359e+00 1.076050244271755219e+00
3.274999856948852539e+00 9.239401891827583313e-01
3.324999809265136719e+00 8.047966845333576202e-01
3.374999761581420898e+00 7.125195562839508057e-01
3.425000011920928955e+00 6.509125940501689911e-01
3.474999964237213135e+00 5.958938039839267731e-01
3.524999916553497314e+00 5.532660447061061859e-01
3.574999868869781494e+00 5.233331136405467987e-01
3.624999821186065674e+00 5.054953973740339279e-01
3.675000071525573730e+00 4.885987192392349243e-01
3.725000023841857910e+00 4.836807325482368469e-01
3.774999976158142090e+00 4.845546074211597443e-01
3.824999928474426270e+00 4.840892236679792404e-01
3.874999880790710449e+00 4.860973227769136429e-01
3.924999833106994629e+00 5.006130356341600418e-01
3.974999785423278809e+00 5.117640979588031769e-01
4.024999737739562988e+00 5.337956026196479797e-01
4.074999988079071045e+00 5.529650114476680756e-01
4.124999940395355225e+00 5.771657936275005341e-01
4.174999892711639404e+00 6.001739613711833954e-01
4.224999845027923584e+00 6.296645812690258026e-01
4.274999797344207764e+00 6.599246077239513397e-01
4.325000047683715820e+00 6.959013380110263824e-01
4.375000000000000000e+00 7.322650887072086334e-01
4.424999952316284180e+00 7.670597843825817108e-01
4.474999904632568359e+00 8.096619434654712677e-01
4.524999856948852539e+00 8.318560346961021423e-01
4.574999809265136719e+00 8.625253140926361084e-01
4.624999761581420898e+00 8.885221928358078003e-01
4.675000011920928955e+00 9.069430604577064514e-01
4.724999964237213135e+00 9.244248010218143463e-01
4.774999916553497314e+00 9.472374096512794495e-01
4.824999868869781494e+00 9.538881443440914154e-01
4.874999821186065674e+00 9.533220306038856506e-01
4.924999773502349854e+00 9.601632207632064819e-01
4.975000023841857910e+00 9.669249877333641052e-01
5.024999976158142090e+00 9.731707796454429626e-01
5.074999928474426270e+00 9.745495505630970001e-01
5.124999880790710449e+00 9.751780703663825989e-01
5.174999833106994629e+00 9.778196848928928375e-01
5.224999785423278809e+00 9.789684265851974487e-01
5.274999737739562988e+00 9.833842329680919647e-01
5.324999690055847168e+00 9.743865542113780975e-01
5.374999642372131348e+00 9.767183288931846619e-01
5.425000190734863281e+00 9.699622839689254761e-01
5.475000143051147461e+00 9.664079099893569946e-01
5.525000095367431641e+00 9.644175879657268524e-01
5.575000047683715820e+00 9.610679149627685547e-01
5.625000000000000000e+00 9.570947848260402679e-01
5.674999952316284180e+00 9.527582488954067230e-01
5.724999904632568359e+00 9.495650194585323334e-01
5.774999856948852539e+00 9.527909271419048309e-01
5.824999809265136719e+00 9.482097700238227844e-01
5.874999761581420898e+00 9.439439550042152405e-01
5.924999713897705078e+00 9.411867558956146240e-01
5.974999666213989258e+00 9.430499263107776642e-01
6.024999618530273438e+00 9.367804564535617828e-01
6.074999570846557617e+00 9.330311678349971771e-01
6.125000119209289551e+00 9.333993308246135712e-01
6.175000071525573730e+00 9.380474090576171875e-01
6.225000023841857910e+00 9.334006384015083313e-01
6.274999976158142090e+00 9.373640604317188263e-01
6.324999928474426270e+00 9.358173720538616180e-01
6.374999880790710449e+00 9.379099272191524506e-01
6.424999833106994629e+00 9.434547983109951019e-01
6.474999785423278809e+00 9.498582445085048676e-01
6.524999737739562988e+00 9.511744566261768341e-01
6.574999690055847168e+00 9.583552293479442596e-01
6.624999642372131348e+00 9.642137624323368073e-01
6.674999594688415527e+00 9.653409384191036224e-01
6.725000143051147461e+00 9.755525328218936920e-01
6.775000095367431641e+00 9.789156392216682434e-01
6.825000047683715820e+00 9.877553917467594147e-01
6.875000000000000000e+00 9.976493641734123230e-01
6.924999952316284180e+00 9.980149604380130768e-01
6.974999904632568359e+00 1.003052938729524612e+00
7.024999856948852539e+00 1.008884664624929428e+00
7.074999809265136719e+00 1.011170644313097000e+00
7.124999761581420898e+00 1.015364065766334534e+00
7.174999713897705078e+00 1.017665889114141464e+00
7.224999666213989258e+00 1.021560683846473694e+00
7.274999618530273438e+00 1.024943564087152481e+00
7.324999570846557617e+00 1.023534007370471954e+00
7.374999523162841797e+00 1.026778977364301682e+00
7.425000071525573730e+00 1.029158324003219604e+00
7.475000023841857910e+00 1.026561208069324493e+00
7.524999976158142090e+00 1.026221141219139099e+00
7.574999928474426270e+00 1.022290609776973724e+00
7.624999880790710449e+00 1.025127880275249481e+00
7.674999833106994629e+00 1.028962306678295135e+00
7.724999785423278809e+00 1.025423854589462280e+00
7.774999737739562988e+00 1.023998126387596130e+00
7.824999690055847168e+00 1.021090392023324966e+00
7.874999642372131348e+00 1.021368548274040222e+00
7.924999594688415527e+00 1.023284852504730225e+00
7.974999547004699707e+00 1.025149133056402206e+00
8.025000095367431641e+00 1.023900199681520462e+00
8.075000047683715820e+00 1.019646055996417999e+00
8.125000000000000000e+00 1.023156616836786270e+00
8.174999952316284180e+00 1.018499616533517838e+00
8.224999904632568359e+00 1.019536774605512619e+00
8.274999856948852539e+00 1.021415717899799347e+00
8.324999809265136719e+00 1.024117931723594666e+00
8.374999761581420898e+00 1.022050891071557999e+00
8.424999713897705078e+00 1.022052105516195297e+00
8.474999666213989258e+00 1.023204293102025986e+00
8.524999618530273438e+00 1.020959656685590744e+00
8.574999570846557617e+00 1.022302988916635513e+00
8.624999523162841797e+00 1.025492116808891296e+00
8.675000071525573730e+00 1.023000232875347137e+00
8.725000023841857910e+00 1.023351445794105530e+00
8.774999976158142090e+00 1.022672612220048904e+00
8.824999928474426270e+00 1.024222794920206070e+00
8.874999880790710449e+00 1.027381476014852524e+00
8.924999833106994629e+00 1.028221420943737030e+00
8.974999785423278809e+00 1.024644594639539719e+00
9.024999737739562988e+00 1.028552617877721786e+00
9.074999690055847168e+00 1.026937332004308701e+00
9.124999642372131348e+00 1.028473585844039917e+00
9.174999594688415527e+00 1.026733398437500000e+00
9.224999547004699707e+00 1.027690153568983078e+00
9.275000095367431641e+00 1.028967134654521942e+00
9.325000047683715820e+00 1.028410676866769791e+00
9.375000000000000000e+00 1.029191952198743820e+00
9.424999952316284180e+00 1.024932872503995895e+00
9.474999904632568359e+00 1.028794310986995697e+00
9.524999856948852539e+00 1.025668375194072723e+00
9.574999809265136719e+00 1.028515245765447617e+00
9.624999761581420898e+00 1.030296690762042999e+00
9.674999713897705078e+00 1.026588194072246552e+00
9.724999666213989258e+00 1.025601487606763840e+00
9.774999618530273438e+00 1.026022423058748245e+00
9.824999570846557617e+00 1.024400256574153900e+00
9.874999523162841797e+00 1.022234406322240829e+00
9.924999475479125977e+00 1.023961290717124939e+00
9.975000023841857910e+00 1.022093225270509720e+00
1.002500057220458984e+01 1.021560002118349075e+00
1.007499933242797852e+01 1.020360998809337616e+00
1.012500047683715820e+01 1.016818661242723465e+00
1.017499923706054688e+01 1.018099620938301086e+00
1.022500038146972656e+01 1.015831466764211655e+00
1.027499914169311523e+01 1.015597354620695114e+00
1.032500028610229492e+01 1.015151951462030411e+00
1.037499904632568359e+01 1.015092879533767700e+00
1.042500019073486328e+01 1.014190755784511566e+00
1.047499895095825195e+01 1.013933137059211731e+00
1.052500009536743164e+01 1.011581465601921082e+00
1.057499885559082031e+01 1.010616172105073929e+00
1.062500000000000000e+01 1.010839767754077911e+00
1.067499876022338867e+01 1.011714398860931396e+00
1.072499990463256836e+01 1.007716607302427292e+00
1.077499866485595703e+01 1.009694062173366547e+00
1.082499980926513672e+01 1.008056260645389557e+00
1.087499976158142090e+01 1.006837684661149979e+00
1.092499971389770508e+01 1.007359396666288376e+00
1.097500085830688477e+01 1.008344840258359909e+00
1.102499961853027344e+01 1.008619833737611771e+00
1.107500076293945312e+01 1.008556999266147614e+00
1.112499952316284180e+01 1.004967182874679565e+00
1.117500066757202148e+01 1.007120005786418915e+00
1.122499942779541016e+01 1.007037494331598282e+00
1.127500057220458984e+01 1.006396133452653885e+00
1.132499933242797852e+01 1.005115896463394165e+00
1.137500047683715820e+01 1.005867499858140945e+00
1.142499923706054688e+01 1.006098899990320206e+00
1.147500038146972656e+01 1.005689814686775208e+00
1.152499914169311523e+01 1.006702858954668045e+00
1.157500028610229492e+01 1.004041180014610291e+00
1.162499904632568359e+01 1.006848983466625214e+00
1.167500019073486328e+01 1.005129940807819366e+00
1.172499895095825195e+01 1.007306784391403198e+00
1.177500009536743164e+01 1.007339950650930405e+00
1.182499885559082031e+01 1.005969319492578506e+00
1.187500000000000000e+01 1.006975527852773666e+00
1.192499876022338867e+01 1.005397789180278778e+00
1.197499990463256836e+01 1.006405662745237350e+00
1.202499866485595703e+01 1.006732091307640076e+00
1.207499980926513672e+01 1.006048012524843216e+00
1.212499856948852539e+01 1.006392531096935272e+00
1.217499971389770508e+01 1.005875401198863983e+00
1.222500085830688477e+01 1.006929442286491394e+00
1.227499961853027344e+01 1.005309861153364182e+00
1.232500076293945312e+01 1.005816996097564697e+00
1.237499952316284180e+01 1.007139917463064194e+00
1.242500066757202148e+01 1.006730515509843826e+00
1.247499942779541016e+01 1.005508515983819962e+00
