2.499999944120645523e-02 0.000000000000000000e+00
7.499999832361936569e-02 0.000000000000000000e+00
1.249999925494194031e-01 0.000000000000000000e+00
1.750000007450580597e-01 0.000000000000000000e+00
2.249999903142452240e-01 0.000000000000000000e+00
2.749999985098838806e-01 0.000000000000000000e+00
3.249999880790710449e-01 0.000000000000000000e+00
3.750000149011611938e-01 0.000000000000000000e+00
4.249999672174453735e-01 0.000000000000000000e+00
4.749999940395355225e-01 0.000000000000000000e+00
5.249999836087226868e-01 0.000000000000000000e+00
5.749999731779098511e-01 0.000000000000000000e+00
6.250000000000000000e-01 0.000000000000000000e+00
6.749999523162841797e-01 0.000000000000000000e+00
7.249999791383743286e-01 0.000000000000000000e+00
7.750000059604644775e-01 0.000000000000000000e+00
8.249999582767486572e-01 0.000000000000000000e+00
8.749999850988388062e-01 0.000000000000000000e+00
9.250000119209289551e-01 0.000000000000000000e+00
9.749999642372131348e-01 0.000000000000000000e+00
1.024999916553497314e+00 0.000000000000000000e+00
1.075000017881393433e+00 0.000000000000000000e+00
1.124999970197677612e+00 0.000000000000000000e+00
1.174999922513961792e+00 0.000000000000000000e+00
1.225000023841857910e+00 0.000000000000000000e+00
1.274999976158142090e+00 0.000000000000000000e+00
1.324999928474426270e+00 0.000000000000000000e+00
1.374999880790710449e+00 0.000000000000000000e+00
1.424999982118606567e+00 0.000000000000000000e+00
1.474999934434890747e+00 0.000000000000000000e+00
1.525000035762786865e+00 0.000000000000000000e+00
1.574999988079071045e+00 0.000000000000000000e+00
1.624999940395355225e+00 0.000000000000000000e+00
1.674999892711639404e+00 0.000000000000000000e+00
1.724999994039535522e+00 0.000000000000000000e+00
1.774999946355819702e+00 0.000000000000000000e+00
1.825000047683715820e+00 0.000000000000000000e+00
1.875000000000000000e+00 0.000000000000000000e+00
1.924999952316284180e+00 0.000000000000000000e+00
1.974999904632568359e+00 0.000000000000000000e+00
2.024999856948852539e+00 0.000000000000000000e+00
2.074999958276748657e+00 0.000000000000000000e+00
2.124999910593032837e+00 0.000000000000000000e+00
2.175000011920928955e+00 0.000000000000000000e+00
2.224999964237213135e+00 0.000000000000000000e+00
2.274999916553497314e+00 0.000000000000000000e+00
2.324999868869781494e+00 0.000000000000000000e+00
2.374999970197677612e+00 8.333333425980526954e-06
2.424999922513961792e+00 1.239583350525208516e-04
2.475000023841857910e+00 1.404166680003982037e-03
2.524999976158142090e+00 8.515625144354999065e-03
2.574999928474426270e+00 3.133437572978436947e-02
2.624999880790710449e+00 8.170312596485018730e-02
2.674999833106994629e+00 1.671072924509644508e-01
2.724999785423278809e+00 2.823927085846662521e-01
2.775000035762786865e+00 4.186828117817640305e-01
2.824999988079071045e+00 5.623354166746139526e-01
2.874999940395355225e+00 7.033697962760925293e-01
2.924999892711639404e+00 8.346104249358177185e-01
2.974999845027923584e+00 9.519177265465259552e-01
3.025000095367431641e+00 1.055227108299732208e+00
3.075000047683715820e+00 1.145814612507820129e+00
3.125000000000000000e+00 1.223655231297016144e+00
3.174999952316284180e+00 1.292021892964839935e+00
3.224999904632568359e+00 1.352606266736984253e+00
3.274999856948852539e+00 1.406257294118404388e+00
3.324999809265136719e+00 1.454423956573009491e+00
3.374999761581420898e+00 1.498361460864543915e+00
3.425000011920928955e+00 1.539703130722045898e+00
3.474999964237213135e+00 1.578656256198883057e+00
3.524999916553497314e+00 1.615877099335193634e+00
3.574999868869781494e+00 1.652081273496150970e+00
3.624999821186065674e+00 1.688043758273124695e+00
3.675000071525573730e+00 1.723770834505558014e+00
3.725000023841857910e+00 1.760108329355716705e+00
3.774999976158142090e+00 1.797496885061264038e+00
3.824999928474426270e+00 1.835830219089984894e+00
3.874999880790710449e+00 1.875335417687892914e+00
3.924999833106994629e+00 1.917085416615009308e+00
3.974999785423278809e+00 1.960855215787887573e+00
4.024999737739562988e+00 2.007677078247070312e+00
4.074999988079071045e+00 2.057388573884963989e+00
4.124999940395355225e+00 2.110552117228507996e+00
4.174999892711639404e+00 2.167180225253105164e+00
4.224999845027923584e+00 2.228030726313591003e+00
4.274999797344207764e+00 2.293330207467079163e+00
4.325000047683715820e+00 2.363791659474372864e+00
4.375000000000000000e+00 2.439671874046325684e+00
4.424999952316284180e+00 2.520982265472412109e+00
4.474999904632568359e+00 2.608752071857452393e+00
4.524999856948852539e+00 2.700967699289321899e+00
4.574999809265136719e+00 2.798713535070419312e+00
4.624999761581420898e+00 2.901606261730194092e+00
4.675000011920928955e+00 3.008913040161132812e+00
4.724999964237213135e+00 3.120648965239524841e+00
4.774999916553497314e+00 3.237582802772521973e+00
4.824999868869781494e+00 3.357799947261810303e+00
4.874999821186065674e+00 3.480447366833686829e+00
4.924999773502349854e+00 3.606508791446685791e+00
4.975000023841857910e+00 3.736064508557319641e+00
5.024999976158142090e+00 3.869107216596603394e+00
5.074999928474426270e+00 4.004979029297828674e+00
5.124999880790710449e+00 4.143646717071533203e+00
5.174999833106994629e+00 4.285419583320617676e+00
5.224999785423278809e+00 4.430092483758926392e+00
5.274999737739562988e+00 4.578215926885604858e+00
5.324999690055847168e+00 4.727790981531143188e+00
5.374999642372131348e+00 4.880541473627090454e+00
5.425000190734863281e+00 5.035073727369308472e+00
5.475000143051147461e+00 5.191902399063110352e+00
5.525000095367431641e+00 5.351264864206314087e+00
5.575000047683715820e+00 5.512966454029083252e+00
5.625000000000000000e+00 5.676896661520004272e+00
5.674999952316284180e+00 5.843002349138259888e+00
5.724999904632568359e+00 6.011484175920486450e+00
5.774999856948852539e+00 6.183517009019851685e+00
5.824999809265136719e+00 6.357694566249847412e+00
5.874999761581420898e+00 6.534086287021636963e+00
5.924999713897705078e+00 6.712970137596130371e+00
5.974999666213989258e+00 6.895231604576110840e+00
6.024999618530273438e+00 7.079306125640869141e+00
6.074999570846557617e+00 7.265717625617980957e+00
6.125000119209289551e+00 7.455287963151931763e+00
6.175000071525573730e+00 7.648910373449325562e+00
6.225000023841857910e+00 7.844718724489212036e+00
6.274999976158142090e+00 8.044513404369354248e+00
6.324999928474426270e+00 8.247186958789825439e+00
6.374999880790710449e+00 8.453548431396484375e+00
6.424999833106994629e+00 8.664377033710479736e+00
6.474999785423278809e+00 8.879958331584930420e+00
6.524999737739562988e+00 9.099188446998596191e+00
6.574999690055847168e+00 9.323470175266265869e+00
6.624999642372131348e+00 9.552568078041076660e+00
6.674999594688415527e+00 9.785420179367065430e+00
6.725000143051147461e+00 1.002426493167877197e+01
6.775000095367431641e+00 1.026751482486724854e+01
6.825000047683715820e+00 1.051659601926803589e+01
6.875000000000000000e+00 1.077186113595962524e+01
6.924999952316284180e+00 1.103095752000808716e+01
6.974999904632568359e+00 1.129512059688568115e+01
7.024999856948852539e+00 1.156466275453567505e+01
7.074999809265136719e+00 1.183866161108016968e+01
7.124999761581420898e+00 1.211771267652511597e+01
7.174999713897705078e+00 1.240131306648254395e+01
7.224999666213989258e+00 1.268999278545379639e+01
7.274999618530273438e+00 1.298364657163619995e+01
7.324999570846557617e+00 1.328094655275344849e+01
7.374999523162841797e+00 1.358325845003128052e+01
7.425000071525573730e+00 1.389041781425476074e+01
7.475000023841857910e+00 1.420094746351242065e+01
7.524999976158142090e+00 1.451552861928939819e+01
7.574999928474426270e+00 1.483308243751525879e+01
7.624999880790710449e+00 1.515573191642761230e+01
7.674999833106994629e+00 1.548385375738143921e+01
7.724999785423278809e+00 1.581514906883239746e+01
7.774999737739562988e+00 1.615026843547821045e+01
7.824999690055847168e+00 1.648872828483581543e+01
7.874999642372131348e+00 1.683162975311279297e+01
7.924999594688415527e+00 1.717954790592193604e+01
7.974999547004699707e+00 1.753250622749328613e+01
8.025000095367431641e+00 1.788944935798645020e+01
8.075000047683715820e+00 1.824937617778778076e+01
8.125000000000000000e+00 1.861501979827880859e+01
8.174999952316284180e+00 1.898351299762725830e+01
8.224999904632568359e+00 1.935690891742706299e+01
8.274999856948852539e+00 1.973553085327148438e+01
8.324999809265136719e+00 2.011976432800292969e+01
8.374999761581420898e+00 2.050785887241363525e+01
8.424999713897705078e+00 2.090060937404632568e+01
8.474999666213989258e+00 2.129846024513244629e+01
8.524999618530273438e+00 2.170012283325195312e+01
8.574999570846557617e+00 2.210706460475921631e+01
8.624999523162841797e+00 2.252003955841064453e+01
8.675000071525573730e+00 2.293679773807525635e+01
8.725000023841857910e+00 2.335853588581085205e+01
8.774999976158142090e+00 2.378481519222259521e+01
8.824999928474426270e+00 2.421661603450775146e+01
8.874999880790710449e+00 2.465467047691345215e+01
8.924999833106994629e+00 2.509805083274841309e+01
8.974999785423278809e+00 2.554485964775085449e+01
9.024999737739562988e+00 2.599836814403533936e+01
9.074999690055847168e+00 2.645621442794799805e+01
9.124999642372131348e+00 2.691981446743011475e+01
9.174999594688415527e+00 2.738771796226501465e+01
9.224999547004699707e+00 2.786118531227111816e+01
9.275000095367431641e+00 2.834037947654724121e+01
9.325000047683715820e+00 2.882449460029602051e+01
9.375000000000000000e+00 2.931418383121490479e+01
9.424999952316284180e+00 2.980704760551452637e+01
9.474999904632568359e+00 3.030705273151397705e+01
9.524999856948852539e+00 3.081080043315887451e+01
9.574999809265136719e+00 3.132125711441040039e+01
9.624999761581420898e+00 3.183796072006225586e+01
9.674999713897705078e+00 3.235815811157226562e+01
9.724999666213989258e+00 3.288324570655822754e+01
9.774999618530273438e+00 3.341397452354431152e+01
9.824999570846557617e+00 3.394927453994750977e+01
9.874999523162841797e+00 3.448890924453735352e+01
9.924999475479125977e+00 3.503497934341430664e+01
9.975000023841857910e+00 3.558554196357727051e+01
1.002500057220458984e+01 3.614132642745971680e+01
1.007499933242797852e+01 3.670202636718750000e+01
1.012500047683715820e+01 3.726633453369140625e+01
1.017499923706054688e+01 3.783692955970764160e+01
1.022500038146972656e+01 3.841188979148864746e+01
1.027499914169311523e+01 3.899235558509826660e+01
1.032500028610229492e+01 3.957821273803710938e+01
1.037499904632568359e+01 4.016970133781433105e+01
1.042500019073486328e+01 4.076643562316894531e+01
1.047499895095825195e+01 4.136871671676635742e+01
1.052500009536743164e+01 4.197537779808044434e+01
1.057499885559082031e+01 4.258720445632934570e+01
1.062500000000000000e+01 4.320498561859130859e+01
1.067499876022338867e+01 4.382915639877319336e+01
1.072499990463256836e+01 4.445662784576416016e+01
1.077499866485595703e+01 4.509122896194458008e+01
1.082499980926513672e+01 4.573070168495178223e+01
1.087499976158142090e+01 4.637535834312438965e+01
1.092499971389770508e+01 4.702624034881591797e+01
1.097500085830688477e+01 4.768374967575073242e+01
1.102499961853027344e+01 4.834744858741760254e+01
1.107500076293945312e+01 4.901709294319152832e+01
1.112499952316284180e+01 4.969042396545410156e+01
1.117500066757202148e+01 5.037130308151245117e+01
1.122499942779541016e+01 5.105822348594665527e+01
1.127500057220458984e+01 5.175081896781921387e+01
1.132499933242797852e+01 5.244865417480468750e+01
1.137500047683715820e+01 5.315321683883666992e+01
1.142499923706054688e+01 5.386417007446289062e+01
1.147500038146972656e+01 5.458107256889343262e+01
1.152499914169311523e+01 5.530495429039001465e+01
1.157500028610229492e+01 5.603317141532897949e+01
1.162499904632568359e+01 5.676978945732116699e+01
1.167500019073486328e+01 5.751143693923950195e+01
1.172499895095825195e+01 5.826110434532165527e+01
1.177500009536743164e+01 5.901719403266906738e+01
1.182499885559082031e+01 5.977870106697082520e+01
1.187500000000000000e+01 6.054739785194396973e+01
1.192499876022338867e+01 6.132137060165405273e+01
1.197499990463256836e+01 6.210265445709228516e+01
1.202499866485595703e+01 6.289071655273437500e+01
1.207499980926513672e+01 6.368479561805725098e+01
1.212499856948852539e+01 6.448575878143310547e+01
1.217499971389770508e+01 6.529292058944702148e+01
1.222500085830688477e+01 6.610759687423706055e+01
1.227499961853027344e+01 6.692762088775634766e+01
1.232500076293945312e+01 6.775477790832519531e+01
1.237499952316284180e+01 6.858970594406127930e+01
1.242500066757202148e+01 6.943108320236206055e+01
1.247499942779541016e+01 7.027820587158203125e+01
