2.499999944120645523e-02 0.000000000000000000e+00
7.499999832361936569e-02 0.000000000000000000e+00
1.249999925494194031e-01 0.000000000000000000e+00
1.750000007450580597e-01 0.000000000000000000e+00
2.249999903142452240e-01 0.000000000000000000e+00
2.749999985098838806e-01 0.000000000000000000e+00
3.249999880790710449e-01 0.000000000000000000e+00
3.750000149011611938e-01 0.000000000000000000e+00
4.249999672174453735e-01 0.000000000000000000e+00
4.749999940395355225e-01 0.000000000000000000e+00
5.249999836087226868e-01 0.000000000000000000e+00
5.749999731779098511e-01 0.000000000000000000e+00
6.250000000000000000e-01 0.000000000000000000e+00
6.749999523162841797e-01 0.000000000000000000e+00
7.249999791383743286e-01 0.000000000000000000e+00
7.750000059604644775e-01 0.000000000000000000e+00
8.249999582767486572e-01 0.000000000000000000e+00
8.749999850988388062e-01 0.000000000000000000e+00
9.250000119209289551e-01 0.000000000000000000e+00
9.749999642372131348e-01 0.000000000000000000e+00
1.024999916553497314e+00 0.000000000000000000e+00
1.075000017881393433e+00 0.000000000000000000e+00
1.124999970197677612e+00 0.000000000000000000e+00
1.174999922513961792e+00 0.000000000000000000e+00
1.225000023841857910e+00 0.000000000000000000e+00
1.274999976158142090e+00 0.000000000000000000e+00
1.324999928474426270e+00 0.000000000000000000e+00
1.374999880790710449e+00 0.000000000000000000e+00
1.424999982118606567e+00 0.000000000000000000e+00
1.474999934434890747e+00 0.000000000000000000e+00
1.525000035762786865e+00 0.000000000000000000e+00
1.574999988079071045e+00 0.000000000000000000e+00
1.624999940395355225e+00 0.000000000000000000e+00
1.674999892711639404e+00 0.000000000000000000e+00
1.724999994039535522e+00 0.000000000000000000e+00
1.774999946355819702e+00 0.000000000000000000e+00
1.825000047683715820e+00 0.000000000000000000e+00
1.875000000000000000e+00 0.000000000000000000e+00
1.924999952316284180e+00 0.000000000000000000e+00
1.974999904632568359e+00 0.000000000000000000e+00
2.024999856948852539e+00 0.000000000000000000e+00
2.074999958276748657e+00 0.000000000000000000e+00
2.124999910593032837e+00 0.000000000000000000e+00
2.175000011920928955e+00 0.000000000000000000e+00
2.224999964237213135e+00 0.000000000000000000e+00
2.274999916553497314e+00 0.000000000000000000e+00
2.324999868869781494e+00 0.000000000000000000e+00
2.374999970197677612e+00 1.497005996498046443e-06
2.424999922513961792e+00 4.441117789610871114e-05
2.475000023841857910e+00 7.180638713180087507e-04
2.524999976158142090e+00 5.984031944535672665e-03
2.574999928474426270e+00 2.852295432239770889e-02
2.624999880790710449e+00 8.710579015314579010e-02
2.674999833106994629e+00 1.973068863153457642e-01
2.724999785423278809e+00 3.575399219989776611e-01
2.775000035762786865e+00 5.496886335313320160e-01
2.824999988079071045e+00 7.513241171836853027e-01
2.874999940395355225e+00 9.429446309804916382e-01
2.924999892711639404e+00 1.113008990883827209e+00
2.974999845027923584e+00 1.258394479751586914e+00
3.025000095367431641e+00 1.378478802740573883e+00
3.075000047683715820e+00 1.476444624364376068e+00
3.125000000000000000e+00 1.556552402675151825e+00
3.174999952316284180e+00 1.622460581362247467e+00
3.224999904632568359e+00 1.677001982927322388e+00
3.274999856948852539e+00 1.723336793482303619e+00
3.324999809265136719e+00 1.763244979083538055e+00
3.374999761581420898e+00 1.798739492893218994e+00
3.425000011920928955e+00 1.830567583441734314e+00
3.474999964237213135e+00 1.860535882413387299e+00
3.524999916553497314e+00 1.889344759285449982e+00
3.574999868869781494e+00 1.917609728872776031e+00
3.624999821186065674e+00 1.945869199931621552e+00
3.675000071525573730e+00 1.974782362580299377e+00
3.725000023841857910e+00 2.004638150334358215e+00
3.774999976158142090e+00 2.035983964800834656e+00
3.824999928474426270e+00 2.069223985075950623e+00
3.874999880790710449e+00 2.104935541749000549e+00
3.924999833106994629e+00 2.143014878034591675e+00
3.974999785423278809e+00 2.184388622641563416e+00
4.024999737739562988e+00 2.229145124554634094e+00
4.074999988079071045e+00 2.277854189276695251e+00
4.124999940395355225e+00 2.330756872892379761e+00
4.174999892711639404e+00 2.388360187411308289e+00
4.224999845027923584e+00 2.451391100883483887e+00
4.274999797344207764e+00 2.520644083619117737e+00
4.325000047683715820e+00 2.596749886870384216e+00
4.375000000000000000e+00 2.680252358317375183e+00
4.424999952316284180e+00 2.771421775221824646e+00
4.474999904632568359e+00 2.869971454143524170e+00
4.524999856948852539e+00 2.976441025733947754e+00
4.574999809265136719e+00 3.091033339500427246e+00
4.624999761581420898e+00 3.212531581521034241e+00
4.675000011920928955e+00 3.340712457895278931e+00
4.724999964237213135e+00 3.474850907921791077e+00
4.774999916553497314e+00 3.614334657788276672e+00
4.824999868869781494e+00 3.758492559194564819e+00
4.874999821186065674e+00 3.907518789172172546e+00
4.924999773502349854e+00 4.060878306627273560e+00
4.975000023841857910e+00 4.218403518199920654e+00
5.024999976158142090e+00 4.378396540880203247e+00
5.074999928474426270e+00 4.542228877544403076e+00
5.124999880790710449e+00 4.709305346012115479e+00
5.174999833106994629e+00 4.879183590412139893e+00
5.224999785423278809e+00 5.051826298236846924e+00
5.274999737739562988e+00 5.227396667003631592e+00
5.324999690055847168e+00 5.404732465744018555e+00
5.374999642372131348e+00 5.584372162818908691e+00
5.425000190734863281e+00 5.765580207109451294e+00
5.475000143051147461e+00 5.948101907968521118e+00
5.525000095367431641e+00 6.132395595312118530e+00
5.575000047683715820e+00 6.319018065929412842e+00
5.625000000000000000e+00 6.507015585899353027e+00
5.674999952316284180e+00 6.696646541357040405e+00
5.724999904632568359e+00 6.889042705297470093e+00
5.774999856948852539e+00 7.084085851907730103e+00
5.824999809265136719e+00 7.280618280172348022e+00
5.874999761581420898e+00 7.480316102504730225e+00
5.924999713897705078e+00 7.683504194021224976e+00
5.974999666213989258e+00 7.889279752969741821e+00
6.024999618530273438e+00 8.098292648792266846e+00
6.074999570846557617e+00 8.311062097549438477e+00
6.125000119209289551e+00 8.526919186115264893e+00
6.175000071525573730e+00 8.746945321559906006e+00
6.225000023841857910e+00 8.971076130867004395e+00
6.274999976158142090e+00 9.199745535850524902e+00
6.324999928474426270e+00 9.433062434196472168e+00
6.374999880790710449e+00 9.671523809432983398e+00
6.424999833106994629e+00 9.915654182434082031e+00
6.474999785423278809e+00 1.016509801149368286e+01
6.524999737739562988e+00 1.042039096355438232e+01
6.574999690055847168e+00 1.068119537830352783e+01
6.624999642372131348e+00 1.094905167818069458e+01
6.674999594688415527e+00 1.122320455312728882e+01
6.725000143051147461e+00 1.150419604778289795e+01
6.775000095367431641e+00 1.179140198230743408e+01
6.825000047683715820e+00 1.208519816398620605e+01
6.875000000000000000e+00 1.238596242666244507e+01
6.924999952316284180e+00 1.269392001628875732e+01
6.974999904632568359e+00 1.300819295644760132e+01
7.024999856948852539e+00 1.332846045494079590e+01
7.074999809265136719e+00 1.365472668409347534e+01
7.124999761581420898e+00 1.398658704757690430e+01
7.174999713897705078e+00 1.432443660497665405e+01
7.224999666213989258e+00 1.466847109794616699e+01
7.274999618530273438e+00 1.501671391725540161e+01
7.324999570846557617e+00 1.536930447816848755e+01
7.374999523162841797e+00 1.572705340385437012e+01
7.425000071525573730e+00 1.608975660800933838e+01
7.475000023841857910e+00 1.645677077770233154e+01
7.524999976158142090e+00 1.682829427719116211e+01
7.574999928474426270e+00 1.720391762256622314e+01
7.624999880790710449e+00 1.758414268493652344e+01
7.674999833106994629e+00 1.796821439266204834e+01
7.724999785423278809e+00 1.835702574253082275e+01
7.774999737739562988e+00 1.874954259395599365e+01
7.824999690055847168e+00 1.914666950702667236e+01
7.874999642372131348e+00 1.954821372032165527e+01
7.924999594688415527e+00 1.995364034175872803e+01
7.974999547004699707e+00 2.036473250389099121e+01
8.025000095367431641e+00 2.077975714206695557e+01
8.075000047683715820e+00 2.119911289215087891e+01
8.125000000000000000e+00 2.162356460094451904e+01
8.174999952316284180e+00 2.205269777774810791e+01
8.224999904632568359e+00 2.248809254169464111e+01
8.274999856948852539e+00 2.292821335792541504e+01
8.324999809265136719e+00 2.337396216392517090e+01
8.374999761581420898e+00 2.382404851913452148e+01
8.424999713897705078e+00 2.428014075756072998e+01
8.474999666213989258e+00 2.474224078655242920e+01
8.524999618530273438e+00 2.520958590507507324e+01
8.574999570846557617e+00 2.568232655525207520e+01
8.624999523162841797e+00 2.615999662876129150e+01
8.675000071525573730e+00 2.664472758769989014e+01
8.725000023841857910e+00 2.713527870178222656e+01
8.774999976158142090e+00 2.763153004646301270e+01
8.824999928474426270e+00 2.813295376300811768e+01
8.874999880790710449e+00 2.864081907272338867e+01
8.924999833106994629e+00 2.915456128120422363e+01
8.974999785423278809e+00 2.967475783824920654e+01
9.024999737739562988e+00 3.020068514347076416e+01
9.074999690055847168e+00 3.073230898380279541e+01
9.124999642372131348e+00 3.127053260803222656e+01
9.174999594688415527e+00 3.181440532207489014e+01
9.224999547004699707e+00 3.236379170417785645e+01
9.275000095367431641e+00 3.292078804969787598e+01
9.325000047683715820e+00 3.348338103294372559e+01
9.375000000000000000e+00 3.405203008651733398e+01
9.424999952316284180e+00 3.462527322769165039e+01
9.474999904632568359e+00 3.520451521873474121e+01
9.524999856948852539e+00 3.578978681564331055e+01
9.574999809265136719e+00 3.638188886642456055e+01
9.624999761581420898e+00 3.697810173034667969e+01
9.674999713897705078e+00 3.757997846603393555e+01
9.724999666213989258e+00 3.818700599670410156e+01
9.774999618530273438e+00 3.879932522773742676e+01
9.824999570846557617e+00 3.941671609878540039e+01
9.874999523162841797e+00 4.004058670997619629e+01
9.924999475479125977e+00 4.066935777664184570e+01
9.975000023841857910e+00 4.130463600158691406e+01
1.002500057220458984e+01 4.194510650634765625e+01
1.007499933242797852e+01 4.258991336822509766e+01
1.012500047683715820e+01 4.324158501625061035e+01
1.017499923706054688e+01 4.389845895767211914e+01
1.022500038146972656e+01 4.456139087677001953e+01
1.027499914169311523e+01 4.522869873046875000e+01
1.032500028610229492e+01 4.590180563926696777e+01
1.037499904632568359e+01 4.658148574829101562e+01
1.042500019073486328e+01 4.726587200164794922e+01
1.047499895095825195e+01 4.795652556419372559e+01
1.052500009536743164e+01 4.865378022193908691e+01
1.057499885559082031e+01 4.935875630378723145e+01
1.062500000000000000e+01 5.006820893287658691e+01
1.067499876022338867e+01 5.078451156616210938e+01
1.072499990463256836e+01 5.150776863098144531e+01
1.077499866485595703e+01 5.223749566078186035e+01
1.082499980926513672e+01 5.297329711914062500e+01
1.087499976158142090e+01 5.371547627449035645e+01
1.092499971389770508e+01 5.446443462371826172e+01
1.097500085830688477e+01 5.522071027755737305e+01
1.102499961853027344e+01 5.598404836654663086e+01
1.107500076293945312e+01 5.675424265861511230e+01
1.112499952316284180e+01 5.753071379661560059e+01
1.117500066757202148e+01 5.831510710716247559e+01
1.122499942779541016e+01 5.910710215568542480e+01
1.127500057220458984e+01 5.990548515319824219e+01
1.132499933242797852e+01 6.071018409729003906e+01
1.137500047683715820e+01 6.152369618415832520e+01
1.142499923706054688e+01 6.234340834617614746e+01
1.147500038146972656e+01 6.317106747627258301e+01
1.152499914169311523e+01 6.400419521331787109e+01
1.157500028610229492e+01 6.484410524368286133e+01
1.162499904632568359e+01 6.569380044937133789e+01
1.167500019073486328e+01 6.655121135711669922e+01
1.172499895095825195e+01 6.741523933410644531e+01
1.177500009536743164e+01 6.828725814819335938e+01
1.182499885559082031e+01 6.916596841812133789e+01
1.187500000000000000e+01 7.005123710632324219e+01
1.192499876022338867e+01 7.094602537155151367e+01
1.197499990463256836e+01 7.184702825546264648e+01
1.202499866485595703e+01 7.275690603256225586e+01
1.207499980926513672e+01 7.367390298843383789e+01
1.212499856948852539e+01 7.459991359710693359e+01
1.217499971389770508e+01 7.553245019912719727e+01
1.222500085830688477e+01 7.647304534912109375e+01
1.227499961853027344e+01 7.742024755477905273e+01
1.232500076293945312e+01 7.837619686126708984e+01
1.237499952316284180e+01 7.933973407745361328e+01
1.242500066757202148e+01 8.031126403808593750e+01
1.247499942779541016e+01 8.129030036926269531e+01
