2.499999944120645523e-02 0.000000000000000000e+00
7.499999832361936569e-02 0.000000000000000000e+00
1.249999925494194031e-01 0.000000000000000000e+00
1.750000007450580597e-01 0.000000000000000000e+00
2.249999903142452240e-01 0.000000000000000000e+00
2.749999985098838806e-01 0.000000000000000000e+00
3.249999880790710449e-01 0.000000000000000000e+00
3.750000149011611938e-01 0.000000000000000000e+00
4.249999672174453735e-01 0.000000000000000000e+00
4.749999940395355225e-01 0.000000000000000000e+00
5.249999836087226868e-01 0.000000000000000000e+00
5.749999731779098511e-01 0.000000000000000000e+00
6.250000000000000000e-01 0.000000000000000000e+00
6.749999523162841797e-01 0.000000000000000000e+00
7.249999791383743286e-01 0.000000000000000000e+00
7.750000059604644775e-01 0.000000000000000000e+00
8.249999582767486572e-01 0.000000000000000000e+00
8.749999850988388062e-01 0.000000000000000000e+00
9.250000119209289551e-01 0.000000000000000000e+00
9.749999642372131348e-01 0.000000000000000000e+00
1.024999916553497314e+00 0.000000000000000000e+00
1.075000017881393433e+00 0.000000000000000000e+00
1.124999970197677612e+00 0.000000000000000000e+00
1.174999922513961792e+00 0.000000000000000000e+00
1.225000023841857910e+00 0.000000000000000000e+00
1.274999976158142090e+00 0.000000000000000000e+00
1.324999928474426270e+00 0.000000000000000000e+00
1.374999880790710449e+00 0.000000000000000000e+00
1.424999982118606567e+00 0.000000000000000000e+00
1.474999934434890747e+00 0.000000000000000000e+00
1.525000035762786865e+00 0.000000000000000000e+00
1.574999988079071045e+00 0.000000000000000000e+00
1.624999940395355225e+00 0.000000000000000000e+00
1.674999892711639404e+00 0.000000000000000000e+00
1.724999994039535522e+00 0.000000000000000000e+00
1.774999946355819702e+00 0.000000000000000000e+00
1.825000047683715820e+00 0.000000000000000000e+00
1.875000000000000000e+00 0.000000000000000000e+00
1.924999952316284180e+00 0.000000000000000000e+00
1.974999904632568359e+00 0.000000000000000000e+00
2.024999856948852539e+00 0.000000000000000000e+00
2.074999958276748657e+00 0.000000000000000000e+00
2.124999910593032837e+00 0.000000000000000000e+00
2.175000011920928955e+00 0.000000000000000000e+00
2.224999964237213135e+00 0.000000000000000000e+00
2.274999916553497314e+00 0.000000000000000000e+00
2.324999868869781494e+00 0.000000000000000000e+00
2.374999970197677612e+00 4.238895598973613232e-05
2.424999922513961792e+00 1.157832195531227626e-03
2.475000023841857910e+00 1.745204732287675142e-02
2.524999976158142090e+00 1.310543473809957504e-01
2.574999928474426270e+00 5.393306501209735870e-01
2.624999880790710449e+00 1.348902016878128052e+00
2.674999833106994629e+00 2.443606406450271606e+00
2.724999785423278809e+00 3.423742726445198059e+00
2.775000035762786865e+00 3.959123492240905762e+00
2.824999988079071045e+00 4.008823662996292114e+00
2.874999940395355225e+00 3.678323641419410706e+00
2.924999892711639404e+00 3.153832465410232544e+00
2.974999845027923584e+00 2.606316938996315002e+00
3.025000095367431641e+00 2.082211375236511230e+00
3.075000047683715820e+00 1.643906779587268829e+00
3.125000000000000000e+00 1.301546186208724976e+00
3.174999952316284180e+00 1.037384338676929474e+00
3.224999904632568359e+00 8.320516087114810944e-01
3.274999856948852539e+00 6.854603812098503113e-01
3.324999809265136719e+00 5.727583169937133789e-01
3.374999761581420898e+00 4.944250658154487610e-01
3.425000011920928955e+00 4.304971620440483093e-01
3.474999964237213135e+00 3.937762957066297531e-01
3.524999916553497314e+00 3.678583391010761261e-01
3.574999868869781494e+00 3.508856687694787979e-01
3.624999821186065674e+00 3.412467204034328461e-01
3.675000071525573730e+00 3.396672625094652176e-01
3.725000023841857910e+00 3.414269313216209412e-01
3.774999976158142090e+00 3.490059413015842438e-01
3.824999928474426270e+00 3.604968041181564331e-01
3.874999880790710449e+00 3.773550316691398621e-01
3.924999833106994629e+00 3.921854216605424881e-01
3.974999785423278809e+00 4.154701381921768188e-01
4.024999737739562988e+00 4.383431021124124527e-01
4.074999988079071045e+00 4.654206074774265289e-01
4.124999940395355225e+00 4.933244250714778900e-01
4.174999892711639404e+00 5.243584774434566498e-01
4.224999845027923584e+00 5.602648854255676270e-01
4.274999797344207764e+00 6.012475825846195221e-01
4.325000047683715820e+00 6.455458737909793854e-01
4.375000000000000000e+00 6.922107674181461334e-01
4.424999952316284180e+00 7.387780956923961639e-01
4.474999904632568359e+00 7.808542065322399139e-01
4.524999856948852539e+00 8.250563032925128937e-01
4.574999809265136719e+00 8.686581254005432129e-01
4.624999761581420898e+00 9.012219011783599854e-01
4.675000011920928955e+00 9.305861182510852814e-01
4.724999964237213135e+00 9.533167220652103424e-01
4.774999916553497314e+00 9.706540554761886597e-01
4.824999868869781494e+00 9.824880100786685944e-01
4.874999821186065674e+00 9.949401356279850006e-01
4.924999773502349854e+00 1.003196582198143005e+00
4.975000023841857910e+00 1.009851519018411636e+00
5.024999976158142090e+00 1.005350746214389801e+00
5.074999928474426270e+00 1.009309869259595871e+00
5.124999880790710449e+00 1.009277686476707458e+00
5.174999833106994629e+00 1.006493356078863144e+00
5.224999785423278809e+00 1.003397114574909210e+00
5.274999737739562988e+00 1.001162834465503693e+00
5.324999690055847168e+00 9.923119172453880310e-01
5.374999642372131348e+00 9.865905307233333588e-01
5.425000190734863281e+00 9.769333638250827789e-01
5.475000143051147461e+00 9.661354124546051025e-01
5.525000095367431641e+00 9.579498134553432465e-01
5.575000047683715820e+00 9.527379795908927917e-01
5.625000000000000000e+00 9.427698813378810883e-01
5.674999952316284180e+00 9.342672228813171387e-01
5.724999904632568359e+00 9.314186386764049530e-01
5.774999856948852539e+00 9.279542714357376099e-01
5.824999809265136719e+00 9.190350845456123352e-01
5.874999761581420898e+00 9.180084913969039917e-01
5.924999713897705078e+00 9.183681793510913849e-01
5.974999666213989258e+00 9.145666435360908508e-01
6.024999618530273438e+00 9.135872237384319305e-01
6.074999570846557617e+00 9.147525653243064880e-01
6.125000119209289551e+00 9.129499495029449463e-01
6.175000071525573730e+00 9.155734069645404816e-01
6.225000023841857910e+00 9.177337810397148132e-01
6.274999976158142090e+00 9.214485026895999908e-01
6.324999928474426270e+00 9.253710471093654633e-01
6.374999880790710449e+00 9.310006126761436462e-01
6.424999833106994629e+00 9.383641853928565979e-01
6.474999785423278809e+00 9.440236166119575500e-01
6.524999737739562988e+00 9.514122195541858673e-01
6.574999690055847168e+00 9.572272337973117828e-01
6.624999642372131348e+00 9.683237932622432709e-01
6.674999594688415527e+00 9.762781560420989990e-01
6.725000143051147461e+00 9.858117476105690002e-01
6.775000095367431641e+00 9.928398244082927704e-01
6.825000047683715820e+00 1.000774767249822617e+00
6.875000000000000000e+00 1.009646005928516388e+00
6.924999952316284180e+00 1.018933311104774475e+00
6.974999904632568359e+00 1.024955585598945618e+00
7.024999856948852539e+00 1.029720045626163483e+00
7.074999809265136719e+00 1.034213870763778687e+00
7.124999761581420898e+00 1.037243671715259552e+00
7.174999713897705078e+00 1.041302368044853210e+00
7.224999666213989258e+00 1.045726008713245392e+00
7.274999618530273438e+00 1.044030018150806427e+00
7.324999570846557617e+00 1.042682081460952759e+00
7.374999523162841797e+00 1.043611481785774231e+00
7.425000071525573730e+00 1.043879061937332153e+00
7.475000023841857910e+00 1.042215548455715179e+00
7.524999976158142090e+00 1.041038714349269867e+00
7.574999928474426270e+00 1.038675099611282349e+00
7.624999880790710449e+00 1.037643954157829285e+00
7.674999833106994629e+00 1.034549273550510406e+00
7.724999785423278809e+00 1.033809475600719452e+00
7.774999737739562988e+00 1.030287310481071472e+00
7.824999690055847168e+00 1.029092960059642792e+00
7.874999642372131348e+00 1.027371868491172791e+00
7.924999594688415527e+00 1.024244934320449829e+00
7.974999547004699707e+00 1.025589182972908020e+00
8.025000095367431641e+00 1.022530164569616318e+00
8.075000047683715820e+00 1.020456872880458832e+00
8.125000000000000000e+00 1.020177572965621948e+00
8.174999952316284180e+00 1.018855713307857513e+00
8.224999904632568359e+00 1.021187327802181244e+00
8.274999856948852539e+00 1.019822083413600922e+00
8.324999809265136719e+00 1.020494498312473297e+00
8.374999761581420898e+00 1.018178358674049377e+00
8.424999713897705078e+00 1.019547998905181885e+00
8.474999666213989258e+00 1.020821765065193176e+00
8.524999618530273438e+00 1.020326964557170868e+00
8.574999570846557617e+00 1.020106628537178040e+00
8.624999523162841797e+00 1.018835023045539856e+00
8.675000071525573730e+00 1.022022604942321777e+00
8.725000023841857910e+00 1.022465988993644714e+00
8.774999976158142090e+00 1.022593721747398376e+00
8.824999928474426270e+00 1.021573781967163086e+00
8.874999880790710449e+00 1.023077860474586487e+00
8.924999833106994629e+00 1.023351326584815979e+00
8.974999785423278809e+00 1.024695374071598053e+00
9.024999737739562988e+00 1.024514302611351013e+00
9.074999690055847168e+00 1.024249479174613953e+00
9.124999642372131348e+00 1.025632098317146301e+00
9.174999594688415527e+00 1.025129087269306183e+00
9.224999547004699707e+00 1.024327218532562256e+00
9.275000095367431641e+00 1.027353391051292419e+00
9.325000047683715820e+00 1.026571251451969147e+00
9.375000000000000000e+00 1.026596166193485260e+00
9.424999952316284180e+00 1.023934751749038696e+00
9.474999904632568359e+00 1.023766346275806427e+00
9.524999856948852539e+00 1.023583136498928070e+00
9.574999809265136719e+00 1.024745769798755646e+00
9.624999761581420898e+00 1.021155282855033875e+00
9.674999713897705078e+00 1.020230360329151154e+00
9.724999666213989258e+00 1.018426246941089630e+00
9.774999618530273438e+00 1.016795091331005096e+00
9.824999570846557617e+00 1.014814190566539764e+00
9.874999523162841797e+00 1.015106409788131714e+00
9.924999475479125977e+00 1.012799821794033051e+00
9.975000023841857910e+00 1.013069402426481247e+00
1.002500057220458984e+01 1.011171102523803711e+00
1.007499933242797852e+01 1.007940333336591721e+00
1.012500047683715820e+01 1.008628636598587036e+00
1.017499923706054688e+01 1.006719287484884262e+00
1.022500038146972656e+01 1.006084807217121124e+00
1.027499914169311523e+01 1.002895705401897430e+00
1.032500028610229492e+01 1.001859232783317566e+00
1.037499904632568359e+01 1.001895509660243988e+00
1.042500019073486328e+01 9.991784878075122833e-01
1.047499895095825195e+01 9.987195245921611786e-01
1.052500009536743164e+01 9.987125955522060394e-01
1.057499885559082031e+01 1.000240750610828400e+00
1.062500000000000000e+01 9.971534535288810730e-01
1.067499876022338867e+01 9.973735287785530090e-01
1.072499990463256836e+01 9.976739101111888885e-01
1.077499866485595703e+01 9.972822554409503937e-01
1.082499980926513672e+01 9.963176473975181580e-01
1.087499976158142090e+01 9.957065992057323456e-01
1.092499971389770508e+01 9.956592246890068054e-01
1.097500085830688477e+01 9.962443001568317413e-01
1.102499961853027344e+01 9.964467361569404602e-01
1.107500076293945312e+01 9.963326342403888702e-01
1.112499952316284180e+01 9.954567514359951019e-01
1.117500066757202148e+01 9.966478757560253143e-01
1.122499942779541016e+01 9.973378367722034454e-01
1.127500057220458984e+01 9.964891746640205383e-01
1.132499933242797852e+01 9.955242946743965149e-01
1.137500047683715820e+01 9.975926689803600311e-01
1.142499923706054688e+01 9.964245781302452087e-01
1.147500038146972656e+01 9.973409064114093781e-01
1.152499914169311523e+01 9.952288903295993805e-01
1.157500028610229492e+01 9.946962557733058929e-01
1.162499904632568359e+01 9.976377785205841064e-01
1.167500019073486328e+01 9.980905316770076752e-01
1.172499895095825195e+01 9.972400777041912079e-01
1.177500009536743164e+01 9.979313798248767853e-01
1.182499885559082031e+01 9.971013143658638000e-01
1.187500000000000000e+01 9.960883930325508118e-01
1.192499876022338867e+01 9.983810558915138245e-01
1.197499990463256836e+01 9.969489835202693939e-01
1.202499866485595703e+01 9.984062053263187408e-01
1.207499980926513672e+01 9.978980049490928650e-01
1.212499856948852539e+01 9.994098171591758728e-01
1.217499971389770508e+01 9.981918185949325562e-01
1.222500085830688477e+01 9.986186698079109192e-01
1.227499961853027344e+01 9.974535964429378510e-01
1.232500076293945312e+01 9.985047727823257446e-01
1.237499952316284180e+01 9.983186647295951843e-01
1.242500066757202148e+01 9.985342472791671753e-01
1.247499942779541016e+01 9.981869533658027649e-01
