2.499999944120645523e-02 0.000000000000000000e+00
7.499999832361936569e-02 0.000000000000000000e+00
1.249999925494194031e-01 0.000000000000000000e+00
1.750000007450580597e-01 0.000000000000000000e+00
2.249999903142452240e-01 0.000000000000000000e+00
2.749999985098838806e-01 0.000000000000000000e+00
3.249999880790710449e-01 0.000000000000000000e+00
3.750000149011611938e-01 0.000000000000000000e+00
4.249999672174453735e-01 0.000000000000000000e+00
4.749999940395355225e-01 0.000000000000000000e+00
5.249999836087226868e-01 0.000000000000000000e+00
5.749999731779098511e-01 0.000000000000000000e+00
6.250000000000000000e-01 0.000000000000000000e+00
6.749999523162841797e-01 0.000000000000000000e+00
7.249999791383743286e-01 0.000000000000000000e+00
7.750000059604644775e-01 0.000000000000000000e+00
8.249999582767486572e-01 0.000000000000000000e+00
8.749999850988388062e-01 0.000000000000000000e+00
9.250000119209289551e-01 0.000000000000000000e+00
9.749999642372131348e-01 0.000000000000000000e+00
1.024999916553497314e+00 0.000000000000000000e+00
1.075000017881393433e+00 0.000000000000000000e+00
1.124999970197677612e+00 0.000000000000000000e+00
1.174999922513961792e+00 0.000000000000000000e+00
1.225000023841857910e+00 0.000000000000000000e+00
1.274999976158142090e+00 0.000000000000000000e+00
1.324999928474426270e+00 0.000000000000000000e+00
1.374999880790710449e+00 0.000000000000000000e+00
1.424999982118606567e+00 0.000000000000000000e+00
1.474999934434890747e+00 0.000000000000000000e+00
1.525000035762786865e+00 0.000000000000000000e+00
1.574999988079071045e+00 0.000000000000000000e+00
1.624999940395355225e+00 0.000000000000000000e+00
1.674999892711639404e+00 0.000000000000000000e+00
1.724999994039535522e+00 0.000000000000000000e+00
1.774999946355819702e+00 0.000000000000000000e+00
1.825000047683715820e+00 0.000000000000000000e+00
1.875000000000000000e+00 0.000000000000000000e+00
1.924999952316284180e+00 0.000000000000000000e+00
1.974999904632568359e+00 0.000000000000000000e+00
2.024999856948852539e+00 0.000000000000000000e+00
2.074999958276748657e+00 0.000000000000000000e+00
2.124999910593032837e+00 0.000000000000000000e+00
2.175000011920928955e+00 0.000000000000000000e+00
2.224999964237213135e+00 0.000000000000000000e+00
2.274999916553497314e+00 0.000000000000000000e+00
2.324999868869781494e+00 0.000000000000000000e+00
2.374999970197677612e+00 0.000000000000000000e+00
2.424999922513961792e+00 0.000000000000000000e+00
2.475000023841857910e+00 0.000000000000000000e+00
2.524999976158142090e+00 0.000000000000000000e+00
2.574999928474426270e+00 0.000000000000000000e+00
2.624999880790710449e+00 0.000000000000000000e+00
2.674999833106994629e+00 0.000000000000000000e+00
2.724999785423278809e+00 0.000000000000000000e+00
2.775000035762786865e+00 0.000000000000000000e+00
2.824999988079071045e+00 0.000000000000000000e+00
2.874999940395355225e+00 0.000000000000000000e+00
2.924999892711639404e+00 0.000000000000000000e+00
2.974999845027923584e+00 0.000000000000000000e+00
3.025000095367431641e+00 0.000000000000000000e+00
3.075000047683715820e+00 0.000000000000000000e+00
3.125000000000000000e+00 0.000000000000000000e+00
3.174999952316284180e+00 0.000000000000000000e+00
3.224999904632568359e+00 0.000000000000000000e+00
3.274999856948852539e+00 4.629629529517842457e-06
3.324999809265136719e+00 5.439814680130439228e-05
3.374999761581420898e+00 3.900462852470809594e-04
3.425000011920928955e+00 2.094328672683332115e-03
3.474999964237213135e+00 7.795717538101598620e-03
3.524999916553497314e+00 2.300752291921526194e-02
3.574999868869781494e+00 5.615393375046551228e-02
3.624999821186065674e+00 1.179988407529890537e-01
3.675000071525573730e+00 2.177413143217563629e-01
3.725000023841857910e+00 3.622074536979198456e-01
3.774999976158142090e+00 5.539044961333274841e-01
3.824999928474426270e+00 7.923952341079711914e-01
3.874999880790710449e+00 1.072632789611816406e+00
3.924999833106994629e+00 1.387206584215164185e+00
3.974999785423278809e+00 1.727582164108753204e+00
4.024999737739562988e+00 2.086198493838310242e+00
4.074999988079071045e+00 2.455116868019104004e+00
4.124999940395355225e+00 2.828104704618453979e+00
4.174999892711639404e+00 3.200156196951866150e+00
4.224999845027923584e+00 3.566936284303665161e+00
4.274999797344207764e+00 3.926297962665557861e+00
4.325000047683715820e+00 4.276155889034271240e+00
4.375000000000000000e+00 4.615108460187911987e+00
4.424999952316284180e+00 4.942740082740783691e+00
4.474999904632568359e+00 5.259054601192474365e+00
4.524999856948852539e+00 5.563925266265869141e+00
4.574999809265136719e+00 5.858361274003982544e+00
4.624999761581420898e+00 6.141688287258148193e+00
4.675000011920928955e+00 6.415769338607788086e+00
4.724999964237213135e+00 6.681067049503326416e+00
4.774999916553497314e+00 6.937556385993957520e+00
4.824999868869781494e+00 7.186264127492904663e+00
4.874999821186065674e+00 7.428195565938949585e+00
4.924999773502349854e+00 7.663633674383163452e+00
4.975000023841857910e+00 7.893861681222915649e+00
5.024999976158142090e+00 8.119207024574279785e+00
5.074999928474426270e+00 8.339851737022399902e+00
5.124999880790710449e+00 8.556395649909973145e+00
5.174999833106994629e+00 8.769351303577423096e+00
5.224999785423278809e+00 8.979970812797546387e+00
5.274999737739562988e+00 9.188088238239288330e+00
5.324999690055847168e+00 9.394104361534118652e+00
5.374999642372131348e+00 9.599302887916564941e+00
5.425000190734863281e+00 9.803622603416442871e+00
5.475000143051147461e+00 1.000746703147888184e+01
5.525000095367431641e+00 1.021079957485198975e+01
5.575000047683715820e+00 1.041513401269912720e+01
5.625000000000000000e+00 1.061979633569717407e+01
5.674999952316284180e+00 1.082560825347900391e+01
5.724999904632568359e+00 1.103261792659759521e+01
5.774999856948852539e+00 1.124204570055007935e+01
5.824999809265136719e+00 1.145467263460159302e+01
5.874999761581420898e+00 1.166998893022537231e+01
5.924999713897705078e+00 1.188797402381896973e+01
5.974999666213989258e+00 1.211032038927078247e+01
6.024999618530273438e+00 1.233613634109497070e+01
6.074999570846557617e+00 1.256812137365341187e+01
6.125000119209289551e+00 1.280529439449310303e+01
6.175000071525573730e+00 1.304779982566833496e+01
6.225000023841857910e+00 1.329731172323226929e+01
6.274999976158142090e+00 1.355320495367050171e+01
6.324999928474426270e+00 1.381665080785751343e+01
6.374999880790710449e+00 1.408849918842315674e+01
6.424999833106994629e+00 1.436956042051315308e+01
6.474999785423278809e+00 1.465879046916961670e+01
6.524999737739562988e+00 1.495960390567779541e+01
6.574999690055847168e+00 1.526898694038391113e+01
6.624999642372131348e+00 1.559018117189407349e+01
6.674999594688415527e+00 1.592381685972213745e+01
6.725000143051147461e+00 1.626884567737579346e+01
6.775000095367431641e+00 1.662537598609924316e+01
6.825000047683715820e+00 1.699646687507629395e+01
6.875000000000000000e+00 1.737965166568756104e+01
6.924999952316284180e+00 1.777630317211151123e+01
6.974999904632568359e+00 1.818830728530883789e+01
7.024999856948852539e+00 1.861518239974975586e+01
7.074999809265136719e+00 1.905692350864410400e+01
7.124999761581420898e+00 1.951347959041595459e+01
7.174999713897705078e+00 1.998398458957672119e+01
7.224999666213989258e+00 2.046949195861816406e+01
7.274999618530273438e+00 2.096999633312225342e+01
7.324999570846557617e+00 2.148625338077545166e+01
7.374999523162841797e+00 2.201798546314239502e+01
7.425000071525573730e+00 2.256458222866058350e+01
7.475000023841857910e+00 2.312536442279815674e+01
7.524999976158142090e+00 2.370109999179840088e+01
7.574999928474426270e+00 2.428925371170043945e+01
7.624999880790710449e+00 2.489030814170837402e+01
7.674999833106994629e+00 2.550472390651702881e+01
7.724999785423278809e+00 2.612991118431091309e+01
7.774999737739562988e+00 2.676582443714141846e+01
7.824999690055847168e+00 2.741082298755645752e+01
7.874999642372131348e+00 2.806547391414642334e+01
7.924999594688415527e+00 2.872725117206573486e+01
7.974999547004699707e+00 2.939409625530242920e+01
8.025000095367431641e+00 3.006713664531707764e+01
8.075000047683715820e+00 3.074602103233337402e+01
8.125000000000000000e+00 3.142662501335144043e+01
8.174999952316284180e+00 3.211076712608337402e+01
8.224999904632568359e+00 3.279757452011108398e+01
8.274999856948852539e+00 3.348469066619873047e+01
8.324999809265136719e+00 3.417257213592529297e+01
8.374999761581420898e+00 3.486086559295654297e+01
8.424999713897705078e+00 3.554950189590454102e+01
8.474999666213989258e+00 3.623858714103698730e+01
8.524999618530273438e+00 3.692672967910766602e+01
8.574999570846557617e+00 3.761462855339050293e+01
8.624999523162841797e+00 3.830194258689880371e+01
8.675000071525573730e+00 3.898783588409423828e+01
8.725000023841857910e+00 3.967452955245971680e+01
8.774999976158142090e+00 4.036052417755126953e+01
8.824999928474426270e+00 4.104702377319335938e+01
8.874999880790710449e+00 4.173385524749755859e+01
8.924999833106994629e+00 4.242277479171752930e+01
8.974999785423278809e+00 4.311103224754333496e+01
9.024999737739562988e+00 4.380166339874267578e+01
9.074999690055847168e+00 4.449416589736938477e+01
9.124999642372131348e+00 4.518914628028869629e+01
9.174999594688415527e+00 4.588555574417114258e+01
9.224999547004699707e+00 4.658715415000915527e+01
9.275000095367431641e+00 4.729177618026733398e+01
9.325000047683715820e+00 4.800029873847961426e+01
9.375000000000000000e+00 4.871473145484924316e+01
9.424999952316284180e+00 4.943398499488830566e+01
9.474999904632568359e+00 5.015801143646240234e+01
9.524999856948852539e+00 5.088973069190979004e+01
9.574999809265136719e+00 5.162863469123840332e+01
9.624999761581420898e+00 5.237509894371032715e+01
9.674999713897705078e+00 5.313161110877990723e+01
9.724999666213989258e+00 5.389578366279602051e+01
9.774999618530273438e+00 5.466969990730285645e+01
9.824999570846557617e+00 5.545368266105651855e+01
9.874999523162841797e+00 5.624743008613586426e+01
9.924999475479125977e+00 5.705245757102966309e+01
9.975000023841857910e+00 5.786767101287841797e+01
1.002500057220458984e+01 5.869651174545288086e+01
1.007499933242797852e+01 5.953624176979064941e+01
1.012500047683715820e+01 6.039076638221740723e+01
1.017499923706054688e+01 6.125703811645507812e+01
1.022500038146972656e+01 6.213605999946594238e+01
1.027499914169311523e+01 6.302925634384155273e+01
1.032500028610229492e+01 6.393792939186096191e+01
1.037499904632568359e+01 6.486011314392089844e+01
1.042500019073486328e+01 6.579864835739135742e+01
1.047499895095825195e+01 6.675093364715576172e+01
1.052500009536743164e+01 6.771918249130249023e+01
1.057499885559082031e+01 6.870263195037841797e+01
1.062500000000000000e+01 6.970073509216308594e+01
1.067499876022338867e+01 7.071434116363525391e+01
1.072499990463256836e+01 7.174274969100952148e+01
1.077499866485595703e+01 7.278546333312988281e+01
1.082499980926513672e+01 7.384363651275634766e+01
1.087499976158142090e+01 7.491662073135375977e+01
1.092499971389770508e+01 7.600342559814453125e+01
1.097500085830688477e+01 7.710487556457519531e+01
1.102499961853027344e+01 7.821951055526733398e+01
1.107500076293945312e+01 7.934816837310791016e+01
1.112499952316284180e+01 8.048984050750732422e+01
1.117500066757202148e+01 8.164456796646118164e+01
1.122499942779541016e+01 8.281310319900512695e+01
1.127500057220458984e+01 8.399238777160644531e+01
1.132499933242797852e+01 8.518291759490966797e+01
1.137500047683715820e+01 8.638594818115234375e+01
1.142499923706054688e+01 8.760066747665405273e+01
1.147500038146972656e+01 8.882552433013916016e+01
1.152499914169311523e+01 9.005987071990966797e+01
1.157500028610229492e+01 9.130464887619018555e+01
1.162499904632568359e+01 9.255902290344238281e+01
1.167500019073486328e+01 9.382080745697021484e+01
1.172499895095825195e+01 9.509268808364868164e+01
1.177500009536743164e+01 9.637320232391357422e+01
1.182499885559082031e+01 9.766100549697875977e+01
1.187500000000000000e+01 9.895573186874389648e+01
1.192499876022338867e+01 1.002594552040100098e+02
1.197499990463256836e+01 1.015715565681457520e+02
1.202499866485595703e+01 1.028887453079223633e+02
1.207499980926513672e+01 1.042138681411743164e+02
1.212499856948852539e+01 1.055446691513061523e+02
1.217499971389770508e+01 1.068817691802978516e+02
1.222500085830688477e+01 1.082275094985961914e+02
1.227499961853027344e+01 1.095779528617858887e+02
1.232500076293945312e+01 1.109351954460144043e+02
1.237499952316284180e+01 1.122972640991210938e+02
1.242500066757202148e+01 1.136673889160156250e+02
1.247499942779541016e+01 1.150428953170776367e+02
