2.499999944120645523e-02 0.000000000000000000e+00
7.499999832361936569e-02 0.000000000000000000e+00
1.249999925494194031e-01 0.000000000000000000e+00
1.750000007450580597e-01 0.000000000000000000e+00
2.249999903142452240e-01 0.000000000000000000e+00
2.749999985098838806e-01 0.000000000000000000e+00
3.249999880790710449e-01 0.000000000000000000e+00
3.750000149011611938e-01 0.000000000000000000e+00
4.249999672174453735e-01 0.000000000000000000e+00
4.749999940395355225e-01 0.000000000000000000e+00
5.249999836087226868e-01 0.000000000000000000e+00
5.749999731779098511e-01 0.000000000000000000e+00
6.250000000000000000e-01 0.000000000000000000e+00
6.749999523162841797e-01 0.000000000000000000e+00
7.249999791383743286e-01 0.000000000000000000e+00
7.750000059604644775e-01 0.000000000000000000e+00
8.249999582767486572e-01 0.000000000000000000e+00
8.749999850988388062e-01 0.000000000000000000e+00
9.250000119209289551e-01 0.000000000000000000e+00
9.749999642372131348e-01 0.000000000000000000e+00
1.024999916553497314e+00 0.000000000000000000e+00
1.075000017881393433e+00 0.000000000000000000e+00
1.124999970197677612e+00 0.000000000000000000e+00
1.174999922513961792e+00 0.000000000000000000e+00
1.225000023841857910e+00 0.000000000000000000e+00
1.274999976158142090e+00 0.000000000000000000e+00
1.324999928474426270e+00 0.000000000000000000e+00
1.374999880790710449e+00 0.000000000000000000e+00
1.424999982118606567e+00 0.000000000000000000e+00
1.474999934434890747e+00 0.000000000000000000e+00
1.525000035762786865e+00 0.000000000000000000e+00
1.574999988079071045e+00 0.000000000000000000e+00
1.624999940395355225e+00 0.000000000000000000e+00
1.674999892711639404e+00 0.000000000000000000e+00
1.724999994039535522e+00 0.000000000000000000e+00
1.774999946355819702e+00 0.000000000000000000e+00
1.825000047683715820e+00 0.000000000000000000e+00
1.875000000000000000e+00 0.000000000000000000e+00
1.924999952316284180e+00 0.000000000000000000e+00
1.974999904632568359e+00 0.000000000000000000e+00
2.024999856948852539e+00 0.000000000000000000e+00
2.074999958276748657e+00 0.000000000000000000e+00
2.124999910593032837e+00 0.000000000000000000e+00
2.175000011920928955e+00 0.000000000000000000e+00
2.224999964237213135e+00 0.000000000000000000e+00
2.274999916553497314e+00 0.000000000000000000e+00
2.324999868869781494e+00 0.000000000000000000e+00
2.374999970197677612e+00 0.000000000000000000e+00
2.424999922513961792e+00 0.000000000000000000e+00
2.475000023841857910e+00 0.000000000000000000e+00
2.524999976158142090e+00 0.000000000000000000e+00
2.574999928474426270e+00 0.000000000000000000e+00
2.624999880790710449e+00 0.000000000000000000e+00
2.674999833106994629e+00 0.000000000000000000e+00
2.724999785423278809e+00 0.000000000000000000e+00
2.775000035762786865e+00 0.000000000000000000e+00
2.824999988079071045e+00 0.000000000000000000e+00
2.874999940395355225e+00 0.000000000000000000e+00
2.924999892711639404e+00 0.000000000000000000e+00
2.974999845027923584e+00 0.000000000000000000e+00
3.025000095367431641e+00 0.000000000000000000e+00
3.075000047683715820e+00 0.000000000000000000e+00
3.125000000000000000e+00 0.000000000000000000e+00
3.174999952316284180e+00 0.000000000000000000e+00
3.224999904632568359e+00 0.000000000000000000e+00
3.274999856948852539e+00 4.888342573394766077e-05
3.324999809265136719e+00 5.074199038972437847e-04
3.374999761581420898e+00 3.327086611534468830e-03
3.425000011920928955e+00 1.640273135853931308e-02
3.474999964237213135e+00 5.331949121318757534e-02
3.524999916553497314e+00 1.382379205897450447e-01
3.574999868869781494e+00 2.928165048360824585e-01
3.624999821186065674e+00 5.314264707267284393e-01
3.675000071525573730e+00 8.338944055140018463e-01
3.725000023841857910e+00 1.175651833415031433e+00
3.774999976158142090e+00 1.518893055617809296e+00
3.824999928474426270e+00 1.840587861835956573e+00
3.874999880790710449e+00 2.107350498437881470e+00
3.924999833106994629e+00 2.305639758706092834e+00
3.974999785423278809e+00 2.432385593652725220e+00
4.024999737739562988e+00 2.499505192041397095e+00
4.074999988079071045e+00 2.508559376001358032e+00
4.124999940395355225e+00 2.475107699632644653e+00
4.174999892711639404e+00 2.410134375095367432e+00
4.224999845027923584e+00 2.320087164640426636e+00
4.274999797344207764e+00 2.220279365777969360e+00
4.325000047683715820e+00 2.111867085099220276e+00
4.375000000000000000e+00 1.999534621834754944e+00
4.424999952316284180e+00 1.889372430741786957e+00
4.474999904632568359e+00 1.783558279275894165e+00
4.524999856948852539e+00 1.681238263845443726e+00
4.574999809265136719e+00 1.588383816182613373e+00
4.624999761581420898e+00 1.495606400072574615e+00
4.675000011920928955e+00 1.416017465293407440e+00
4.724999964237213135e+00 1.341809980571269989e+00
4.774999916553497314e+00 1.270201027393341064e+00
4.824999868869781494e+00 1.206268839538097382e+00
4.874999821186065674e+00 1.149460747838020325e+00
4.924999773502349854e+00 1.096013128757476807e+00
4.975000023841857910e+00 1.050321497023105621e+00
5.024999976158142090e+00 1.007684357464313507e+00
5.074999928474426270e+00 9.673274382948875427e-01
5.124999880790710449e+00 9.309272803366184235e-01
5.174999833106994629e+00 8.978758715093135834e-01
5.224999785423278809e+00 8.711184002459049225e-01
5.274999737739562988e+00 8.445423617959022522e-01
5.324999690055847168e+00 8.203924186527729034e-01
5.374999642372131348e+00 8.019902072846889496e-01
5.425000190734863281e+00 7.839043214917182922e-01
5.475000143051147461e+00 7.678651697933673859e-01
5.525000095367431641e+00 7.521403692662715912e-01
5.575000047683715820e+00 7.423429340124130249e-01
5.625000000000000000e+00 7.303730100393295288e-01
5.674999952316284180e+00 7.216053456068038940e-01
5.724999904632568359e+00 7.131545357406139374e-01
5.774999856948852539e+00 7.090762667357921600e-01
5.824999809265136719e+00 7.075816169381141663e-01
5.874999761581420898e+00 7.044015824794769287e-01
5.924999713897705078e+00 7.011236883699893951e-01
5.974999666213989258e+00 7.032479345798492432e-01
6.024999618530273438e+00 7.024116925895214081e-01
6.074999570846557617e+00 7.097606509923934937e-01
6.125000119209289551e+00 7.138532027602195740e-01
6.175000071525573730e+00 7.181249894201755524e-01
6.225000023841857910e+00 7.270513102412223816e-01
6.274999976158142090e+00 7.337918281555175781e-01
6.324999928474426270e+00 7.435703948140144348e-01
6.374999880790710449e+00 7.552868612110614777e-01
6.424999833106994629e+00 7.687795571982860565e-01
6.474999785423278809e+00 7.789608649909496307e-01
6.524999737739562988e+00 7.978072352707386017e-01
6.574999690055847168e+00 8.081004880368709564e-01
6.624999642372131348e+00 8.263091966509819031e-01
6.674999594688415527e+00 8.455155268311500549e-01
6.725000143051147461e+00 8.614343255758285522e-01
6.775000095367431641e+00 8.770593181252479553e-01
6.825000047683715820e+00 8.995586596429347992e-01
6.875000000000000000e+00 9.154162332415580750e-01
6.924999952316284180e+00 9.339575991034507751e-01
6.974999904632568359e+00 9.562402516603469849e-01
7.024999856948852539e+00 9.767019562423229218e-01
7.074999809265136719e+00 9.964807890355587006e-01
7.124999761581420898e+00 1.015492364764213562e+00
7.174999713897705078e+00 1.031984865665435791e+00
7.224999666213989258e+00 1.050222404301166534e+00
7.274999618530273438e+00 1.067816868424415588e+00
7.324999570846557617e+00 1.086441546678543091e+00
7.374999523162841797e+00 1.103853896260261536e+00
7.425000071525573730e+00 1.119524814188480377e+00
7.475000023841857910e+00 1.133253745734691620e+00
7.524999976158142090e+00 1.148058921098709106e+00
7.574999928474426270e+00 1.157387614250183105e+00
7.624999880790710449e+00 1.167317941784858704e+00
7.674999833106994629e+00 1.177774868905544281e+00
7.724999785423278809e+00 1.182955540716648102e+00
7.774999737739562988e+00 1.187837891280651093e+00
7.824999690055847168e+00 1.189432188868522644e+00
7.874999642372131348e+00 1.191968500614166260e+00
7.924999594688415527e+00 1.189765036106109619e+00
7.974999547004699707e+00 1.183922767639160156e+00
8.025000095367431641e+00 1.180064916610717773e+00
8.075000047683715820e+00 1.175613746047019958e+00
8.125000000000000000e+00 1.164136439561843872e+00
8.174999952316284180e+00 1.155912421643733978e+00
8.224999904632568359e+00 1.146346814930438995e+00
8.274999856948852539e+00 1.133032232522964478e+00
8.324999809265136719e+00 1.120736330747604370e+00
8.374999761581420898e+00 1.108057692646980286e+00
8.424999713897705078e+00 1.095481820404529572e+00
8.474999666213989258e+00 1.083302646875381470e+00
8.524999618530273438e+00 1.069168925285339355e+00
8.574999570846557617e+00 1.056351430714130402e+00
8.624999523162841797e+00 1.043257765471935272e+00
8.675000071525573730e+00 1.029135175049304962e+00
8.725000023841857910e+00 1.018568746745586395e+00
8.774999976158142090e+00 1.005961779505014420e+00
8.824999928474426270e+00 9.953300170600414276e-01
8.874999880790710449e+00 9.846254698932170868e-01
8.924999833106994629e+00 9.765700176358222961e-01
8.974999785423278809e+00 9.648013301193714142e-01
9.024999737739562988e+00 9.574389122426509857e-01
9.074999690055847168e+00 9.494629949331283569e-01
9.124999642372131348e+00 9.424487501382827759e-01
9.174999594688415527e+00 9.341282956302165985e-01
9.224999547004699707e+00 9.309068843722343445e-01
9.275000095367431641e+00 9.248674325644969940e-01
9.325000047683715820e+00 9.200519546866416931e-01
9.375000000000000000e+00 9.178552031517028809e-01
9.424999952316284180e+00 9.142684973776340485e-01
9.474999904632568359e+00 9.106387831270694733e-01
9.524999856948852539e+00 9.106958582997322083e-01
9.574999809265136719e+00 9.100621193647384644e-01
9.624999761581420898e+00 9.098373912274837494e-01
9.674999713897705078e+00 9.125763177871704102e-01
9.724999666213989258e+00 9.123753719031810760e-01
9.774999618530273438e+00 9.145583510398864746e-01
9.824999570846557617e+00 9.170614965260028839e-01
9.874999523162841797e+00 9.191006422042846680e-01
9.924999475479125977e+00 9.227771610021591187e-01
9.975000023841857910e+00 9.251263216137886047e-01
1.002500057220458984e+01 9.312227517366409302e-01
1.007499933242797852e+01 9.341204799711704254e-01
1.012500047683715820e+01 9.412180297076702118e-01
1.017499923706054688e+01 9.447979778051376343e-01
1.022500038146972656e+01 9.493371136486530304e-01
1.027499914169311523e+01 9.552943743765354156e-01
1.032500028610229492e+01 9.624457247555255890e-01
1.037499904632568359e+01 9.673843532800674438e-01
1.042500019073486328e+01 9.751176312565803528e-01
1.047499895095825195e+01 9.799813143908977509e-01
1.052500009536743164e+01 9.869524314999580383e-01
1.057499885559082031e+01 9.929898008704185486e-01
1.062500000000000000e+01 9.983322583138942719e-01
1.067499876022338867e+01 1.004365216940641403e+00
1.072499990463256836e+01 1.009534504264593124e+00
1.077499866485595703e+01 1.014113523066043854e+00
1.082499980926513672e+01 1.019656725227832794e+00
1.087499976158142090e+01 1.024422220885753632e+00
1.092499971389770508e+01 1.028165578842163086e+00
1.097500085830688477e+01 1.032542847096920013e+00
1.102499961853027344e+01 1.035459659993648529e+00
1.107500076293945312e+01 1.039035566151142120e+00
1.112499952316284180e+01 1.041589528322219849e+00
1.117500066757202148e+01 1.044103488326072693e+00
1.122499942779541016e+01 1.047181114554405212e+00
1.127500057220458984e+01 1.047470152378082275e+00
1.132499933242797852e+01 1.048137836158275604e+00
1.137500047683715820e+01 1.049854993820190430e+00
1.142499923706054688e+01 1.050804726779460907e+00
1.147500038146972656e+01 1.050353877246379852e+00
1.152499914169311523e+01 1.049328006803989410e+00
1.157500028610229492e+01 1.049083195626735687e+00
1.162499904632568359e+01 1.048070833086967468e+00
1.167500019073486328e+01 1.045264922082424164e+00
1.172499895095825195e+01 1.044663995504379272e+00
1.177500009536743164e+01 1.042844958603382111e+00
1.182499885559082031e+01 1.039937674999237061e+00
1.187500000000000000e+01 1.036736153066158295e+00
1.192499876022338867e+01 1.035204686224460602e+00
1.197499990463256836e+01 1.033171787858009338e+00
1.202499866485595703e+01 1.028561942279338837e+00
1.207499980926513672e+01 1.026217661798000336e+00
1.212499856948852539e+01 1.022132739424705505e+00
1.217499971389770508e+01 1.018525667488574982e+00
1.222500085830688477e+01 1.016767799854278564e+00
1.227499961853027344e+01 1.012016162276268005e+00
1.232500076293945312e+01 1.008875079452991486e+00
1.237499952316284180e+01 1.004301823675632477e+00
1.242500066757202148e+01 1.002130899578332901e+00
1.247499942779541016e+01 9.980131797492504120e-01
