1.368298227787017929e+00 1.367115817766163561e-04
1.371618316173553342e+00 1.880777552815348329e-04
1.374938404560089200e+00 1.875414830185271925e-04
1.378258492946624614e+00 2.097586588522094093e-04
1.381578581333160471e+00 4.813034132061527618e-04
1.384898669719695885e+00 5.943942185459245636e-04
1.388218758106231743e+00 1.118838579947341490e-03
1.391538846492767156e+00 1.807343205482232675e-03
1.394858934879303014e+00 3.012257127487236435e-03
1.398179023265838428e+00 3.573108171275609767e-03
1.401499111652374285e+00 6.016420331741964382e-03
1.404819200038909699e+00 8.232074301211405459e-03
1.408139288425445557e+00 1.466486596018623696e-02
1.411459376811981414e+00 1.963643594183792085e-02
1.414779465198516828e+00 2.605841829943547974e-02
1.418099553585052686e+00 3.723707792688844831e-02
1.421419641971588099e+00 5.312934240068149794e-02
1.424739730358123957e+00 7.457959072193426353e-02
1.428059818744659371e+00 1.022167527369702150e-01
1.431379907131195228e+00 1.382793732943236875e-01
1.434699995517730642e+00 1.844937873680771445e-01
1.438020083904266500e+00 2.508771769015707420e-01
1.441340172290801913e+00 3.191376962342165058e-01
1.444660260677337771e+00 4.139055809766093441e-01
1.447980349063873184e+00 5.308121044833756796e-01
1.451300437450409042e+00 6.918947152715608784e-01
1.454620525836944456e+00 8.744296933435878882e-01
1.457940614223480313e+00 1.092269355420257382e+00
1.461260702610015727e+00 1.345525172525069424e+00
1.464580790996551585e+00 1.665327177746410925e+00
1.467900879383086998e+00 2.009297067100071832e+00
1.471220967769622856e+00 2.420696693937181898e+00
1.474541056156158270e+00 2.891486825526821569e+00
1.477861144542694127e+00 3.372735854254661714e+00
1.481181232929229541e+00 3.951426227523953116e+00
1.484501321315765399e+00 4.543728431288342584e+00
1.487821409702300812e+00 5.199611929703682911e+00
1.491141498088836670e+00 5.909110682565785311e+00
1.494461586475372306e+00 6.621599191641553972e+00
1.497781674861907941e+00 7.245639643202220093e+00
1.501101763248443799e+00 8.070318312098757829e+00
1.504421851634979213e+00 8.715238532366715418e+00
1.507741940021515070e+00 9.371015834256313681e+00
1.511062028408050484e+00 9.984775682132738694e+00
1.514382116794586342e+00 1.058417687163421306e+01
1.517702205181121755e+00 1.097864608527945407e+01
1.521022293567657613e+00 1.149556886305319914e+01
1.524342381954193026e+00 1.165780015415446158e+01
1.527662470340728884e+00 1.181240663575959893e+01
1.530982558727264298e+00 1.190762973924123713e+01
1.534302647113800155e+00 1.179651436306116352e+01
1.537622735500335569e+00 1.156434651172666506e+01
1.540942823886871427e+00 1.130262572250603625e+01
1.544262912273406840e+00 1.095620872457010719e+01
1.547583000659942698e+00 1.034454074159672921e+01
1.550903089046478112e+00 9.854801922391013491e+00
1.554223177433013969e+00 9.172873913361717868e+00
1.557543265819549383e+00 8.561835050014671822e+00
1.560863354206085241e+00 7.834547606974412659e+00
1.564183442592620654e+00 7.137187111307334852e+00
1.567503530979156512e+00 6.359738375685587641e+00
1.570823619365691926e+00 5.747471605689374208e+00
1.574143707752227783e+00 5.037720553714658323e+00
1.577463796138763419e+00 4.399159328232383537e+00
1.580783884525299055e+00 3.814818377512233738e+00
1.584103972911834912e+00 3.273688077803000418e+00
1.587424061298370326e+00 2.736308365471111781e+00
1.590744149684906183e+00 2.304684297821913308e+00
1.594064238071441597e+00 1.935162874778272757e+00
1.597384326457977455e+00 1.575611186461133961e+00
1.600704414844512868e+00 1.291493377866526515e+00
1.604024503231048726e+00 1.026798597346641140e+00
1.607344591617584140e+00 8.280484607245062190e-01
1.610664680004119997e+00 6.545427316338150447e-01
1.613984768390655411e+00 5.166149555584598208e-01
1.617304856777191269e+00 3.946928712773886128e-01
1.620624945163726682e+00 3.144366364851113316e-01
1.623945033550262540e+00 2.323893724689790607e-01
1.627265121936797954e+00 1.745112388710921281e-01
1.630585210323333811e+00 1.308066886121596328e-01
1.633905298709869225e+00 1.001566519198515554e-01
1.637225387096405083e+00 7.236614096890969794e-02
1.640545475482940496e+00 5.149076321772456943e-02
1.643865563869476354e+00 3.407454917111018416e-02
1.647185652256011767e+00 2.309121872515480095e-02
1.650505740642547625e+00 1.723612860062707572e-02
1.653825829029083039e+00 1.313717498636534156e-02
1.657145917415618896e+00 8.842119500919893085e-03
1.660466005802154532e+00 6.240162811455139680e-03
1.663786094188690168e+00 4.353558258971853070e-03
1.667106182575225803e+00 3.021021063598398719e-03
1.670426270961761439e+00 2.046909381480380673e-03
1.673746359348297297e+00 9.790961207478850441e-04
1.677066447734832710e+00 7.573293589212612550e-04
1.680386536121368568e+00 6.481734997676884312e-04
1.683706624507903982e+00 2.913094434271454379e-04
1.687026712894439839e+00 3.724815370178342000e-04
1.690346801280975253e+00 8.132445619589279812e-05
1.693666889667511111e+00 7.744464899082345970e-06
1.696986978054046524e+00 6.205397528500586910e-05
