9.300946170091628495e-01 1.885170570658269219e-05
9.332956594228745129e-01 5.073854983197235538e-06
9.364967018365859541e-01 4.227014071799639849e-05
9.396977442502976174e-01 3.739704753576419201e-05
9.428987866640090587e-01 6.289317299515714908e-05
9.460998290777207220e-01 9.383477311842223741e-05
9.493008714914321633e-01 1.901896493448074210e-04
9.525019139051438266e-01 3.528802670262344804e-04
9.557029563188552679e-01 6.031083996638835713e-04
9.589039987325669312e-01 9.011563568485959907e-04
9.621050411462783725e-01 1.289576160631226379e-03
9.653060835599900358e-01 1.891962483589530036e-03
9.685071259737014771e-01 3.392188596086201206e-03
9.717081683874129183e-01 4.982457640774108285e-03
9.749092108011245816e-01 7.187562225669684099e-03
9.781102532148360229e-01 1.118329408905769165e-02
9.813112956285476862e-01 1.649557452647630248e-02
9.845123380422591275e-01 2.585166865973283559e-02
9.877133804559707908e-01 3.481432407917417482e-02
9.909144228696822321e-01 5.269162537802432600e-02
9.941154652833938954e-01 7.539354138141196593e-02
9.973165076971053367e-01 1.015811270174412362e-01
1.000517550110817000e+00 1.423589984269583442e-01
1.003718592524528663e+00 1.974213242996054052e-01
1.006919634938240105e+00 2.650981593570985728e-01
1.010120677351951546e+00 3.498211981401624371e-01
1.013321719765662987e+00 4.784647564171994882e-01
1.016522762179374650e+00 6.067438120241255284e-01
1.019723804593086314e+00 7.903447995409395022e-01
1.022924847006797755e+00 1.018240462564107274e+00
1.026125889420509196e+00 1.290303930094636620e+00
1.029326931834220860e+00 1.603778334637336656e+00
1.032527974247932523e+00 1.965083679666019822e+00
1.035729016661643964e+00 2.436357091836093058e+00
1.038930059075355405e+00 2.875538926407241291e+00
1.042131101489067069e+00 3.550753764142022373e+00
1.045332143902778732e+00 4.070378651635469858e+00
1.048533186316490173e+00 4.808025124165931530e+00
1.051734228730201615e+00 5.591967128137805609e+00
1.054935271143913278e+00 6.397589127920785046e+00
1.058136313557624941e+00 7.129884325284292501e+00
1.061337355971336383e+00 8.087877490944155312e+00
1.064538398385047824e+00 8.881155005890301268e+00
1.067739440798759487e+00 9.529015148274892155e+00
1.070940483212471150e+00 1.059712015505181704e+01
1.074141525626182592e+00 1.120246612145126974e+01
1.077342568039894033e+00 1.168498886580329810e+01
1.080543610453605696e+00 1.222456595271242996e+01
1.083744652867317360e+00 1.283110928277579887e+01
1.086945695281028801e+00 1.290313046574580724e+01
1.090146737694740242e+00 1.307155571449002451e+01
1.093347780108451683e+00 1.299770134169838443e+01
1.096548822522163569e+00 1.290621754200016547e+01
1.099749864935875010e+00 1.249804879756446496e+01
1.102950907349586451e+00 1.215024929584091495e+01
1.106151949763297893e+00 1.152384433502278860e+01
1.109352992177009556e+00 1.083865827364633994e+01
1.112554034590721219e+00 1.019301030649852180e+01
1.115755077004432660e+00 9.321469443430240531e+00
1.118956119418144102e+00 8.618491079136109789e+00
1.122157161831855765e+00 7.729663030962806936e+00
1.125358204245567428e+00 6.887131754749163726e+00
1.128559246659278870e+00 6.027299858462390247e+00
1.131760289072990311e+00 5.413000421558920472e+00
1.134961331486701974e+00 4.538473080897328593e+00
1.138162373900413638e+00 3.883013404826124670e+00
1.141363416314125079e+00 3.316313366158056386e+00
1.144564458727836520e+00 2.749165046707434445e+00
1.147765501141548183e+00 2.245346135767564810e+00
1.150966543555259847e+00 1.843930318329189966e+00
1.154167585968971288e+00 1.509673566916196030e+00
1.157368628382682729e+00 1.166468250828817110e+00
1.160569670796394393e+00 9.457585706858105956e-01
1.163770713210106056e+00 7.299258365277599969e-01
1.166971755623817497e+00 5.702545525355687817e-01
1.170172798037528938e+00 4.294927369111371518e-01
1.173373840451240380e+00 3.247034967515192716e-01
1.176574882864952265e+00 2.426813132167587594e-01
1.179775925278663706e+00 1.789699932145988603e-01
1.182976967692375148e+00 1.313455754174679968e-01
1.186178010106086589e+00 9.146918705424793294e-02
1.189379052519798474e+00 6.773641012069521461e-02
1.192580094933509915e+00 4.618014195729638893e-02
1.195781137347221357e+00 3.388603479224049780e-02
1.198982179760932798e+00 2.206688660193837498e-02
1.202183222174644461e+00 1.569314300144494800e-02
1.205384264588356125e+00 1.084714241390152302e-02
1.208585307002067566e+00 7.486678130535203389e-03
1.211786349415779007e+00 4.655309401267231952e-03
1.214987391829490671e+00 2.915414575673304452e-03
1.218188434243202334e+00 2.215247339603882391e-03
1.221389476656913775e+00 1.122629822711446483e-03
1.224590519070625216e+00 7.034586683109880518e-04
1.227791561484336880e+00 3.916075734998386896e-04
1.230992603898048543e+00 3.371693911613110888e-04
1.234193646311759984e+00 1.611971526459657139e-04
1.237394688725471426e+00 1.300132643567992314e-04
1.240595731139182867e+00 2.411932099877478250e-05
1.243796773552894752e+00 4.463726004117916837e-05
1.246997815966606193e+00 2.022897415852664894e-05
