1.366153240203857422e+00 4.068418449132001308e-05
1.369347810745239258e+00 1.247871956700817640e-04
1.372542381286621094e+00 1.691169411047841546e-05
1.375736951828002930e+00 2.399814979507056985e-05
1.378931522369384766e+00 9.570567881563368730e-05
1.382126092910766602e+00 4.801254662307698944e-05
1.385320663452148438e+00 2.294813366496541922e-04
1.388515233993530273e+00 4.096243975108266439e-04
1.391709804534912109e+00 1.266593076383690274e-03
1.394904375076293945e+00 2.292402429451815063e-03
1.398098945617675781e+00 3.083017403295033616e-03
1.401293516159057617e+00 4.526518609067465074e-03
1.404488086700439453e+00 6.145786696099378964e-03
1.407682657241821289e+00 9.566326274671875518e-03
1.410877227783203125e+00 1.421112367100718817e-02
1.414071798324584961e+00 1.999670606957401273e-02
1.417266368865966797e+00 2.823924183498927737e-02
1.420460939407348633e+00 4.119665177030280845e-02
1.423655509948730469e+00 5.848879869331799486e-02
1.426850080490112305e+00 8.183894503640015694e-02
1.430044651031494141e+00 1.060728369194272741e-01
1.433239221572875977e+00 1.428275373417385308e-01
1.436433792114257812e+00 1.921171051485612014e-01
1.439628362655639648e+00 2.518714567198616083e-01
1.442822933197021484e+00 3.367799612486079286e-01
1.446017503738403320e+00 4.232113250244091129e-01
1.449212074279785156e+00 5.399991328421511749e-01
1.452406644821166992e+00 6.983664967987579519e-01
1.455601215362548828e+00 8.665746380970519303e-01
1.458795785903930664e+00 1.084522645392808515e+00
1.461990356445312500e+00 1.340777511039017655e+00
1.465184926986694336e+00 1.641526019496216238e+00
1.468379497528076172e+00 1.982845987095127827e+00
1.471574068069458008e+00 2.383012446182303012e+00
1.474768638610839844e+00 2.814201683825696243e+00
1.477963209152221680e+00 3.338335271337476762e+00
1.481157779693603516e+00 3.869762132033129909e+00
1.484352350234985352e+00 4.445173304223653865e+00
1.487546920776367188e+00 5.104085716850649490e+00
1.490741491317749023e+00 5.768862645302458070e+00
1.493936061859130859e+00 6.459379123595830663e+00
1.497130632400512695e+00 7.170209317385821457e+00
1.500325202941894531e+00 7.932887681839719818e+00
1.503519773483276367e+00 8.589183469370325952e+00
1.506714344024658203e+00 9.271028153785774606e+00
1.509908914566040039e+00 9.906983805505058527e+00
1.513103485107421875e+00 1.047281436138841926e+01
1.516298055648803711e+00 1.097718410205396289e+01
1.519492626190185547e+00 1.136850077428465156e+01
1.522687196731567383e+00 1.172539239027068092e+01
1.525881767272949219e+00 1.197899601574008344e+01
1.529076337814331055e+00 1.207976967018380066e+01
1.532270908355712891e+00 1.203650278439460131e+01
1.535465478897094727e+00 1.190530678763662209e+01
1.538660049438476562e+00 1.173758254025450753e+01
1.541854619979858398e+00 1.139424443031005296e+01
1.545049190521240234e+00 1.092302949339500096e+01
1.548243761062622070e+00 1.042254239599220433e+01
1.551438331604003906e+00 9.827619426541522429e+00
1.554632902145385742e+00 9.186306297214887451e+00
1.557827472686767578e+00 8.542096989367301774e+00
1.561022043228149414e+00 7.830052565416582233e+00
1.564216613769531250e+00 7.102370646285372402e+00
1.567411184310913086e+00 6.382327608875782765e+00
1.570605754852294922e+00 5.695087885354930712e+00
1.573800325393676758e+00 5.018918298140969014e+00
1.576994895935058594e+00 4.410016536088632755e+00
1.580189466476440430e+00 3.800527344233267879e+00
1.583384037017822266e+00 3.274724698303133064e+00
1.586578607559204102e+00 2.786997158916532769e+00
1.589773178100585938e+00 2.344312067735320415e+00
1.592967748641967773e+00 1.946012913457386917e+00
1.596162319183349609e+00 1.622497432921858662e+00
1.599356889724731445e+00 1.326890775633642772e+00
1.602551460266113281e+00 1.078351169054120318e+00
1.605746030807495117e+00 8.496025609182182858e-01
1.608940601348876953e+00 6.835213206177134238e-01
1.612135171890258789e+00 5.482018317351611270e-01
1.615329742431640625e+00 4.223112496081670719e-01
1.618524312973022461e+00 3.263581262378619785e-01
1.621718883514404297e+00 2.513286071158526425e-01
1.624913454055786133e+00 1.918404966705840042e-01
1.628108024597167969e+00 1.395487241371962672e-01
1.631302595138549805e+00 1.060867517593216125e-01
1.634497165679931641e+00 7.417839606339353409e-02
1.637691736221313477e+00 5.698173526931398641e-02
1.640886306762695312e+00 4.269545871831004896e-02
1.644080877304077148e+00 2.872300172896503911e-02
1.647275447845458984e+00 2.131676570882185678e-02
1.650470018386840820e+00 1.476833147116973777e-02
1.653664588928222656e+00 9.352051623674218286e-03
1.656859159469604492e+00 7.364745855268703748e-03
1.660053730010986328e+00 4.538187937051250780e-03
1.663248300552368164e+00 3.610637359503087330e-03
1.666442871093750000e+00 2.158248336049529981e-03
1.669637441635131836e+00 7.253024129880847456e-04
1.672832012176513672e+00 3.406081716899402620e-04
1.676026582717895508e+00 2.036828149005324214e-04
1.679221153259277344e+00 1.282895440652261846e-04
1.682415723800659180e+00 3.977084459924654601e-05
