1.244476326107978981e+00 3.893306286154421173e-05
1.247779869437217748e+00 3.467830055343671269e-07
1.251083412766456515e+00 1.590457780886550407e-09
1.254386956095695504e+00 9.497073820154723690e-06
1.257690499424934494e+00 3.224824878647568056e-05
1.260994042754173261e+00 3.331187281758908801e-06
1.264297586083412028e+00 1.528142518415110963e-05
1.267601129412651018e+00 2.797428056439753902e-06
1.270904672741890007e+00 8.833101930010977404e-05
1.274208216071128774e+00 1.410853345739492427e-04
1.277511759400367763e+00 2.642766473731838432e-04
1.280815302729606753e+00 5.455397359382972234e-04
1.284118846058845520e+00 1.354514951523404145e-03
1.287422389388084287e+00 2.495486564538380771e-03
1.290725932717323277e+00 3.939197676500393215e-03
1.294029476046562266e+00 5.645641234665787524e-03
1.297333019375801033e+00 8.583052675584493599e-03
1.300636562705040022e+00 1.356781652622830910e-02
1.303940106034279012e+00 2.005340884430776432e-02
1.307243649363517779e+00 2.590650597932558225e-02
1.310547192692756546e+00 4.277066993773244452e-02
1.313850736021995536e+00 5.974590596141586551e-02
1.317154279351234525e+00 8.312102100267544647e-02
1.320457822680473292e+00 1.149052542278851952e-01
1.323761366009712059e+00 1.681584923682160337e-01
1.327064909338951271e+00 2.310197300604845683e-01
1.330368452668190038e+00 3.127082108425131013e-01
1.333671995997428805e+00 4.166143385815759270e-01
1.336975539326667795e+00 5.519484209716349898e-01
1.340279082655906784e+00 7.232558109041292704e-01
1.343582625985145551e+00 9.213047758858778913e-01
1.346886169314384318e+00 1.175036272270143511e+00
1.350189712643623308e+00 1.520540076574377730e+00
1.353493255972862297e+00 1.876880888290731075e+00
1.356796799302101064e+00 2.312585427742792632e+00
1.360100342631340054e+00 2.814421932422775274e+00
1.363403885960579043e+00 3.400607097406392221e+00
1.366707429289817810e+00 4.031036220027369055e+00
1.370010972619056577e+00 4.746154363450055591e+00
1.373314515948295567e+00 5.504339589792703435e+00
1.376618059277534556e+00 6.341077461018924666e+00
1.379921602606773323e+00 7.195235766160497093e+00
1.383225145936012312e+00 8.023776688998779605e+00
1.386528689265251302e+00 8.903588491800036309e+00
1.389832232594490069e+00 9.759004970014988345e+00
1.393135775923728836e+00 1.055295358214190848e+01
1.396439319252967826e+00 1.127546088471536834e+01
1.399742862582206815e+00 1.190611097768002224e+01
1.403046405911445582e+00 1.242269476255293448e+01
1.406349949240684571e+00 1.280503593429089904e+01
1.409653492569923561e+00 1.304682104782757612e+01
1.412957035899162328e+00 1.311655476349145566e+01
1.416260579228401095e+00 1.303867899453189061e+01
1.419564122557640085e+00 1.277956642102253859e+01
1.422867665886879074e+00 1.238624332652833537e+01
1.426171209216117841e+00 1.191728664544916505e+01
1.429474752545356608e+00 1.126007574638619069e+01
1.432778295874595598e+00 1.055113368922741479e+01
1.436081839203834587e+00 9.737037249371859104e+00
1.439385382533073354e+00 8.896666357055842411e+00
1.442688925862312344e+00 8.011184646005030885e+00
1.445992469191551333e+00 7.194831876360040290e+00
1.449296012520790100e+00 6.316767457587245005e+00
1.452599555850028867e+00 5.539902146326899590e+00
1.455903099179267857e+00 4.761417538038497987e+00
1.459206642508506846e+00 4.030913866623007102e+00
1.462510185837745613e+00 3.392072795865420876e+00
1.465813729166984603e+00 2.823956540652364566e+00
1.469117272496223592e+00 2.323412174627982552e+00
1.472420815825462359e+00 1.872086410238097631e+00
1.475724359154701126e+00 1.504374926622993547e+00
1.479027902483940116e+00 1.185365627339863170e+00
1.482331445813179105e+00 9.297869256499394774e-01
1.485634989142417872e+00 7.222365663686591830e-01
1.488938532471656861e+00 5.372833612481914267e-01
1.492242075800895629e+00 4.125083223156764123e-01
1.495545619130134618e+00 3.089014925234317976e-01
1.498849162459373385e+00 2.317603320249676524e-01
1.502152705788612375e+00 1.609774921115029733e-01
1.505456249117851364e+00 1.175008292070721105e-01
1.508759792447090131e+00 8.278622615613819014e-02
1.512063335776329120e+00 5.945839022130019330e-02
1.515366879105567888e+00 4.174359875489296740e-02
1.518670422434806877e+00 2.734827328626449408e-02
1.521973965764045644e+00 2.175132912308672117e-02
1.525277509093284634e+00 1.368305495479240144e-02
1.528581052422523623e+00 8.355066913625752711e-03
1.531884595751762390e+00 6.350900365503233183e-03
1.535188139081001157e+00 3.453041901210201527e-03
1.538491682410240147e+00 1.522964183077268755e-03
1.541795225739479136e+00 7.269294243478503347e-04
1.545098769068717903e+00 5.309221388296314625e-04
1.548402312397956893e+00 2.715098587869023959e-04
1.551705855727195882e+00 2.397668088903328698e-04
1.555009399056434649e+00 6.660775990120562109e-05
1.558312942385673416e+00 4.513917475320127870e-05
1.561616485714912406e+00 1.141811328638963104e-05
1.564920029044151395e+00 3.090836081205242230e-09
1.568223572373390162e+00 8.584705590245518322e-07
1.571527115702629152e+00 7.697638959882290542e-05
