2.499999944120645523e-02 0.000000000000000000e+00
7.499999832361936569e-02 0.000000000000000000e+00
1.249999925494194031e-01 0.000000000000000000e+00
1.750000007450580597e-01 0.000000000000000000e+00
2.249999903142452240e-01 0.000000000000000000e+00
2.749999985098838806e-01 0.000000000000000000e+00
3.249999880790710449e-01 0.000000000000000000e+00
3.750000149011611938e-01 0.000000000000000000e+00
4.249999672174453735e-01 0.000000000000000000e+00
4.749999940395355225e-01 0.000000000000000000e+00
5.249999836087226868e-01 0.000000000000000000e+00
5.749999731779098511e-01 0.000000000000000000e+00
6.250000000000000000e-01 0.000000000000000000e+00
6.749999523162841797e-01 0.000000000000000000e+00
7.249999791383743286e-01 0.000000000000000000e+00
7.750000059604644775e-01 0.000000000000000000e+00
8.249999582767486572e-01 0.000000000000000000e+00
8.749999850988388062e-01 0.000000000000000000e+00
9.250000119209289551e-01 0.000000000000000000e+00
9.749999642372131348e-01 0.000000000000000000e+00
1.024999916553497314e+00 0.000000000000000000e+00
1.075000017881393433e+00 0.000000000000000000e+00
1.124999970197677612e+00 0.000000000000000000e+00
1.174999922513961792e+00 0.000000000000000000e+00
1.225000023841857910e+00 0.000000000000000000e+00
1.274999976158142090e+00 0.000000000000000000e+00
1.324999928474426270e+00 0.000000000000000000e+00
1.374999880790710449e+00 0.000000000000000000e+00
1.424999982118606567e+00 0.000000000000000000e+00
1.474999934434890747e+00 0.000000000000000000e+00
1.525000035762786865e+00 0.000000000000000000e+00
1.574999988079071045e+00 0.000000000000000000e+00
1.624999940395355225e+00 0.000000000000000000e+00
1.674999892711639404e+00 0.000000000000000000e+00
1.724999994039535522e+00 0.000000000000000000e+00
1.774999946355819702e+00 0.000000000000000000e+00
1.825000047683715820e+00 0.000000000000000000e+00
1.875000000000000000e+00 0.000000000000000000e+00
1.924999952316284180e+00 0.000000000000000000e+00
1.974999904632568359e+00 0.000000000000000000e+00
2.024999856948852539e+00 0.000000000000000000e+00
2.074999958276748657e+00 0.000000000000000000e+00
2.124999910593032837e+00 0.000000000000000000e+00
2.175000011920928955e+00 0.000000000000000000e+00
2.224999964237213135e+00 0.000000000000000000e+00
2.274999916553497314e+00 0.000000000000000000e+00
2.324999868869781494e+00 0.000000000000000000e+00
2.374999970197677612e+00 4.990019988326821476e-07
2.424999922513961792e+00 3.692614791361847892e-05
2.475000023841857910e+00 9.386227429786231369e-04
2.524999976158142090e+00 8.595808350946754217e-03
2.574999928474426270e+00 4.245658661238849163e-02
2.624999880790710449e+00 1.325229546055197716e-01
2.674999833106994629e+00 2.975184675306081772e-01
2.724999785423278809e+00 5.239585936069488525e-01
2.775000035762786865e+00 7.782335355877876282e-01
2.824999988079071045e+00 1.024291925132274628e+00
2.874999940395355225e+00 1.238970562815666199e+00
2.924999892711639404e+00 1.414267711341381073e+00
2.974999845027923584e+00 1.550121746957302094e+00
3.025000095367431641e+00 1.653320848941802979e+00
3.075000047683715820e+00 1.730911165475845337e+00
3.125000000000000000e+00 1.789406679570674896e+00
3.174999952316284180e+00 1.834142208099365234e+00
3.224999904632568359e+00 1.869069613516330719e+00
3.274999856948852539e+00 1.897160425782203674e+00
3.324999809265136719e+00 1.920688636600971222e+00
3.374999761581420898e+00 1.941403709352016449e+00
3.425000011920928955e+00 1.960118778049945831e+00
3.474999964237213135e+00 1.977953113615512848e+00
3.524999916553497314e+00 1.995704613626003265e+00
3.574999868869781494e+00 2.013859823346138000e+00
3.624999821186065674e+00 2.033098831772804260e+00
3.675000071525573730e+00 2.053244546055793762e+00
3.725000023841857910e+00 2.075467094779014587e+00
3.774999976158142090e+00 2.099745541810989380e+00
3.824999928474426270e+00 2.126786962151527405e+00
3.874999880790710449e+00 2.156771034002304077e+00
3.924999833106994629e+00 2.189962625503540039e+00
3.974999785423278809e+00 2.226996079087257385e+00
4.024999737739562988e+00 2.268126845359802246e+00
4.074999988079071045e+00 2.313927724957466125e+00
4.124999940395355225e+00 2.364698186516761780e+00
4.174999892711639404e+00 2.421093389391899109e+00
4.224999845027923584e+00 2.483878329396247864e+00
4.274999797344207764e+00 2.553431689739227295e+00
4.325000047683715820e+00 2.631037965416908264e+00
4.375000000000000000e+00 2.717442139983177185e+00
4.424999952316284180e+00 2.813792422413825989e+00
4.474999904632568359e+00 2.920424178242683411e+00
4.524999856948852539e+00 3.036910206079483032e+00
4.574999809265136719e+00 3.162994518876075745e+00
4.624999761581420898e+00 3.298484772443771362e+00
4.675000011920928955e+00 3.442270219326019287e+00
4.724999964237213135e+00 3.593078359961509705e+00
4.774999916553497314e+00 3.750800669193267822e+00
4.824999868869781494e+00 3.914106801152229309e+00
4.874999821186065674e+00 4.081910967826843262e+00
4.924999773502349854e+00 4.254403799772262573e+00
4.975000023841857910e+00 4.431000143289566040e+00
5.024999976158142090e+00 4.610765695571899414e+00
5.074999928474426270e+00 4.793261945247650146e+00
5.124999880790710449e+00 4.978464245796203613e+00
5.174999833106994629e+00 5.165564507246017456e+00
5.224999785423278809e+00 5.353775382041931152e+00
5.274999737739562988e+00 5.542547881603240967e+00
5.324999690055847168e+00 5.732049345970153809e+00
5.374999642372131348e+00 5.921642690896987915e+00
5.425000190734863281e+00 6.112278133630752563e+00
5.475000143051147461e+00 6.302773654460906982e+00
5.525000095367431641e+00 6.493737220764160156e+00
5.575000047683715820e+00 6.685488194227218628e+00
5.625000000000000000e+00 6.878916800022125244e+00
5.674999952316284180e+00 7.074487179517745972e+00
5.724999904632568359e+00 7.271900087594985962e+00
5.774999856948852539e+00 7.472623914480209351e+00
5.824999809265136719e+00 7.676366180181503296e+00
5.874999761581420898e+00 7.882965922355651855e+00
5.924999713897705078e+00 8.093917310237884521e+00
5.974999666213989258e+00 8.308507978916168213e+00
6.024999618530273438e+00 8.527907371520996094e+00
6.074999570846557617e+00 8.751965701580047607e+00
6.125000119209289551e+00 8.980317711830139160e+00
6.175000071525573730e+00 9.213744282722473145e+00
6.225000023841857910e+00 9.452120542526245117e+00
6.274999976158142090e+00 9.696064174175262451e+00
6.324999928474426270e+00 9.945557117462158203e+00
6.374999880790710449e+00 1.020103985071182251e+01
6.424999833106994629e+00 1.046298342943191528e+01
6.474999785423278809e+00 1.073102653026580811e+01
6.524999737739562988e+00 1.100615441799163818e+01
6.574999690055847168e+00 1.128864043951034546e+01
6.624999642372131348e+00 1.157874649763107300e+01
6.674999594688415527e+00 1.187619650363922119e+01
6.725000143051147461e+00 1.218101072311401367e+01
6.775000095367431641e+00 1.249436104297637939e+01
6.825000047683715820e+00 1.281508594751358032e+01
6.875000000000000000e+00 1.314386332035064697e+01
6.924999952316284180e+00 1.348002022504806519e+01
6.974999904632568359e+00 1.382361203432083130e+01
7.024999856948852539e+00 1.417369437217712402e+01
7.074999809265136719e+00 1.453091496229171753e+01
7.124999761581420898e+00 1.489356082677841187e+01
7.174999713897705078e+00 1.526146274805068970e+01
7.224999666213989258e+00 1.563524794578552246e+01
7.274999618530273438e+00 1.601336479187011719e+01
7.324999570846557617e+00 1.639704644680023193e+01
7.374999523162841797e+00 1.678542947769165039e+01
7.425000071525573730e+00 1.717809689044952393e+01
7.475000023841857910e+00 1.757518410682678223e+01
7.524999976158142090e+00 1.797527217864990234e+01
7.574999928474426270e+00 1.837956368923187256e+01
7.624999880790710449e+00 1.878769147396087646e+01
7.674999833106994629e+00 1.919798147678375244e+01
7.724999785423278809e+00 1.961302030086517334e+01
7.774999737739562988e+00 2.003265917301177979e+01
7.824999690055847168e+00 2.045523905754089355e+01
7.874999642372131348e+00 2.088212215900421143e+01
7.924999594688415527e+00 2.131356155872344971e+01
7.974999547004699707e+00 2.174942779541015625e+01
8.025000095367431641e+00 2.218927764892578125e+01
8.075000047683715820e+00 2.263445436954498291e+01
8.125000000000000000e+00 2.308468031883239746e+01
8.174999952316284180e+00 2.353991329669952393e+01
8.224999904632568359e+00 2.400091981887817383e+01
8.274999856948852539e+00 2.446768927574157715e+01
8.324999809265136719e+00 2.494046008586883545e+01
8.374999761581420898e+00 2.541875600814819336e+01
8.424999713897705078e+00 2.590291345119476318e+01
8.474999666213989258e+00 2.639302539825439453e+01
8.524999618530273438e+00 2.688931465148925781e+01
8.574999570846557617e+00 2.739172136783599854e+01
8.624999523162841797e+00 2.790012550354003906e+01
8.675000071525573730e+00 2.841524112224578857e+01
8.725000023841857910e+00 2.893615353107452393e+01
8.774999976158142090e+00 2.946432757377624512e+01
8.824999928474426270e+00 2.999849867820739746e+01
8.874999880790710449e+00 3.053857529163360596e+01
8.924999833106994629e+00 3.108555698394775391e+01
8.974999785423278809e+00 3.163922131061553955e+01
9.024999737739562988e+00 3.219859004020690918e+01
9.074999690055847168e+00 3.276469182968139648e+01
9.124999642372131348e+00 3.333810758590698242e+01
9.174999594688415527e+00 3.391613268852233887e+01
9.224999547004699707e+00 3.450110197067260742e+01
9.275000095367431641e+00 3.509218811988830566e+01
9.325000047683715820e+00 3.568921899795532227e+01
9.375000000000000000e+00 3.629233407974243164e+01
9.424999952316284180e+00 3.690003514289855957e+01
9.474999904632568359e+00 3.751626777648925781e+01
9.524999856948852539e+00 3.813626813888549805e+01
9.574999809265136719e+00 3.876182079315185547e+01
9.624999761581420898e+00 3.939391303062438965e+01
9.674999713897705078e+00 4.003085446357727051e+01
9.724999666213989258e+00 4.067308998107910156e+01
9.774999618530273438e+00 4.132050204277038574e+01
9.824999570846557617e+00 4.197337532043457031e+01
9.874999523162841797e+00 4.263298869132995605e+01
9.924999475479125977e+00 4.329631614685058594e+01
9.975000023841857910e+00 4.396552729606628418e+01
1.002500057220458984e+01 4.464053654670715332e+01
1.007499933242797852e+01 4.532151126861572266e+01
1.012500047683715820e+01 4.600794601440429688e+01
1.017499923706054688e+01 4.670239901542663574e+01
1.022500038146972656e+01 4.740099525451660156e+01
1.027499914169311523e+01 4.810529303550720215e+01
1.032500028610229492e+01 4.881616640090942383e+01
1.037499904632568359e+01 4.953344774246215820e+01
1.042500019073486328e+01 5.025684237480163574e+01
1.047499895095825195e+01 5.098727011680603027e+01
1.052500009536743164e+01 5.172263264656066895e+01
1.057499885559082031e+01 5.246624803543090820e+01
1.062500000000000000e+01 5.321536135673522949e+01
1.067499876022338867e+01 5.397153568267822266e+01
1.072499990463256836e+01 5.473452305793762207e+01
1.077499866485595703e+01 5.550443387031555176e+01
1.082499980926513672e+01 5.628265309333801270e+01
1.087499976158142090e+01 5.706878376007080078e+01
1.092499971389770508e+01 5.786180543899536133e+01
1.097500085830688477e+01 5.866140270233154297e+01
1.102499961853027344e+01 5.946782922744750977e+01
1.107500076293945312e+01 6.028257322311401367e+01
1.112499952316284180e+01 6.110352563858032227e+01
1.117500066757202148e+01 6.193395733833312988e+01
1.122499942779541016e+01 6.277032351493835449e+01
1.127500057220458984e+01 6.361577868461608887e+01
1.132499933242797852e+01 6.446799421310424805e+01
1.137500047683715820e+01 6.532780742645263672e+01
1.142499923706054688e+01 6.619484519958496094e+01
1.147500038146972656e+01 6.707144594192504883e+01
1.152499914169311523e+01 6.795527696609497070e+01
1.157500028610229492e+01 6.884660053253173828e+01
1.162499904632568359e+01 6.974694967269897461e+01
1.167500019073486328e+01 7.065426588058471680e+01
1.172499895095825195e+01 7.156911516189575195e+01
1.177500009536743164e+01 7.249184465408325195e+01
1.182499885559082031e+01 7.342290878295898438e+01
1.187500000000000000e+01 7.436360836029052734e+01
1.192499876022338867e+01 7.531194162368774414e+01
1.197499990463256836e+01 7.626719713211059570e+01
1.202499866485595703e+01 7.723163175582885742e+01
1.207499980926513672e+01 7.820344972610473633e+01
1.212499856948852539e+01 7.918374776840209961e+01
1.217499971389770508e+01 8.017258167266845703e+01
1.222500085830688477e+01 8.116964673995971680e+01
1.227499961853027344e+01 8.217469072341918945e+01
1.232500076293945312e+01 8.318771600723266602e+01
1.237499952316284180e+01 8.420891571044921875e+01
1.242500066757202148e+01 8.523952388763427734e+01
1.247499942779541016e+01 8.627770280838012695e+01
