2.499999944120645523e-02 0.000000000000000000e+00
7.499999832361936569e-02 0.000000000000000000e+00
1.249999925494194031e-01 0.000000000000000000e+00
1.750000007450580597e-01 0.000000000000000000e+00
2.249999903142452240e-01 0.000000000000000000e+00
2.749999985098838806e-01 0.000000000000000000e+00
3.249999880790710449e-01 0.000000000000000000e+00
3.750000149011611938e-01 0.000000000000000000e+00
4.249999672174453735e-01 0.000000000000000000e+00
4.749999940395355225e-01 0.000000000000000000e+00
5.249999836087226868e-01 0.000000000000000000e+00
5.749999731779098511e-01 0.000000000000000000e+00
6.250000000000000000e-01 0.000000000000000000e+00
6.749999523162841797e-01 0.000000000000000000e+00
7.249999791383743286e-01 0.000000000000000000e+00
7.750000059604644775e-01 0.000000000000000000e+00
8.249999582767486572e-01 0.000000000000000000e+00
8.749999850988388062e-01 0.000000000000000000e+00
9.250000119209289551e-01 0.000000000000000000e+00
9.749999642372131348e-01 0.000000000000000000e+00
1.024999916553497314e+00 0.000000000000000000e+00
1.075000017881393433e+00 0.000000000000000000e+00
1.124999970197677612e+00 0.000000000000000000e+00
1.174999922513961792e+00 0.000000000000000000e+00
1.225000023841857910e+00 0.000000000000000000e+00
1.274999976158142090e+00 0.000000000000000000e+00
1.324999928474426270e+00 0.000000000000000000e+00
1.374999880790710449e+00 0.000000000000000000e+00
1.424999982118606567e+00 0.000000000000000000e+00
1.474999934434890747e+00 0.000000000000000000e+00
1.525000035762786865e+00 0.000000000000000000e+00
1.574999988079071045e+00 0.000000000000000000e+00
1.624999940395355225e+00 0.000000000000000000e+00
1.674999892711639404e+00 0.000000000000000000e+00
1.724999994039535522e+00 0.000000000000000000e+00
1.774999946355819702e+00 0.000000000000000000e+00
1.825000047683715820e+00 0.000000000000000000e+00
1.875000000000000000e+00 0.000000000000000000e+00
1.924999952316284180e+00 0.000000000000000000e+00
1.974999904632568359e+00 0.000000000000000000e+00
2.024999856948852539e+00 0.000000000000000000e+00
2.074999958276748657e+00 0.000000000000000000e+00
2.124999910593032837e+00 0.000000000000000000e+00
2.175000011920928955e+00 0.000000000000000000e+00
2.224999964237213135e+00 0.000000000000000000e+00
2.274999916553497314e+00 0.000000000000000000e+00
2.324999868869781494e+00 0.000000000000000000e+00
2.374999970197677612e+00 1.330217946815537289e-05
2.424999922513961792e+00 9.251851397493737750e-04
2.475000023841857910e+00 2.198745659552514553e-02
2.524999976158142090e+00 1.794173326343297958e-01
2.574999928474426270e+00 7.628340907394886017e-01
2.624999880790710449e+00 1.952415570616722107e+00
2.674999833106994629e+00 3.444257378578186035e+00
2.724999785423278809e+00 4.555011630058288574e+00
2.775000035762786865e+00 4.932317674160003662e+00
2.824999988079071045e+00 4.605499297380447388e+00
2.874999940395355225e+00 3.879650309681892395e+00
2.924999892711639404e+00 3.060568705201148987e+00
2.974999845027923584e+00 2.292795315384864807e+00
3.025000095367431641e+00 1.684592261910438538e+00
3.075000047683715820e+00 1.225717462599277496e+00
3.125000000000000000e+00 8.947543352842330933e-01
3.174999952316284180e+00 6.628845743834972382e-01
3.224999904632568359e+00 5.016215834766626358e-01
3.274999856948852539e+00 3.912125714123249054e-01
3.324999809265136719e+00 3.178912922739982605e-01
3.374999761581420898e+00 2.716584280133247375e-01
3.425000011920928955e+00 2.383073978126049042e-01
3.474999964237213135e+00 2.206077789887785912e-01
3.524999916553497314e+00 2.134118424728512764e-01
3.574999868869781494e+00 2.121715657413005829e-01
3.624999821186065674e+00 2.187068779021501541e-01
3.675000071525573730e+00 2.228253604844212532e-01
3.725000023841857910e+00 2.392446734011173248e-01
3.774999976158142090e+00 2.545008799061179161e-01
3.824999928474426270e+00 2.760949004441499710e-01
3.874999880790710449e+00 2.982892543077468872e-01
3.924999833106994629e+00 3.218138888478279114e-01
3.974999785423278809e+00 3.500866740942001343e-01
4.024999737739562988e+00 3.792364355176687241e-01
4.074999988079071045e+00 4.119925592094659805e-01
4.124999940395355225e+00 4.456932302564382553e-01
4.174999892711639404e+00 4.833026155829429626e-01
4.224999845027923584e+00 5.254031494259834290e-01
4.274999797344207764e+00 5.684680677950382233e-01
4.325000047683715820e+00 6.197032071650028229e-01
4.375000000000000000e+00 6.743047684431076050e-01
4.424999952316284180e+00 7.350624538958072662e-01
4.474999904632568359e+00 7.953684367239475250e-01
4.524999856948852539e+00 8.497928716242313385e-01
4.574999809265136719e+00 8.998667262494564056e-01
4.624999761581420898e+00 9.461364075541496277e-01
4.675000011920928955e+00 9.827229827642440796e-01
4.724999964237213135e+00 1.009017549455165863e+00
4.774999916553497314e+00 1.033303432166576385e+00
4.824999868869781494e+00 1.047846518456935883e+00
4.874999821186065674e+00 1.054739646613597870e+00
4.924999773502349854e+00 1.062300801277160645e+00
4.975000023841857910e+00 1.065807528793811798e+00
5.024999976158142090e+00 1.063455730676651001e+00
5.074999928474426270e+00 1.058433733880519867e+00
5.124999880790710449e+00 1.053258009254932404e+00
5.174999833106994629e+00 1.043597832322120667e+00
5.224999785423278809e+00 1.029838874936103821e+00
5.274999737739562988e+00 1.013409625738859177e+00
5.324999690055847168e+00 9.982919879257678986e-01
5.374999642372131348e+00 9.802598506212234497e-01
5.425000190734863281e+00 9.675657972693443298e-01
5.475000143051147461e+00 9.492687843739986420e-01
5.525000095367431641e+00 9.344559460878372192e-01
5.575000047683715820e+00 9.215995147824287415e-01
5.625000000000000000e+00 9.131864644587039948e-01
5.674999952316284180e+00 9.071163088083267212e-01
5.724999904632568359e+00 8.997058644890785217e-01
5.774999856948852539e+00 8.990147635340690613e-01
5.824999809265136719e+00 8.969531804323196411e-01
5.874999761581420898e+00 8.941047415137290955e-01
5.924999713897705078e+00 8.976268023252487183e-01
5.974999666213989258e+00 8.978665508329868317e-01
6.024999618530273438e+00 9.028100445866584778e-01
6.074999570846557617e+00 9.068770073354244232e-01
6.125000119209289551e+00 9.092397876083850861e-01
6.175000071525573730e+00 9.144651852548122406e-01
6.225000023841857910e+00 9.188912063837051392e-01
6.274999976158142090e+00 9.254423193633556366e-01
6.324999928474426270e+00 9.316010698676109314e-01
6.374999880790710449e+00 9.390253983438014984e-01
6.424999833106994629e+00 9.478544630110263824e-01
6.474999785423278809e+00 9.550300575792789459e-01
6.524999737739562988e+00 9.652950093150138855e-01
6.574999690055847168e+00 9.760950133204460144e-01
6.624999642372131348e+00 9.873598553240299225e-01
6.674999594688415527e+00 9.972489550709724426e-01
6.725000143051147461e+00 1.006786454468965530e+00
6.775000095367431641e+00 1.019755337387323380e+00
6.825000047683715820e+00 1.028507560491561890e+00
6.875000000000000000e+00 1.039073742926120758e+00
6.924999952316284180e+00 1.047086820006370544e+00
6.974999904632568359e+00 1.054962545633316040e+00
7.024999856948852539e+00 1.059650339186191559e+00
7.074999809265136719e+00 1.066027738153934479e+00
7.124999761581420898e+00 1.067078962922096252e+00
7.174999713897705078e+00 1.067512914538383484e+00
7.224999666213989258e+00 1.069627925753593445e+00
7.274999618530273438e+00 1.067199662327766418e+00
7.324999570846557617e+00 1.068167194724082947e+00
7.374999523162841797e+00 1.066649854183197021e+00
7.425000071525573730e+00 1.063924610614776611e+00
7.475000023841857910e+00 1.061581611633300781e+00
7.524999976158142090e+00 1.055427774786949158e+00
7.574999928474426270e+00 1.052487522363662720e+00
7.624999880790710449e+00 1.048589020967483521e+00
7.674999833106994629e+00 1.040439762175083160e+00
7.724999785423278809e+00 1.038890421390533447e+00
7.774999737739562988e+00 1.036951005458831787e+00
7.824999690055847168e+00 1.030903674662113190e+00
7.874999642372131348e+00 1.028238072991371155e+00
7.924999594688415527e+00 1.026122100651264191e+00
7.974999547004699707e+00 1.023692049086093903e+00
8.025000095367431641e+00 1.020228359848260880e+00
8.075000047683715820e+00 1.019839048385620117e+00
8.125000000000000000e+00 1.018743440508842468e+00
8.174999952316284180e+00 1.017525032162666321e+00
8.224999904632568359e+00 1.017932064831256866e+00
8.274999856948852539e+00 1.018238257616758347e+00
8.324999809265136719e+00 1.018983542919158936e+00
8.374999761581420898e+00 1.018618904054164886e+00
8.424999713897705078e+00 1.018901392817497253e+00
8.474999666213989258e+00 1.019300289452075958e+00
8.524999618530273438e+00 1.020094979554414749e+00
8.574999570846557617e+00 1.020611248910427094e+00
8.624999523162841797e+00 1.020862117409706116e+00
8.675000071525573730e+00 1.022469326853752136e+00
8.725000023841857910e+00 1.022167135030031204e+00
8.774999976158142090e+00 1.024647161364555359e+00
8.824999928474426270e+00 1.024565324187278748e+00
8.874999880790710449e+00 1.024258535355329514e+00
8.924999833106994629e+00 1.025749392807483673e+00
8.974999785423278809e+00 1.026744738221168518e+00
9.024999737739562988e+00 1.025860592722892761e+00
9.074999690055847168e+00 1.026811528950929642e+00
9.124999642372131348e+00 1.028700485825538635e+00
9.174999594688415527e+00 1.025699488818645477e+00
9.224999547004699707e+00 1.026786312460899353e+00
9.275000095367431641e+00 1.026374928653240204e+00
9.325000047683715820e+00 1.025609008967876434e+00
9.375000000000000000e+00 1.025040321052074432e+00
9.424999952316284180e+00 1.021900936961174011e+00
9.474999904632568359e+00 1.025358952581882477e+00
9.524999856948852539e+00 1.020821068435907364e+00
9.574999809265136719e+00 1.019231162965297699e+00
9.624999761581420898e+00 1.019205890595912933e+00
9.674999713897705078e+00 1.016416862607002258e+00
9.724999666213989258e+00 1.014376841485500336e+00
9.774999618530273438e+00 1.012110076844692230e+00
9.824999570846557617e+00 1.010304950177669525e+00
9.874999523162841797e+00 1.010418593883514404e+00
9.924999475479125977e+00 1.005880542099475861e+00
9.975000023841857910e+00 1.004670098423957825e+00
1.002500057220458984e+01 1.003285147249698639e+00
1.007499933242797852e+01 1.002126153558492661e+00
1.012500047683715820e+01 1.000230833888053894e+00
1.017499923706054688e+01 1.001975394785404205e+00
1.022500038146972656e+01 9.981069676578044891e-01
1.027499914169311523e+01 9.965178109705448151e-01
1.032500028610229492e+01 9.960904046893119812e-01
1.037499904632568359e+01 9.954020492732524872e-01
1.042500019073486328e+01 9.942785166203975677e-01
1.047499895095825195e+01 9.943821392953395844e-01
1.052500009536743164e+01 9.916086830198764801e-01
1.057499885559082031e+01 9.932862296700477600e-01
1.062500000000000000e+01 9.912259355187416077e-01
1.067499876022338867e+01 9.912318438291549683e-01
1.072499990463256836e+01 9.908377565443515778e-01
1.077499866485595703e+01 9.905931986868381500e-01
1.082499980926513672e+01 9.920366927981376648e-01
1.087499976158142090e+01 9.929297380149364471e-01
1.092499971389770508e+01 9.924930520355701447e-01
1.097500085830688477e+01 9.916262663900852203e-01
1.102499961853027344e+01 9.910455085337162018e-01
1.107500076293945312e+01 9.922376498579978943e-01
1.112499952316284180e+01 9.908441416919231415e-01
1.117500066757202148e+01 9.933292642235755920e-01
1.122499942779541016e+01 9.915248081088066101e-01
1.127500057220458984e+01 9.934506081044673920e-01
1.132499933242797852e+01 9.925660565495491028e-01
1.137500047683715820e+01 9.926299825310707092e-01
1.142499923706054688e+01 9.922376461327075958e-01
1.147500038146972656e+01 9.944320544600486755e-01
1.152499914169311523e+01 9.939713031053543091e-01
1.157500028610229492e+01 9.937511868774890900e-01
1.162499904632568359e+01 9.951993338763713837e-01
1.167500019073486328e+01 9.943180717527866364e-01
1.172499895095825195e+01 9.940441176295280457e-01
1.177500009536743164e+01 9.941190704703330994e-01
1.182499885559082031e+01 9.946213588118553162e-01
1.187500000000000000e+01 9.964845553040504456e-01
1.192499876022338867e+01 9.961552023887634277e-01
1.197499990463256836e+01 9.950703121721744537e-01
1.202499866485595703e+01 9.962982684373855591e-01
1.207499980926513672e+01 9.956293664872646332e-01
1.212499856948852539e+01 9.960524067282676697e-01
1.217499971389770508e+01 9.964459091424942017e-01
1.222500085830688477e+01 9.965735115110874176e-01
1.227499961853027344e+01 9.963910244405269623e-01
1.232500076293945312e+01 9.961672984063625336e-01
1.237499952316284180e+01 9.960948713123798370e-01
1.242500066757202148e+01 9.972168281674385071e-01
1.247499942779541016e+01 9.964752867817878723e-01
