2.499999944120645523e-02 0.000000000000000000e+00
7.499999832361936569e-02 0.000000000000000000e+00
1.249999925494194031e-01 0.000000000000000000e+00
1.750000007450580597e-01 0.000000000000000000e+00
2.249999903142452240e-01 0.000000000000000000e+00
2.749999985098838806e-01 0.000000000000000000e+00
3.249999880790710449e-01 0.000000000000000000e+00
3.750000149011611938e-01 0.000000000000000000e+00
4.249999672174453735e-01 0.000000000000000000e+00
4.749999940395355225e-01 0.000000000000000000e+00
5.249999836087226868e-01 0.000000000000000000e+00
5.749999731779098511e-01 0.000000000000000000e+00
6.250000000000000000e-01 0.000000000000000000e+00
6.749999523162841797e-01 0.000000000000000000e+00
7.249999791383743286e-01 0.000000000000000000e+00
7.750000059604644775e-01 0.000000000000000000e+00
8.249999582767486572e-01 0.000000000000000000e+00
8.749999850988388062e-01 0.000000000000000000e+00
9.250000119209289551e-01 0.000000000000000000e+00
9.749999642372131348e-01 0.000000000000000000e+00
1.024999916553497314e+00 0.000000000000000000e+00
1.075000017881393433e+00 0.000000000000000000e+00
1.124999970197677612e+00 0.000000000000000000e+00
1.174999922513961792e+00 0.000000000000000000e+00
1.225000023841857910e+00 0.000000000000000000e+00
1.274999976158142090e+00 0.000000000000000000e+00
1.324999928474426270e+00 0.000000000000000000e+00
1.374999880790710449e+00 0.000000000000000000e+00
1.424999982118606567e+00 0.000000000000000000e+00
1.474999934434890747e+00 0.000000000000000000e+00
1.525000035762786865e+00 0.000000000000000000e+00
1.574999988079071045e+00 0.000000000000000000e+00
1.624999940395355225e+00 0.000000000000000000e+00
1.674999892711639404e+00 0.000000000000000000e+00
1.724999994039535522e+00 0.000000000000000000e+00
1.774999946355819702e+00 0.000000000000000000e+00
1.825000047683715820e+00 0.000000000000000000e+00
1.875000000000000000e+00 0.000000000000000000e+00
1.924999952316284180e+00 0.000000000000000000e+00
1.974999904632568359e+00 0.000000000000000000e+00
2.024999856948852539e+00 0.000000000000000000e+00
2.074999958276748657e+00 0.000000000000000000e+00
2.124999910593032837e+00 0.000000000000000000e+00
2.175000011920928955e+00 0.000000000000000000e+00
2.224999964237213135e+00 0.000000000000000000e+00
2.274999916553497314e+00 0.000000000000000000e+00
2.324999868869781494e+00 0.000000000000000000e+00
2.374999970197677612e+00 0.000000000000000000e+00
2.424999922513961792e+00 0.000000000000000000e+00
2.475000023841857910e+00 0.000000000000000000e+00
2.524999976158142090e+00 0.000000000000000000e+00
2.574999928474426270e+00 0.000000000000000000e+00
2.624999880790710449e+00 0.000000000000000000e+00
2.674999833106994629e+00 0.000000000000000000e+00
2.724999785423278809e+00 0.000000000000000000e+00
2.775000035762786865e+00 0.000000000000000000e+00
2.824999988079071045e+00 0.000000000000000000e+00
2.874999940395355225e+00 0.000000000000000000e+00
2.924999892711639404e+00 0.000000000000000000e+00
2.974999845027923584e+00 0.000000000000000000e+00
3.025000095367431641e+00 0.000000000000000000e+00
3.075000047683715820e+00 0.000000000000000000e+00
3.125000000000000000e+00 0.000000000000000000e+00
3.174999952316284180e+00 0.000000000000000000e+00
3.224999904632568359e+00 0.000000000000000000e+00
3.274999856948852539e+00 6.944444294276763685e-06
3.324999809265136719e+00 2.546296218497445807e-05
3.374999761581420898e+00 4.004629554401617497e-04
3.425000011920928955e+00 2.106481435475870967e-03
3.474999964237213135e+00 7.942129421280696988e-03
3.524999916553497314e+00 2.329629589803516865e-02
3.574999868869781494e+00 5.678703589364886284e-02
3.624999821186065674e+00 1.184606449678540230e-01
3.675000071525573730e+00 2.178020756691694260e-01
3.725000023841857910e+00 3.626805469393730164e-01
3.774999976158142090e+00 5.543286874890327454e-01
3.824999928474426270e+00 7.933981269598007202e-01
3.874999880790710449e+00 1.074233770370483398e+00
3.924999833106994629e+00 1.387064769864082336e+00
3.974999785423278809e+00 1.728497624397277832e+00
4.024999737739562988e+00 2.086365699768066406e+00
4.074999988079071045e+00 2.455710619688034058e+00
4.124999940395355225e+00 2.828361064195632935e+00
4.174999892711639404e+00 3.201131865382194519e+00
4.224999845027923584e+00 3.567743003368377686e+00
4.274999797344207764e+00 3.928328633308410645e+00
4.325000047683715820e+00 4.277743011713027954e+00
4.375000000000000000e+00 4.616462886333465576e+00
4.424999952316284180e+00 4.943242967128753662e+00
4.474999904632568359e+00 5.259999930858612061e+00
4.524999856948852539e+00 5.565907359123229980e+00
4.574999809265136719e+00 5.859173506498336792e+00
4.624999761581420898e+00 6.143099427223205566e+00
4.675000011920928955e+00 6.417630672454833984e+00
4.724999964237213135e+00 6.683573991060256958e+00
4.774999916553497314e+00 6.941518425941467285e+00
4.824999868869781494e+00 7.191324025392532349e+00
4.874999821186065674e+00 7.431682854890823364e+00
4.924999773502349854e+00 7.667805552482604980e+00
4.975000023841857910e+00 7.896395772695541382e+00
5.024999976158142090e+00 8.121233642101287842e+00
5.074999928474426270e+00 8.342200100421905518e+00
5.124999880790710449e+00 8.558697879314422607e+00
5.174999833106994629e+00 8.771976828575134277e+00
5.224999785423278809e+00 8.980664312839508057e+00
5.274999737739562988e+00 9.188798546791076660e+00
5.324999690055847168e+00 9.396974503993988037e+00
5.374999642372131348e+00 9.601833224296569824e+00
5.425000190734863281e+00 9.805029988288879395e+00
5.475000143051147461e+00 1.000962704420089722e+01
5.525000095367431641e+00 1.021275663375854492e+01
5.575000047683715820e+00 1.041692328453063965e+01
5.625000000000000000e+00 1.062143492698669434e+01
5.674999952316284180e+00 1.082768487930297852e+01
5.724999904632568359e+00 1.103456693887710571e+01
5.774999856948852539e+00 1.124442005157470703e+01
5.824999809265136719e+00 1.145628219842910767e+01
5.874999761581420898e+00 1.167053908109664917e+01
5.924999713897705078e+00 1.188878911733627319e+01
5.974999666213989258e+00 1.211105757951736450e+01
6.024999618530273438e+00 1.233929133415222168e+01
6.074999570846557617e+00 1.257095104455947876e+01
6.125000119209289551e+00 1.280690699815750122e+01
6.175000071525573730e+00 1.305068469047546387e+01
6.225000023841857910e+00 1.329809671640396118e+01
6.274999976158142090e+00 1.355489766597747803e+01
6.324999928474426270e+00 1.381900876760482788e+01
6.374999880790710449e+00 1.409049612283706665e+01
6.424999833106994629e+00 1.437045902013778687e+01
6.474999785423278809e+00 1.465918707847595215e+01
6.524999737739562988e+00 1.495965456962585449e+01
6.574999690055847168e+00 1.527056425809860229e+01
6.624999642372131348e+00 1.559214526414871216e+01
6.674999594688415527e+00 1.592508506774902344e+01
6.725000143051147461e+00 1.627107584476470947e+01
6.775000095367431641e+00 1.662867295742034912e+01
6.825000047683715820e+00 1.699969625473022461e+01
6.875000000000000000e+00 1.738540327548980713e+01
6.924999952316284180e+00 1.778316938877105713e+01
6.974999904632568359e+00 1.819597959518432617e+01
7.024999856948852539e+00 1.862194609642028809e+01
7.074999809265136719e+00 1.906319153308868408e+01
7.124999761581420898e+00 1.951838839054107666e+01
7.174999713897705078e+00 1.998928654193878174e+01
7.224999666213989258e+00 2.047530388832092285e+01
7.274999618530273438e+00 2.097651231288909912e+01
7.324999570846557617e+00 2.149399030208587646e+01
7.374999523162841797e+00 2.202441048622131348e+01
7.425000071525573730e+00 2.257282006740570068e+01
7.475000023841857910e+00 2.313516938686370850e+01
7.524999976158142090e+00 2.370975399017333984e+01
7.574999928474426270e+00 2.429757356643676758e+01
7.624999880790710449e+00 2.489859557151794434e+01
7.674999833106994629e+00 2.551085817813873291e+01
7.724999785423278809e+00 2.613664412498474121e+01
7.774999737739562988e+00 2.677141129970550537e+01
7.824999690055847168e+00 2.741767954826354980e+01
7.874999642372131348e+00 2.807200014591217041e+01
7.924999594688415527e+00 2.873298728466033936e+01
7.974999547004699707e+00 2.940278351306915283e+01
8.025000095367431641e+00 3.007700574398040771e+01
8.075000047683715820e+00 3.075435757637023926e+01
8.125000000000000000e+00 3.143644094467163086e+01
8.174999952316284180e+00 3.212118113040924072e+01
8.224999904632568359e+00 3.280737400054931641e+01
8.274999856948852539e+00 3.349663281440734863e+01
8.324999809265136719e+00 3.418490242958068848e+01
8.374999761581420898e+00 3.487361645698547363e+01
8.424999713897705078e+00 3.555977702140808105e+01
8.474999666213989258e+00 3.624759101867675781e+01
8.524999618530273438e+00 3.693454027175903320e+01
8.574999570846557617e+00 3.762225794792175293e+01
8.624999523162841797e+00 3.830898714065551758e+01
8.675000071525573730e+00 3.899642562866210938e+01
8.725000023841857910e+00 3.968394064903259277e+01
8.774999976158142090e+00 4.036741256713867188e+01
8.824999928474426270e+00 4.105164885520935059e+01
8.874999880790710449e+00 4.173826098442077637e+01
8.924999833106994629e+00 4.242724132537841797e+01
8.974999785423278809e+00 4.311722731590270996e+01
9.024999737739562988e+00 4.380708265304565430e+01
9.074999690055847168e+00 4.449962782859802246e+01
9.124999642372131348e+00 4.519474029541015625e+01
9.174999594688415527e+00 4.589135718345642090e+01
9.224999547004699707e+00 4.659130549430847168e+01
9.275000095367431641e+00 4.729761791229248047e+01
9.325000047683715820e+00 4.800794291496276855e+01
9.375000000000000000e+00 4.872330260276794434e+01
9.424999952316284180e+00 4.943971920013427734e+01
9.474999904632568359e+00 5.016373133659362793e+01
9.524999856948852539e+00 5.089501285552978516e+01
9.574999809265136719e+00 5.163521695137023926e+01
9.624999761581420898e+00 5.238173675537109375e+01
9.674999713897705078e+00 5.313768076896667480e+01
9.724999666213989258e+00 5.390110659599304199e+01
9.774999618530273438e+00 5.467532563209533691e+01
9.824999570846557617e+00 5.546157479286193848e+01
9.874999523162841797e+00 5.625501155853271484e+01
9.924999475479125977e+00 5.706129240989685059e+01
9.975000023841857910e+00 5.787602305412292480e+01
1.002500057220458984e+01 5.870546317100524902e+01
1.007499933242797852e+01 5.954541540145874023e+01
1.012500047683715820e+01 6.039850974082946777e+01
1.017499923706054688e+01 6.126645421981811523e+01
1.022500038146972656e+01 6.214814352989196777e+01
1.027499914169311523e+01 6.304267835617065430e+01
1.032500028610229492e+01 6.395281481742858887e+01
1.037499904632568359e+01 6.487674188613891602e+01
1.042500019073486328e+01 6.581412649154663086e+01
1.047499895095825195e+01 6.676751804351806641e+01
1.052500009536743164e+01 6.773781108856201172e+01
1.057499885559082031e+01 6.872086000442504883e+01
1.062500000000000000e+01 6.971978855133056641e+01
1.067499876022338867e+01 7.073437643051147461e+01
1.072499990463256836e+01 7.176294469833374023e+01
1.077499866485595703e+01 7.280602788925170898e+01
1.082499980926513672e+01 7.386252880096435547e+01
1.087499976158142090e+01 7.493496322631835938e+01
1.092499971389770508e+01 7.602262258529663086e+01
1.097500085830688477e+01 7.712090730667114258e+01
1.102499961853027344e+01 7.823380661010742188e+01
1.107500076293945312e+01 7.936322784423828125e+01
1.112499952316284180e+01 8.050672626495361328e+01
1.117500066757202148e+01 8.166319322586059570e+01
1.122499942779541016e+01 8.282812690734863281e+01
1.127500057220458984e+01 8.400850486755371094e+01
1.132499933242797852e+01 8.520145559310913086e+01
1.137500047683715820e+01 8.640312957763671875e+01
1.142499923706054688e+01 8.761814785003662109e+01
1.147500038146972656e+01 8.884707736968994141e+01
1.152499914169311523e+01 9.008127164840698242e+01
1.157500028610229492e+01 9.132293558120727539e+01
1.162499904632568359e+01 9.257709264755249023e+01
1.167500019073486328e+01 9.384144449234008789e+01
1.172499895095825195e+01 9.511568307876586914e+01
1.177500009536743164e+01 9.639595174789428711e+01
1.182499885559082031e+01 9.768488836288452148e+01
1.187500000000000000e+01 9.898058414459228516e+01
1.192499876022338867e+01 1.002826814651489258e+02
1.197499990463256836e+01 1.015949645042419434e+02
1.202499866485595703e+01 1.029128465652465820e+02
1.207499980926513672e+01 1.042350292205810547e+02
1.212499856948852539e+01 1.055666933059692383e+02
1.217499971389770508e+01 1.069037351608276367e+02
1.222500085830688477e+01 1.082469477653503418e+02
1.227499961853027344e+01 1.095987629890441895e+02
1.232500076293945312e+01 1.109539442062377930e+02
1.237499952316284180e+01 1.123192610740661621e+02
1.242500066757202148e+01 1.136900711059570312e+02
1.247499942779541016e+01 1.150635771751403809e+02
