2.499999944120645523e-02 0.000000000000000000e+00
7.499999832361936569e-02 0.000000000000000000e+00
1.249999925494194031e-01 0.000000000000000000e+00
1.750000007450580597e-01 0.000000000000000000e+00
2.249999903142452240e-01 0.000000000000000000e+00
2.749999985098838806e-01 0.000000000000000000e+00
3.249999880790710449e-01 0.000000000000000000e+00
3.750000149011611938e-01 0.000000000000000000e+00
4.249999672174453735e-01 0.000000000000000000e+00
4.749999940395355225e-01 0.000000000000000000e+00
5.249999836087226868e-01 0.000000000000000000e+00
5.749999731779098511e-01 0.000000000000000000e+00
6.250000000000000000e-01 0.000000000000000000e+00
6.749999523162841797e-01 0.000000000000000000e+00
7.249999791383743286e-01 0.000000000000000000e+00
7.750000059604644775e-01 0.000000000000000000e+00
8.249999582767486572e-01 0.000000000000000000e+00
8.749999850988388062e-01 0.000000000000000000e+00
9.250000119209289551e-01 0.000000000000000000e+00
9.749999642372131348e-01 0.000000000000000000e+00
1.024999916553497314e+00 0.000000000000000000e+00
1.075000017881393433e+00 0.000000000000000000e+00
1.124999970197677612e+00 0.000000000000000000e+00
1.174999922513961792e+00 0.000000000000000000e+00
1.225000023841857910e+00 0.000000000000000000e+00
1.274999976158142090e+00 0.000000000000000000e+00
1.324999928474426270e+00 0.000000000000000000e+00
1.374999880790710449e+00 0.000000000000000000e+00
1.424999982118606567e+00 0.000000000000000000e+00
1.474999934434890747e+00 0.000000000000000000e+00
1.525000035762786865e+00 0.000000000000000000e+00
1.574999988079071045e+00 0.000000000000000000e+00
1.624999940395355225e+00 0.000000000000000000e+00
1.674999892711639404e+00 0.000000000000000000e+00
1.724999994039535522e+00 0.000000000000000000e+00
1.774999946355819702e+00 0.000000000000000000e+00
1.825000047683715820e+00 0.000000000000000000e+00
1.875000000000000000e+00 0.000000000000000000e+00
1.924999952316284180e+00 0.000000000000000000e+00
1.974999904632568359e+00 0.000000000000000000e+00
2.024999856948852539e+00 0.000000000000000000e+00
2.074999958276748657e+00 0.000000000000000000e+00
2.124999910593032837e+00 0.000000000000000000e+00
2.175000011920928955e+00 0.000000000000000000e+00
2.224999964237213135e+00 0.000000000000000000e+00
2.274999916553497314e+00 0.000000000000000000e+00
2.324999868869781494e+00 0.000000000000000000e+00
2.374999970197677612e+00 0.000000000000000000e+00
2.424999922513961792e+00 0.000000000000000000e+00
2.475000023841857910e+00 0.000000000000000000e+00
2.524999976158142090e+00 0.000000000000000000e+00
2.574999928474426270e+00 0.000000000000000000e+00
2.624999880790710449e+00 0.000000000000000000e+00
2.674999833106994629e+00 0.000000000000000000e+00
2.724999785423278809e+00 0.000000000000000000e+00
2.775000035762786865e+00 0.000000000000000000e+00
2.824999988079071045e+00 0.000000000000000000e+00
2.874999940395355225e+00 0.000000000000000000e+00
2.924999892711639404e+00 0.000000000000000000e+00
2.974999845027923584e+00 0.000000000000000000e+00
3.025000095367431641e+00 0.000000000000000000e+00
3.075000047683715820e+00 0.000000000000000000e+00
3.125000000000000000e+00 0.000000000000000000e+00
3.174999952316284180e+00 0.000000000000000000e+00
3.224999904632568359e+00 0.000000000000000000e+00
3.274999856948852539e+00 7.268982699315529317e-05
3.324999809265136719e+00 1.885240562842227519e-04
3.374999761581420898e+00 3.713995291036553681e-03
3.425000011920928955e+00 1.643195311771705747e-02
3.474999964237213135e+00 5.455977097153663635e-02
3.524999916553497314e+00 1.395025337114930153e-01
3.574999868869781494e+00 2.958954535424709320e-01
3.624999821186065674e+00 5.298891048878431320e-01
3.675000071525573730e+00 8.305062502622604370e-01
3.725000023841857910e+00 1.178850270807743073e+00
3.774999976158142090e+00 1.518265299499034882e+00
3.824999928474426270e+00 1.844965882599353790e+00
3.874999880790710449e+00 2.111692681908607483e+00
3.924999833106994629e+00 2.292514592409133911e+00
3.974999785423278809e+00 2.439544469118118286e+00
4.024999737739562988e+00 2.493919909000396729e+00
4.074999988079071045e+00 2.511077448725700378e+00
4.124999940395355225e+00 2.472697913646697998e+00
4.174999892711639404e+00 2.414540946483612061e+00
4.224999845027923584e+00 2.318510785698890686e+00
4.274999797344207764e+00 2.227384313941001892e+00
4.325000047683715820e+00 2.109018519520759583e+00
4.375000000000000000e+00 1.998009368777275085e+00
4.424999952316284180e+00 1.884223394095897675e+00
4.474999904632568359e+00 1.785842038691043854e+00
4.524999856948852539e+00 1.686693012714385986e+00
4.574999809265136719e+00 1.581880949437618256e+00
4.624999761581420898e+00 1.498582720756530762e+00
4.675000011920928955e+00 1.418221987783908844e+00
4.724999964237213135e+00 1.344892948865890503e+00
4.774999916553497314e+00 1.277278855443000793e+00
4.824999868869781494e+00 1.211325474083423615e+00
4.874999821186065674e+00 1.141933292150497437e+00
4.924999773502349854e+00 1.099096737802028656e+00
4.975000023841857910e+00 1.042693912982940674e+00
5.024999976158142090e+00 1.005389422178268433e+00
5.074999928474426270e+00 9.685445316135883331e-01
5.124999880790710449e+00 9.305414222180843353e-01
5.174999833106994629e+00 8.990823738276958466e-01
5.224999785423278809e+00 8.629898279905319214e-01
5.274999737739562988e+00 8.444748222827911377e-01
5.324999690055847168e+00 8.289194032549858093e-01
5.374999642372131348e+00 8.005302995443344116e-01
5.425000190734863281e+00 7.794080376625061035e-01
5.475000143051147461e+00 7.706231772899627686e-01
5.525000095367431641e+00 7.513611279428005219e-01
5.575000047683715820e+00 7.416233420372009277e-01
5.625000000000000000e+00 7.297743409872055054e-01
5.674999952316284180e+00 7.230023257434368134e-01
5.724999904632568359e+00 7.126447446644306183e-01
5.774999856948852539e+00 7.104849740862846375e-01
5.824999809265136719e+00 7.050041668117046356e-01
5.874999761581420898e+00 7.008868902921676636e-01
5.924999713897705078e+00 7.018621675670146942e-01
5.974999666213989258e+00 7.028371021151542664e-01
6.024999618530273438e+00 7.098431400954723358e-01
6.074999570846557617e+00 7.086439207196235657e-01
6.125000119209289551e+00 7.100748009979724884e-01
6.175000071525573730e+00 7.217853777110576630e-01
6.225000023841857910e+00 7.208581119775772095e-01
6.274999976158142090e+00 7.363473065197467804e-01
6.324999928474426270e+00 7.454076446592807770e-01
6.374999880790710449e+00 7.541476264595985413e-01
6.424999833106994629e+00 7.657254524528980255e-01
6.474999785423278809e+00 7.775574289262294769e-01
6.524999737739562988e+00 7.967765815556049347e-01
6.574999690055847168e+00 8.119583353400230408e-01
6.624999642372131348e+00 8.272019289433956146e-01
6.674999594688415527e+00 8.436638899147510529e-01
6.725000143051147461e+00 8.636556901037693024e-01
6.775000095367431641e+00 8.795950524508953094e-01
6.825000047683715820e+00 8.992150202393531799e-01
6.875000000000000000e+00 9.213866703212261200e-01
6.924999952316284180e+00 9.364367127418518066e-01
6.974999904632568359e+00 9.580266997218132019e-01
7.024999856948852539e+00 9.744302891194820404e-01
7.074999809265136719e+00 9.952429234981536865e-01
7.124999761581420898e+00 1.012302692979574203e+00
7.174999713897705078e+00 1.032647486776113510e+00
7.224999666213989258e+00 1.051160819828510284e+00
7.274999618530273438e+00 1.069263167679309845e+00
7.324999570846557617e+00 1.088861167430877686e+00
7.374999523162841797e+00 1.101027287542819977e+00
7.425000071525573730e+00 1.123100683093070984e+00
7.475000023841857910e+00 1.136280223727226257e+00
7.524999976158142090e+00 1.145590923726558685e+00
7.574999928474426270e+00 1.156585827469825745e+00
7.624999880790710449e+00 1.167047224938869476e+00
7.674999833106994629e+00 1.173550993204116821e+00
7.724999785423278809e+00 1.183956846594810486e+00
7.774999737739562988e+00 1.185554385185241699e+00
7.824999690055847168e+00 1.191623434424400330e+00
7.874999642372131348e+00 1.191171638667583466e+00
7.924999594688415527e+00 1.188204959034919739e+00
7.974999547004699707e+00 1.188989654183387756e+00
8.025000095367431641e+00 1.181998848915100098e+00
8.075000047683715820e+00 1.172851115465164185e+00
8.125000000000000000e+00 1.166506111621856689e+00
8.174999952316284180e+00 1.156787417829036713e+00
8.224999904632568359e+00 1.145178124308586121e+00
8.274999856948852539e+00 1.136469155550003052e+00
8.324999809265136719e+00 1.121229209005832672e+00
8.374999761581420898e+00 1.108561612665653229e+00
8.424999713897705078e+00 1.091378219425678253e+00
8.474999666213989258e+00 1.081174984574317932e+00
8.524999618530273438e+00 1.067177869379520416e+00
8.574999570846557617e+00 1.055909432470798492e+00
8.624999523162841797e+00 1.042165987193584442e+00
8.675000071525573730e+00 1.031350865960121155e+00
8.725000023841857910e+00 1.019695162773132324e+00
8.774999976158142090e+00 1.002122480422258377e+00
8.824999928474426270e+00 9.919270388782024384e-01
8.874999880790710449e+00 9.841585941612720490e-01
8.924999833106994629e+00 9.764991961419582367e-01
8.974999785423278809e+00 9.671605303883552551e-01
9.024999737739562988e+00 9.562901966273784637e-01
9.074999690055847168e+00 9.493901692330837250e-01
9.124999642372131348e+00 9.425077810883522034e-01
9.174999594688415527e+00 9.342480227351188660e-01
9.224999547004699707e+00 9.286572746932506561e-01
9.275000095367431641e+00 9.269537404179573059e-01
9.325000047683715820e+00 9.222606644034385681e-01
9.375000000000000000e+00 9.189485125243663788e-01
9.424999952316284180e+00 9.105545319616794586e-01
9.474999904632568359e+00 9.105019755661487579e-01
9.524999856948852539e+00 9.100589714944362640e-01
9.574999809265136719e+00 9.115480706095695496e-01
9.624999761581420898e+00 9.097497463226318359e-01
9.674999713897705078e+00 9.117781408131122589e-01
9.724999666213989258e+00 9.113562703132629395e-01
9.774999618530273438e+00 9.148259423673152924e-01
9.824999570846557617e+00 9.195688329637050629e-01
9.874999523162841797e+00 9.186550043523311615e-01
9.924999475479125977e+00 9.241125434637069702e-01
9.975000023841857910e+00 9.244461096823215485e-01
1.002500057220458984e+01 9.317710287868976593e-01
1.007499933242797852e+01 9.342670403420925140e-01
1.012500047683715820e+01 9.395138770341873169e-01
1.017499923706054688e+01 9.465156570076942444e-01
1.022500038146972656e+01 9.520946964621543884e-01
1.027499914169311523e+01 9.565980322659015656e-01
1.032500028610229492e+01 9.638766944408416748e-01
1.037499904632568359e+01 9.691164493560791016e-01
1.042500019073486328e+01 9.738102555274963379e-01
1.047499895095825195e+01 9.809333980083465576e-01
1.052500009536743164e+01 9.888995699584484100e-01
1.057499885559082031e+01 9.924891181290149689e-01
1.062500000000000000e+01 9.989510364830493927e-01
1.067499876022338867e+01 1.005228254944086075e+00
1.072499990463256836e+01 1.009554695338010788e+00
1.077499866485595703e+01 1.014340352267026901e+00
1.082499980926513672e+01 1.017920266836881638e+00
1.087499976158142090e+01 1.023749355226755142e+00
1.092499971389770508e+01 1.028869725763797760e+00
1.097500085830688477e+01 1.029485918581485748e+00
1.102499961853027344e+01 1.033716171979904175e+00
1.107500076293945312e+01 1.039581172168254852e+00
1.112499952316284180e+01 1.043122127652168274e+00
1.117500066757202148e+01 1.045549571514129639e+00
1.122499942779541016e+01 1.043850049376487732e+00
1.127500057220458984e+01 1.048296749591827393e+00
1.132499933242797852e+01 1.050136029720306396e+00
1.137500047683715820e+01 1.048535890877246857e+00
1.142499923706054688e+01 1.050853043794631958e+00
1.147500038146972656e+01 1.053713120520114899e+00
1.152499914169311523e+01 1.049110107123851776e+00
1.157500028610229492e+01 1.046326935291290283e+00
1.162499904632568359e+01 1.047765798866748810e+00
1.167500019073486328e+01 1.047247938811779022e+00
1.172499895095825195e+01 1.046460382640361786e+00
1.177500009536743164e+01 1.042537569999694824e+00
1.182499885559082031e+01 1.040681898593902588e+00
1.187500000000000000e+01 1.037311077117919922e+00
1.192499876022338867e+01 1.033726699650287628e+00
1.197499990463256836e+01 1.033161342144012451e+00
1.202499866485595703e+01 1.029003486037254333e+00
1.207499980926513672e+01 1.023781016469001770e+00
1.212499856948852539e+01 1.022614248096942902e+00
1.217499971389770508e+01 1.018407866358757019e+00
1.222500085830688477e+01 1.014768257737159729e+00
1.227499961853027344e+01 1.012978576123714447e+00
1.232500076293945312e+01 1.007227603346109390e+00
1.237499952316284180e+01 1.006543461233377457e+00
1.242500066757202148e+01 1.002484153956174850e+00
1.247499942779541016e+01 9.964372403919696808e-01
