1.354205257892608483e+00 6.005439854350921419e-05
1.357730767726898158e+00 6.072821816700736860e-06
1.361256277561187833e+00 2.637551054361100293e-05
1.364781787395477286e+00 1.241375674942666067e-04
1.368307297229766739e+00 1.316040149434473405e-04
1.371832807064056414e+00 2.591205707893070405e-04
1.375358316898346089e+00 2.121102682873213414e-04
1.378883826732635542e+00 4.693722799407274641e-04
1.382409336566924996e+00 8.126380229603056074e-04
1.385934846401214671e+00 1.525942465700192785e-03
1.389460356235504124e+00 1.742342465880436899e-03
1.392985866069793577e+00 3.106813488165813264e-03
1.396511375904083252e+00 5.251652204377690869e-03
1.400036885738372927e+00 8.331436466066615212e-03
1.403562395572662380e+00 1.241476818681358854e-02
1.407087905406951833e+00 1.743069232663042173e-02
1.410613415241241508e+00 2.450713440659256503e-02
1.414138925075530961e+00 3.404394831763274398e-02
1.417664434909820415e+00 5.058580379145550393e-02
1.421189944744110090e+00 7.058633877615373697e-02
1.424715454578399765e+00 9.851347407750098151e-02
1.428240964412689218e+00 1.340098055404686517e-01
1.431766474246978671e+00 1.787228521620471688e-01
1.435291984081268346e+00 2.407237477464614639e-01
1.438817493915558021e+00 3.184652271941438295e-01
1.442343003749847252e+00 4.189092487806709841e-01
1.445868513584136927e+00 5.476466464037282877e-01
1.449394023418426602e+00 6.963865825163687573e-01
1.452919533252716056e+00 8.856795186326970049e-01
1.456445043087005509e+00 1.107356713306591800e+00
1.459970552921295184e+00 1.373540607450238316e+00
1.463496062755584859e+00 1.694368314002828724e+00
1.467021572589874312e+00 2.042843304812949512e+00
1.470547082424163765e+00 2.463275180766758332e+00
1.474072592258453440e+00 2.963577766543740832e+00
1.477598102092742893e+00 3.424479825208252670e+00
1.481123611927032346e+00 4.070201905548821664e+00
1.484649121761322021e+00 4.682501687393239465e+00
1.488174631595611697e+00 5.348801783113407815e+00
1.491700141429901150e+00 6.038924995291771403e+00
1.495225651264190603e+00 6.746482818054811759e+00
1.498751161098480278e+00 7.406700543940587522e+00
1.502276670932769731e+00 8.183019683801239452e+00
1.505802180767059184e+00 8.795183101682130911e+00
1.509327690601348859e+00 9.482425980923949282e+00
1.512853200435638534e+00 1.005487911054545158e+01
1.516378710269927987e+00 1.051919277764164562e+01
1.519904220104217440e+00 1.092048166395027486e+01
1.523429729938507116e+00 1.123697555517071223e+01
1.526955239772796569e+00 1.137914303294446405e+01
1.530480749607086022e+00 1.153646727218478496e+01
1.534006259441375697e+00 1.144876751605630361e+01
1.537531769275665372e+00 1.122527249921938797e+01
1.541057279109954825e+00 1.099975728803994457e+01
1.544582788944244278e+00 1.061646312035023598e+01
1.548108298778533953e+00 1.010611979618215095e+01
1.551633808612823628e+00 9.579957011729238303e+00
1.555159318447113082e+00 8.903738340940833496e+00
1.558684828281402535e+00 8.207138730945835903e+00
1.562210338115692210e+00 7.600750336995504064e+00
1.565735847949981663e+00 6.843928909735421229e+00
1.569261357784271116e+00 6.100972821507769872e+00
1.572786867618560791e+00 5.457983578767305666e+00
1.576312377452850466e+00 4.799153864639880140e+00
1.579837887287139919e+00 4.158700798155060774e+00
1.583363397121429372e+00 3.583228961662152656e+00
1.586888906955719047e+00 2.998553676940892476e+00
1.590414416790008501e+00 2.540237515205189922e+00
1.593939926624297954e+00 2.119682615707042306e+00
1.597465436458587629e+00 1.751831000250987813e+00
1.600990946292877304e+00 1.448703007725765879e+00
1.604516456127166757e+00 1.152199326338590346e+00
1.608041965961456210e+00 9.196947332217995097e-01
1.611567475795745885e+00 7.329378738102628743e-01
1.615092985630035338e+00 5.691199601446154110e-01
1.618618495464325013e+00 4.369252451563395145e-01
1.622144005298614466e+00 3.385852530548946748e-01
1.625669515132904142e+00 2.531780718569783262e-01
1.629195024967193595e+00 1.913885437149211444e-01
1.632720534801483048e+00 1.378663983193819109e-01
1.636246044635772723e+00 1.036797334750517025e-01
1.639771554470062176e+00 7.307283356808953745e-02
1.643297064304351851e+00 5.216581159329727185e-02
1.646822574138641304e+00 3.923348594666264955e-02
1.650348083972930979e+00 2.735134481908501822e-02
1.653873593807220432e+00 2.031234411776567869e-02
1.657399103641509885e+00 1.298732261037328917e-02
1.660924613475799561e+00 9.961768473186593392e-03
1.664450123310089236e+00 6.980415054482296509e-03
1.667975633144378689e+00 3.998602764688512570e-03
1.671501142978668142e+00 2.450784394956169454e-03
1.675026652812957817e+00 1.399931588524402698e-03
1.678552162647247270e+00 8.093889538624296585e-04
1.682077672481536723e+00 8.332947576717287912e-04
1.685603182315826398e+00 5.555642221798948524e-04
1.689128692150116073e+00 3.076518896335498645e-04
1.692654201984405526e+00 1.638770070016620979e-04
1.696179711818694980e+00 6.133563196935664199e-05
1.699705221652984655e+00 1.884299141450079492e-05
1.703230731487274108e+00 1.177415020991863211e-04
