9.353176307678222612e-01 3.752413732025521216e-05
9.385496234893798695e-01 1.501540429839940015e-05
9.417816162109374778e-01 1.021501886201524453e-04
9.450136089324950861e-01 8.263874939143954544e-05
9.482456016540526944e-01 1.537502803025710542e-04
9.514775943756103027e-01 3.847720317463468385e-04
9.547095870971680220e-01 4.738242049262391948e-04
9.579415798187256303e-01 5.672002237335601249e-04
9.611735725402832387e-01 1.236402737659737707e-03
9.644055652618408470e-01 1.812061517361242616e-03
9.676375579833984553e-01 3.020306272277394587e-03
9.708695507049560636e-01 4.214863729423519098e-03
9.741015434265136719e-01 6.641809529985227833e-03
9.773335361480712802e-01 1.082593788402167259e-02
9.805655288696288885e-01 1.493554970979233537e-02
9.837975215911864968e-01 2.340220822512363227e-02
9.870295143127441051e-01 3.284564671568789007e-02
9.902615070343017134e-01 4.818478089393130742e-02
9.934934997558593217e-01 6.903903255882810897e-02
9.967254924774170410e-01 9.521377914394445197e-02
9.999574851989746493e-01 1.339805223715763161e-01
1.003189477920532369e+00 1.830124957885211068e-01
1.006421470642089755e+00 2.535984655610490357e-01
1.009653463363647585e+00 3.275535582093680453e-01
1.012885456085204972e+00 4.522558160060459742e-01
1.016117448806762802e+00 5.787396626898398955e-01
1.019349441528320188e+00 7.533884356808943084e-01
1.022581434249878019e+00 9.935764556954154170e-01
1.025813426971435405e+00 1.252804236975939789e+00
1.029045419692993235e+00 1.548777118630248584e+00
1.032277412414550621e+00 1.918593032731209735e+00
1.035509405136108452e+00 2.400455557013763563e+00
1.038741397857665838e+00 2.840190448687307523e+00
1.041973390579223668e+00 3.498025219119208717e+00
1.045205383300781055e+00 4.014609159920627945e+00
1.048437376022338885e+00 4.775460166742610646e+00
1.051669368743896271e+00 5.572255958519001240e+00
1.054901361465454102e+00 6.344680033705569322e+00
1.058133354187011710e+00 7.115513418473407903e+00
1.061365346908569318e+00 8.096983232999315661e+00
1.064597339630127149e+00 8.837848407839361542e+00
1.067829332351684535e+00 9.547090574439653921e+00
1.071061325073242365e+00 1.060540760577546848e+01
1.074293317794799751e+00 1.121581065134171062e+01
1.077525310516357582e+00 1.171664431980319598e+01
1.080757303237914968e+00 1.223661207405763918e+01
1.083989295959472798e+00 1.285426738005635450e+01
1.087221288681030185e+00 1.293665207984217780e+01
1.090453281402588015e+00 1.317560538844031548e+01
1.093685274124145401e+00 1.298439988551525381e+01
1.096917266845703232e+00 1.289759499994030634e+01
1.100149259567260618e+00 1.247610302037165120e+01
1.103381252288818448e+00 1.216099081827506545e+01
1.106613245010375834e+00 1.145857802670071734e+01
1.109845237731933665e+00 1.088203952973893607e+01
1.113077230453491051e+00 1.007745740616940111e+01
1.116309223175048881e+00 9.197763764410366250e+00
1.119541215896606268e+00 8.518502385247209929e+00
1.122773208618164098e+00 7.620058700159374254e+00
1.126005201339721484e+00 6.752465308076005535e+00
1.129237194061279315e+00 5.817300884743068501e+00
1.132469186782836701e+00 5.266037150083080931e+00
1.135701179504394531e+00 4.392713993932410688e+00
1.138933172225952140e+00 3.765371671656541075e+00
1.142165164947509748e+00 3.145907436312056493e+00
1.145397157669067578e+00 2.620275604178502693e+00
1.148629150390624964e+00 2.138411764717853991e+00
1.151861143112182795e+00 1.759454986655483388e+00
1.155093135833740181e+00 1.408233957674897230e+00
1.158325128555298011e+00 1.095883668729970895e+00
1.161557121276855398e+00 8.712980789315781793e-01
1.164789113998413228e+00 6.631010844178012453e-01
1.168021106719970614e+00 5.172328716522711645e-01
1.171253099441528445e+00 3.886578918051664111e-01
1.174485092163085831e+00 2.911805651545129048e-01
1.177717084884643661e+00 2.148176422953513021e-01
1.180949077606201048e+00 1.605061123875063112e-01
1.184181070327758878e+00 1.143280647257200328e-01
1.187413063049316264e+00 8.266942672453508889e-02
1.190645055770874094e+00 5.821393122600850706e-02
1.193877048492431481e+00 4.019015780858647968e-02
1.197109041213989311e+00 2.797281224889700685e-02
1.200341033935546697e+00 1.867223071301430184e-02
1.203573026657104528e+00 1.246053117680499638e-02
1.206805019378661914e+00 8.559540006920494590e-03
1.210037012100219744e+00 5.816278681450226355e-03
1.213269004821777131e+00 3.555558427185454874e-03
1.216500997543334961e+00 2.547902402413378554e-03
1.219732990264892569e+00 1.794378232291747805e-03
1.222964982986450178e+00 6.844071150875762370e-04
1.226196975708007786e+00 5.001627952050498793e-04
1.229428968429565394e+00 4.122669736658312288e-04
1.232660961151123225e+00 2.988974559810415616e-04
1.235892953872680611e+00 1.534276570353836262e-04
1.239124946594238441e+00 1.011795773062144856e-04
1.242356939315795827e+00 2.137918826498652996e-05
1.245588932037353658e+00 8.075515279826767242e-05
1.248820924758911044e+00 7.793169418431636352e-07
1.252052917480468874e+00 8.434426418653186061e-06
1.255284910202026261e+00 2.253315179353385060e-05
