1.263807152509689224e+00 6.790458194414350100e-05
1.267061754465103274e+00 8.293579469071040453e-05
1.270316356420516879e+00 2.670780323107035579e-04
1.273570958375930928e+00 4.381669107506839405e-04
1.276825560331344533e+00 4.690313190535414152e-04
1.280080162286758583e+00 6.877841338144983141e-04
1.283334764242172188e+00 1.203469758315941270e-03
1.286589366197586237e+00 2.177852289649275137e-03
1.289843968152999842e+00 3.540084366965448679e-03
1.293098570108413892e+00 6.290740339468082511e-03
1.296353172063827497e+00 8.724675146411798796e-03
1.299607774019241546e+00 1.515083723664540846e-02
1.302862375974655151e+00 2.217574492360779165e-02
1.306116977930068757e+00 2.877729627313078270e-02
1.309371579885482806e+00 4.196099031047482303e-02
1.312626181840896411e+00 5.915205802073373459e-02
1.315880783796310460e+00 8.563433761713651338e-02
1.319135385751724066e+00 1.203720109850201364e-01
1.322389987707138115e+00 1.678143077653876103e-01
1.325644589662551720e+00 2.304395162280583054e-01
1.328899191617965769e+00 3.044468581202605106e-01
1.332153793573379374e+00 3.975737735915151894e-01
1.335408395528793424e+00 5.331871159399549365e-01
1.338662997484207029e+00 6.893750135962003478e-01
1.341917599439621078e+00 8.788990502606547350e-01
1.345172201395034683e+00 1.097912275567760831e+00
1.348426803350448733e+00 1.389167226791000909e+00
1.351681405305862338e+00 1.752128634792599282e+00
1.354936007261276387e+00 2.149248217797035121e+00
1.358190609216689992e+00 2.590168483320908432e+00
1.361445211172104042e+00 3.128490912230606380e+00
1.364699813127517647e+00 3.705841333030882367e+00
1.367954415082931696e+00 4.342440831643655130e+00
1.371209017038345301e+00 5.068307838056001380e+00
1.374463618993759351e+00 5.884512022597999881e+00
1.377718220949172956e+00 6.572604829026546192e+00
1.380972822904587005e+00 7.524639609807715956e+00
1.384227424860000610e+00 8.302778256799545176e+00
1.387482026815414438e+00 9.099783013970959900e+00
1.390736628770828265e+00 9.897248468606555605e+00
1.393991230726241870e+00 1.070487051335488538e+01
1.397245832681655919e+00 1.126242309356862137e+01
1.400500434637069525e+00 1.185871465010039572e+01
1.403755036592483574e+00 1.232548663063128025e+01
1.407009638547897179e+00 1.255199795108422123e+01
1.410264240503311228e+00 1.287094192091363176e+01
1.413518842458724833e+00 1.282393442488406698e+01
1.416773444414138883e+00 1.276501589185989616e+01
1.420028046369552488e+00 1.246790891408198476e+01
1.423282648324966537e+00 1.227156729933537882e+01
1.426537250280380142e+00 1.159675760115124632e+01
1.429791852235794192e+00 1.102759465462357724e+01
1.433046454191207797e+00 1.042462788575291377e+01
1.436301056146621846e+00 9.656072300403355513e+00
1.439555658102035451e+00 8.850181735005866912e+00
1.442810260057449501e+00 8.046913024199978892e+00
1.446064862012863106e+00 7.188957274313116486e+00
1.449319463968277155e+00 6.402111458116888976e+00
1.452574065923690760e+00 5.610792507958098696e+00
1.455828667879104810e+00 4.867346714011733688e+00
1.459083269834518415e+00 4.199135615920884135e+00
1.462337871789932464e+00 3.555235773404631150e+00
1.465592473745346069e+00 2.974812890503173879e+00
1.468847075700759897e+00 2.445678507770283172e+00
1.472101677656173724e+00 2.053763055941027371e+00
1.475356279611587329e+00 1.621375491765141952e+00
1.478610881567001378e+00 1.302760293515122125e+00
1.481865483522414983e+00 1.053211193292111769e+00
1.485120085477829033e+00 8.235891530906854774e-01
1.488374687433242638e+00 6.308428369255651980e-01
1.491629289388656687e+00 4.863581225737884095e-01
1.494883891344070292e+00 3.729361286558598998e-01
1.498138493299484342e+00 2.725568296023679893e-01
1.501393095254897947e+00 2.033689017489830886e-01
1.504647697210311996e+00 1.495573934532061777e-01
1.507902299165725601e+00 1.105927321125598495e-01
1.511156901121139651e+00 7.731873915191513069e-02
1.514411503076553256e+00 5.629807403444676145e-02
1.517666105031967305e+00 3.927088301567527306e-02
1.520920706987380910e+00 2.643736880226557617e-02
1.524175308942794960e+00 1.806223539292428626e-02
1.527429910898208565e+00 1.278670834458259589e-02
1.530684512853622614e+00 9.178316908729442988e-03
1.533939114809036219e+00 6.406489079712039507e-03
1.537193716764450269e+00 4.578073021926923163e-03
1.540448318719863874e+00 2.466475428292928124e-03
1.543702920675277923e+00 1.405597648053575829e-03
1.546957522630691528e+00 1.054839527715220604e-03
1.550212124586105356e+00 5.408954993174658506e-04
1.553466726541519183e+00 3.267441977462051672e-04
1.556721328496933010e+00 2.309709520853423339e-04
1.559975930452346837e+00 1.611502309937599682e-04
1.563230532407760442e+00 5.614009333509152849e-05
1.566485134363174492e+00 1.052362596967358940e-05
1.569739736318588097e+00 1.574572373135852939e-04
1.572994338274002146e+00 5.791663207263221595e-05
1.576248940229415751e+00 2.378607424229279499e-07
1.579503542184829801e+00 3.515149278070592849e-09
1.582758144140243406e+00 5.713812106543380012e-06
1.586012746095657455e+00 6.723010742081730938e-05
