9.302193656563758628e-01 2.766878849781573627e-03
9.305259987711906877e-01 3.852223930270559041e-03
9.308326318860054016e-01 9.612534514039143552e-03
9.311392650008201155e-01 2.144833779545265995e-02
9.314458981156349404e-01 3.626108521446124583e-02
9.317525312304496543e-01 6.675944853985506244e-02
9.320591643452644792e-01 1.052679295960886746e-01
9.323657974600791931e-01 1.805906192696315471e-01
9.326724305748939070e-01 2.576069976137667084e-01
9.329790636897087319e-01 3.703275276591747045e-01
9.332856968045234458e-01 5.887719920313619903e-01
9.335923299193382707e-01 9.061961478492536193e-01
9.338989630341529846e-01 1.293089875936539235e+00
9.342055961489676985e-01 1.835219209656369976e+00
9.345122292637825234e-01 2.205453608938593657e+00
9.348188623785972373e-01 3.259213571564602230e+00
9.351254954934120622e-01 4.495795431364713046e+00
9.354321286082267761e-01 5.321459789635164306e+00
9.357387617230414900e-01 7.179046022778552860e+00
9.360453948378563149e-01 8.415312734387887517e+00
9.363520279526710288e-01 1.106997786661180427e+01
9.366586610674858537e-01 1.469510211929097032e+01
9.369652941823005676e-01 1.530610148381899549e+01
9.372719272971152815e-01 1.614889217209082872e+01
9.375785604119301064e-01 1.973924911692136064e+01
9.378851935267448203e-01 2.100321546730518207e+01
9.381918266415596452e-01 2.615137530939644250e+01
9.384984597563743591e-01 3.086347714190082669e+01
9.388050928711890730e-01 3.205990858516243946e+01
9.391117259860038979e-01 3.481064948398051939e+01
9.394183591008186118e-01 4.188211430266115087e+01
9.397249922156334367e-01 4.180051740099293056e+01
9.400316253304481506e-01 4.531932442519752158e+01
9.403382584452628645e-01 5.256685547065813324e+01
9.406448915600776894e-01 6.182588393204672883e+01
9.409515246748924033e-01 6.219053349683268550e+01
9.412581577897072282e-01 6.499644393409627696e+01
9.415647909045219421e-01 7.380388589917430409e+01
9.418714240193366560e-01 7.698512130550136590e+01
9.421780571341514809e-01 7.116948028521977676e+01
9.424846902489661948e-01 7.141143147847712669e+01
9.427913233637810198e-01 8.086186798214122007e+01
9.430979564785957336e-01 7.461535978925073209e+01
9.434045895934104475e-01 8.499419285389727463e+01
9.437112227082252724e-01 1.079458674537330438e+02
9.440178558230399863e-01 1.023383056114045644e+02
9.443244889378548113e-01 9.536999098859644164e+01
9.446311220526695251e-01 8.792138658976777776e+01
9.449377551674842390e-01 8.669271660209518870e+01
9.452443882822990640e-01 9.114791396674468160e+01
9.455510213971137778e-01 9.507471288734794257e+01
9.458576545119286028e-01 9.329060521821156726e+01
9.461642876267433167e-01 8.233035762654701273e+01
9.464709207415580305e-01 7.958461177060176794e+01
9.467775538563728555e-01 8.686855051285732543e+01
9.470841869711875693e-01 8.370853538412863770e+01
9.473908200860023943e-01 7.395906326411946452e+01
9.476974532008171082e-01 8.588297072451926795e+01
9.480040863156318220e-01 7.436002301963576144e+01
9.483107194304466470e-01 6.707187628196039952e+01
9.486173525452613609e-01 6.219054908671885329e+01
9.489239856600761858e-01 6.668616494375841341e+01
9.492306187748908997e-01 6.417265584426957048e+01
9.495372518897056136e-01 5.437476778111260245e+01
9.498438850045204385e-01 4.915115779115852490e+01
9.501505181193351524e-01 4.980338967498760638e+01
9.504571512341499773e-01 4.091014324510487654e+01
9.507637843489646912e-01 3.662499974994089769e+01
9.510704174637794051e-01 3.472616669148751356e+01
9.513770505785942300e-01 3.348735303991508516e+01
9.516836836934089439e-01 2.949267090805456704e+01
9.519903168082237688e-01 2.582036181245810269e+01
9.522969499230384827e-01 2.005854520785887019e+01
9.526035830378531966e-01 2.030302006997046860e+01
9.529102161526680215e-01 1.674296858084086637e+01
9.532168492674827354e-01 1.428707053039564912e+01
9.535234823822975603e-01 1.159838764679526157e+01
9.538301154971122742e-01 9.618721240171428377e+00
9.541367486119269881e-01 7.714254843413714369e+00
9.544433817267418130e-01 6.739375652682594087e+00
9.547500148415565269e-01 4.328805847207597424e+00
9.550566479563713518e-01 3.622157381319565328e+00
9.553632810711860657e-01 3.065707417877282293e+00
9.556699141860007796e-01 2.020898472266496881e+00
9.559765473008156045e-01 1.512093447126123147e+00
9.562831804156303184e-01 1.078973230260099392e+00
9.565898135304451433e-01 7.416264774523981806e-01
9.568964466452598572e-01 5.166851366523299571e-01
9.572030797600745711e-01 3.598666542365017151e-01
9.575097128748893960e-01 2.178151736264888338e-01
9.578163459897041099e-01 1.263409940458235237e-01
9.581229791045189348e-01 7.196736550577842451e-02
9.584296122193336487e-01 4.409938967054650300e-02
9.587362453341483626e-01 2.747187144923197988e-02
9.590428784489631875e-01 1.243191510160022648e-02
9.593495115637779014e-01 5.807467198808508035e-03
9.596561446785927263e-01 2.210112630193469645e-03
9.599627777934074402e-01 1.241854366622243983e-03
9.602694109082221541e-01 7.296315365184444799e-04
9.605760440230369790e-01 5.451964150717451656e-04
