1.528844516277313215e+00 2.235607115551536614e-02
1.528847696781158394e+00 3.288283204684742250e-02
1.528850877285003573e+00 1.331465450128367645e-01
1.528854057788848753e+00 3.687079998847409557e-01
1.528857238292694154e+00 7.912088388515644555e-01
1.528860418796539333e+00 1.494390493456900115e+00
1.528863599300384513e+00 2.720471442540249640e+00
1.528866779804229692e+00 5.200341905371559825e+00
1.528869960308074871e+00 9.753855285593568070e+00
1.528873140811920273e+00 1.597721305981363216e+01
1.528876321315765452e+00 2.520883993621477259e+01
1.528879501819610631e+00 4.026338684878653851e+01
1.528882682323455811e+00 6.168897324178489328e+01
1.528885862827300990e+00 8.962725860719454829e+01
1.528889043331146169e+00 1.274821600890339397e+02
1.528892223834991348e+00 1.798466647340087832e+02
1.528895404338836750e+00 2.477706914239369667e+02
1.528898584842681929e+00 3.330750234404667367e+02
1.528901765346527108e+00 4.429305191181214241e+02
1.528904945850372288e+00 5.744062092101549979e+02
1.528908126354217467e+00 7.369830217916896800e+02
1.528911306858062868e+00 9.213594018767578291e+02
1.528914487361908048e+00 1.135723489490950215e+03
1.528917667865753227e+00 1.358025865189052411e+03
1.528920848369598406e+00 1.617128506094975592e+03
1.528924028873443586e+00 1.906111317061107002e+03
1.528927209377288765e+00 2.203812991041333589e+03
1.528930389881133944e+00 2.531804581175348176e+03
1.528933570384979124e+00 2.863881398052696113e+03
1.528936750888824525e+00 3.219928085152244421e+03
1.528939931392669704e+00 3.607037326618052703e+03
1.528943111896514884e+00 3.967041103145301804e+03
1.528946292400360063e+00 4.358192523665788030e+03
1.528949472904205242e+00 4.749480853323218071e+03
1.528952653408050644e+00 5.151496707484380750e+03
1.528955833911895823e+00 5.561876218586517098e+03
1.528959014415741002e+00 5.970271433746669572e+03
1.528962194919586182e+00 6.365595932509600061e+03
1.528965375423431361e+00 6.746209796266769445e+03
1.528968555927276540e+00 7.136732409309016475e+03
1.528971736431121720e+00 7.513417683648774073e+03
1.528974916934967121e+00 7.873593466095439908e+03
1.528978097438812300e+00 8.182099043276817611e+03
1.528981277942657480e+00 8.484075813644918526e+03
1.528984458446502659e+00 8.757614691335766111e+03
1.528987638950347838e+00 8.969657621451922751e+03
1.528990819454193240e+00 9.159700804698124557e+03
1.528993999958038419e+00 9.304821856772126921e+03
1.528997180461883598e+00 9.369547531741529383e+03
1.529000360965728778e+00 9.411003248540331697e+03
1.529003541469573957e+00 9.382570599076845610e+03
1.529006721973419136e+00 9.305101326115671327e+03
1.529009902477264315e+00 9.130854450809958507e+03
1.529013082981109495e+00 8.924333153267210946e+03
1.529016263484954896e+00 8.693179258699963611e+03
1.529019443988800075e+00 8.417944996706099118e+03
1.529022624492645255e+00 8.119623654646845353e+03
1.529025804996490434e+00 7.786346802541041143e+03
1.529028985500335613e+00 7.424692440645659190e+03
1.529032166004181015e+00 7.064883378420936424e+03
1.529035346508026194e+00 6.678696848053190479e+03
1.529038527011871373e+00 6.285589125249263816e+03
1.529041707515716553e+00 5.882333534996015260e+03
1.529044888019561732e+00 5.479084677683114933e+03
1.529048068523406911e+00 5.088332148695144497e+03
1.529051249027252091e+00 4.669654412353140287e+03
1.529054429531097492e+00 4.276597158461259824e+03
1.529057610034942671e+00 3.893036057334104953e+03
1.529060790538787851e+00 3.506199627191037507e+03
1.529063971042633030e+00 3.140773969911524546e+03
1.529067151546478209e+00 2.788985306540853799e+03
1.529070332050323611e+00 2.459180609292271583e+03
1.529073512554168790e+00 2.146403304219370966e+03
1.529076693058013969e+00 1.841029284324142964e+03
1.529079873561859149e+00 1.574808539407321405e+03
1.529083054065704328e+00 1.322459472111532932e+03
1.529086234569549507e+00 1.083455746756131703e+03
1.529089415073394687e+00 8.831775667754552614e+02
1.529092595577239866e+00 7.018551955233266426e+02
1.529095776081085267e+00 5.442601686490664861e+02
1.529098956584930447e+00 4.172860218246801765e+02
1.529102137088775626e+00 3.148528680918934697e+02
1.529105317592620805e+00 2.313432113507891188e+02
1.529108498096465985e+00 1.694194538277390905e+02
1.529111678600311386e+00 1.201387880661508945e+02
1.529114859104156565e+00 8.241674654640306130e+01
1.529118039608001745e+00 5.621472323561167883e+01
1.529121220111846924e+00 3.767579236636596107e+01
1.529124400615692103e+00 2.293317881077337717e+01
1.529127581119537282e+00 1.426637882173736749e+01
1.529130761623382462e+00 8.463171708403033122e+00
1.529133942127227863e+00 4.645786554906361054e+00
1.529137122631073042e+00 2.849083045435890860e+00
1.529140303134918222e+00 1.405750480402321090e+00
1.529143483638763401e+00 7.527144295143596286e-01
1.529146664142608580e+00 3.851815273612554380e-01
1.529149844646453982e+00 1.161059196729226223e-01
1.529153025150299161e+00 4.715257237529907330e-02
1.529156205654144340e+00 3.502050738909524320e-03
1.529159386157989520e+00 1.456726634480297322e-02
