1.089842954874038705e+00 1.859583259751930798e-02
1.089846132993698147e+00 3.488000608923541579e-02
1.089849311113357588e+00 6.768531038645728137e-02
1.089852489233017030e+00 2.255365488703201804e-01
1.089855667352676472e+00 4.688179169064759511e-01
1.089858845472335913e+00 1.029966096054369951e+00
1.089862023591995133e+00 2.048455222068264359e+00
1.089865201711654574e+00 3.877708438440382821e+00
1.089868379831314016e+00 6.509529174773114768e+00
1.089871557950973457e+00 1.199825181468101576e+01
1.089874736070632899e+00 2.004384912689555520e+01
1.089877914190292341e+00 3.187791745458116210e+01
1.089881092309951782e+00 4.884597685474265205e+01
1.089884270429611224e+00 7.393208823255000084e+01
1.089887448549270665e+00 1.077258447458854107e+02
1.089890626668930107e+00 1.511692456386275012e+02
1.089893804788589549e+00 2.113294973184069647e+02
1.089896982908248990e+00 2.862098589702353593e+02
1.089900161027908432e+00 3.835929198279848151e+02
1.089903339147567651e+00 5.055850298983974085e+02
1.089906517267227093e+00 6.547774162532244873e+02
1.089909695386886535e+00 8.247276146183912715e+02
1.089912873506545976e+00 1.020059865595505471e+03
1.089916051626205418e+00 1.246719841944845939e+03
1.089919229745864859e+00 1.494396550504111929e+03
1.089922407865524301e+00 1.758733445635239377e+03
1.089925585985183742e+00 2.049492274523110154e+03
1.089928764104843184e+00 2.359703882145423449e+03
1.089931942224502626e+00 2.689546732004668229e+03
1.089935120344162067e+00 3.042356071133540354e+03
1.089938298463821509e+00 3.402240126608764967e+03
1.089941476583480728e+00 3.779002911403231792e+03
1.089944654703140170e+00 4.165556713999139902e+03
1.089947832822799612e+00 4.557864137439897604e+03
1.089951010942459053e+00 4.957894037916831621e+03
1.089954189062118495e+00 5.360047419991497918e+03
1.089957367181777936e+00 5.788623960911678296e+03
1.089960545301437378e+00 6.160929426065859843e+03
1.089963723421096820e+00 6.557146569057304987e+03
1.089966901540756261e+00 6.957680933833565177e+03
1.089970079660415703e+00 7.343411062964098164e+03
1.089973257780075144e+00 7.664556984253645169e+03
1.089976435899734586e+00 8.007413997088137876e+03
1.089979614019394027e+00 8.335987281768842877e+03
1.089982792139053247e+00 8.614280171736701959e+03
1.089985970258712689e+00 8.861082355736560203e+03
1.089989148378372130e+00 9.052166385134443772e+03
1.089992326498031572e+00 9.206699283414136517e+03
1.089995504617691013e+00 9.358659051717781040e+03
1.089998682737350455e+00 9.403718834942312242e+03
1.090001860857009897e+00 9.376631679507190711e+03
1.090005038976669338e+00 9.349800503591812230e+03
1.090008217096328780e+00 9.230488177359218753e+03
1.090011395215988221e+00 9.013568216392721297e+03
1.090014573335647663e+00 8.829588635070684177e+03
1.090017751455307105e+00 8.589355806425182891e+03
1.090020929574966324e+00 8.281323091016083708e+03
1.090024107694625766e+00 7.963587115343679216e+03
1.090027285814285207e+00 7.627046134164167597e+03
1.090030463933944649e+00 7.280762972135996279e+03
1.090033642053604090e+00 6.900915153387507416e+03
1.090036820173263532e+00 6.497226937356977942e+03
1.090039998292922974e+00 6.090760993988424161e+03
1.090043176412582415e+00 5.702058544410945615e+03
1.090046354532241857e+00 5.300447436181082594e+03
1.090049532651901298e+00 4.885973641158101600e+03
1.090052710771560740e+00 4.495192779865883494e+03
1.090055888891220182e+00 4.091930060110107661e+03
1.090059067010879623e+00 3.712136684814788623e+03
1.090062245130538843e+00 3.337075121763096377e+03
1.090065423250198284e+00 2.982267813532749642e+03
1.090068601369857726e+00 2.645154301782507900e+03
1.090071779489517168e+00 2.301921301023765409e+03
1.090074957609176609e+00 1.997619657304719340e+03
1.090078135728836051e+00 1.717152065148678503e+03
1.090081313848495492e+00 1.450636681621960179e+03
1.090084491968154934e+00 1.209018906581017291e+03
1.090087670087814375e+00 9.875537028105497939e+02
1.090090848207473817e+00 7.934982390559665646e+02
1.090094026327133259e+00 6.253145010097380236e+02
1.090097204446792700e+00 4.828683225151584679e+02
1.090100382566451920e+00 3.651835224420555619e+02
1.090103560686111361e+00 2.719845487960793662e+02
1.090106738805770803e+00 2.013406274519944077e+02
1.090109916925430245e+00 1.446022596755092593e+02
1.090113095045089686e+00 1.006617432610448475e+02
1.090116273164749128e+00 6.801052795944342222e+01
1.090119451284408569e+00 4.554131528742300361e+01
1.090122629404068011e+00 2.938735716034746304e+01
1.090125807523727453e+00 1.838513958041143681e+01
1.090128985643386894e+00 1.112829604580937826e+01
1.090132163763046336e+00 6.464727729687161251e+00
1.090135341882705777e+00 3.367408133429854011e+00
1.090138520002365219e+00 1.827079182189234263e+00
1.090141698122024438e+00 9.201005201200543882e-01
1.090144876241683880e+00 4.573434328738210097e-01
1.090148054361343322e+00 2.204301511891283705e-01
1.090151232481002763e+00 7.316067740362494631e-02
1.090154410600662205e+00 2.734601750074234713e-02
1.090157588720321646e+00 9.040939740388418550e-03
