1.409843593239784365e+00 3.031037388028073876e-02
1.409846751093864370e+00 4.781978928167668341e-02
1.409849908947944819e+00 1.241327030669728410e-01
1.409853066802024824e+00 3.526625370075959220e-01
1.409856224656105050e+00 5.857639209685945314e-01
1.409859382510185277e+00 1.039052204032799853e+00
1.409862540364265282e+00 2.191683730159212917e+00
1.409865698218345731e+00 4.058430825510989770e+00
1.409868856072425736e+00 7.287465757579727921e+00
1.409872013926506185e+00 1.276656200948114694e+01
1.409875171780586189e+00 2.159085619339430195e+01
1.409878329634666638e+00 3.414795623416333115e+01
1.409881487488746643e+00 5.215417217546750095e+01
1.409884645342826648e+00 7.681574703439714824e+01
1.409887803196907097e+00 1.101125051245912374e+02
1.409890961050987102e+00 1.572999463393253166e+02
1.409894118905067550e+00 2.181866213293722865e+02
1.409897276759147555e+00 2.965566222247308019e+02
1.409900434613228004e+00 3.925052516906405913e+02
1.409903592467308009e+00 5.157617530430287616e+02
1.409906750321388236e+00 6.628389571873660771e+02
1.409909908175468463e+00 8.361597831016285909e+02
1.409913066029548467e+00 1.033317322849159154e+03
1.409916223883628916e+00 1.265243660767169331e+03
1.409919381737708921e+00 1.500809511382906749e+03
1.409922539591789370e+00 1.772269799229884029e+03
1.409925697445869375e+00 2.061683340887428130e+03
1.409928855299949824e+00 2.378240617422875857e+03
1.409932013154029828e+00 2.693106988952300981e+03
1.409935171008110055e+00 3.049021033882351730e+03
1.409938328862190282e+00 3.395501736032076224e+03
1.409941486716270287e+00 3.779628461511478690e+03
1.409944644570350736e+00 4.162257590416740641e+03
1.409947802424430741e+00 4.567478206136558583e+03
1.409950960278511189e+00 4.939489071143485489e+03
1.409954118132591194e+00 5.353341029698735838e+03
1.409957275986671643e+00 5.746526750353486023e+03
1.409960433840751648e+00 6.155396222709572612e+03
1.409963591694831653e+00 6.536193453721282822e+03
1.409966749548912102e+00 6.948376792424658561e+03
1.409969907402992106e+00 7.317029240240664876e+03
1.409973065257072555e+00 7.662839810763884088e+03
1.409976223111152560e+00 7.983118767164619385e+03
1.409979380965233009e+00 8.322208778426942445e+03
1.409982538819313014e+00 8.600676066420532152e+03
1.409985696673393241e+00 8.847668419469911896e+03
1.409988854527473467e+00 9.022978000983583115e+03
1.409992012381553472e+00 9.218974313315782638e+03
1.409995170235633921e+00 9.335730030153959888e+03
1.409998328089713926e+00 9.403909514621744165e+03
1.410001485943794375e+00 9.410756938320249901e+03
1.410004643797874380e+00 9.332378607306251070e+03
1.410007801651954829e+00 9.212450228613386571e+03
1.410010959506034833e+00 9.062045406854133034e+03
1.410014117360115060e+00 8.866320241275696389e+03
1.410017275214195287e+00 8.604902752013957070e+03
1.410020433068275292e+00 8.349991392465020908e+03
1.410023590922355741e+00 8.020874626281166456e+03
1.410026748776435745e+00 7.686012428031217496e+03
1.410029906630516194e+00 7.312776458460222784e+03
1.410033064484596199e+00 6.947210215348892234e+03
1.410036222338676648e+00 6.558393663113278308e+03
1.410039380192756653e+00 6.179073729779463065e+03
1.410042538046836658e+00 5.772328129214639375e+03
1.410045695900917107e+00 5.393033923118703569e+03
1.410048853754997111e+00 4.978237968230963816e+03
1.410052011609077560e+00 4.598979220697804521e+03
1.410055169463157565e+00 4.176802303957111690e+03
1.410058327317238014e+00 3.809586997869637344e+03
1.410061485171318019e+00 3.429480313745823423e+03
1.410064643025398246e+00 3.071687741942351749e+03
1.410067800879478472e+00 2.717889094311499321e+03
1.410070958733558477e+00 2.389107910668732529e+03
1.410074116587638926e+00 2.067724765627373927e+03
1.410077274441718931e+00 1.793319925851370499e+03
1.410080432295799380e+00 1.520558463459964059e+03
1.410083590149879385e+00 1.272956205619108232e+03
1.410086748003959833e+00 1.050460846042059529e+03
1.410089905858039838e+00 8.516343409944230416e+02
1.410093063712120065e+00 6.711560075443054529e+02
1.410096221566200292e+00 5.238816808383536454e+02
1.410099379420280297e+00 3.976111403585136941e+02
1.410102537274360746e+00 2.997719002649583331e+02
1.410105695128440750e+00 2.218619436116298687e+02
1.410108852982521199e+00 1.590058136731312004e+02
1.410112010836601204e+00 1.134712720516894962e+02
1.410115168690681653e+00 7.965435589417482731e+01
1.410118326544761658e+00 5.373399795235430076e+01
1.410121484398841663e+00 3.471017295821661008e+01
1.410124642252922111e+00 2.192744546829176855e+01
1.410127800107002116e+00 1.333858688849731955e+01
1.410130957961082565e+00 8.100487285694157436e+00
1.410134115815162570e+00 4.242451615781936525e+00
1.410137273669243019e+00 2.561024048059327818e+00
1.410140431523323024e+00 1.516780187441556960e+00
1.410143589377403250e+00 5.972354773982972986e-01
1.410146747231483477e+00 3.000484322829812811e-01
1.410149905085563482e+00 1.216409026520912373e-01
1.410153062939643931e+00 4.783996470664299977e-02
1.410156220793723936e+00 5.026878034096064068e-02
