9.448418897390364890e-01 1.988837636016048405e-02
9.448450452089309781e-01 2.034901467440775741e-02
9.448482006788254672e-01 6.959003078532881303e-02
9.448513561487197343e-01 1.200226126334256599e-01
9.448545116186142234e-01 4.366062916976398700e-01
9.448576670885086015e-01 9.002634903410162703e-01
9.448608225584029796e-01 1.782864504412081219e+00
9.448639780282974687e-01 3.348316245090154464e+00
9.448671334981918468e-01 5.838802644616243320e+00
9.448702889680862249e-01 9.629061901161984238e+00
9.448734444379807140e-01 1.586893047092575593e+01
9.448765999078749811e-01 2.706872280913692208e+01
9.448797553777694702e-01 4.188279521319079635e+01
9.448829108476639593e-01 6.261688515397874966e+01
9.448860663175582264e-01 9.184966172881667035e+01
9.448892217874527155e-01 1.317873681735406706e+02
9.448923772573470936e-01 1.835469260945524752e+02
9.448955327272414717e-01 2.522377199017843168e+02
9.448986881971359608e-01 3.354789912426383580e+02
9.449018436670303389e-01 4.455265262996758793e+02
9.449049991369247170e-01 5.823693445075717818e+02
9.449081546068192061e-01 7.387695134642790435e+02
9.449113100767134732e-01 9.236899667684155020e+02
9.449144655466079623e-01 1.134143260717753265e+03
9.449176210165024514e-01 1.369793949456359314e+03
9.449207764863967185e-01 1.629409594535969063e+03
9.449239319562912076e-01 1.901509691790016404e+03
9.449270874261856967e-01 2.199021408845579572e+03
9.449302428960799638e-01 2.526283822705687726e+03
9.449333983659744529e-01 2.847617692846582486e+03
9.449365538358688310e-01 3.212404549090503679e+03
9.449397093057632091e-01 3.575434095520342453e+03
9.449428647756576982e-01 3.939138231911257208e+03
9.449460202455520763e-01 4.323440252898655672e+03
9.449491757154464544e-01 4.734329516713723024e+03
9.449523311853409435e-01 5.135352938509568048e+03
9.449554866552352106e-01 5.522432791211207586e+03
9.449586421251296997e-01 5.928530792005152762e+03
9.449617975950241888e-01 6.321045793717260494e+03
9.449649530649184559e-01 6.707231438086661910e+03
9.449681085348129450e-01 7.100865304745308094e+03
9.449712640047073231e-01 7.440282332764862076e+03
9.449744194746017012e-01 7.817215757898947231e+03
9.449775749444961903e-01 8.150348320556474391e+03
9.449807304143905684e-01 8.432038886699665454e+03
9.449838858842849465e-01 8.689156127768113947e+03
9.449870413541794356e-01 8.968332528321889185e+03
9.449901968240737027e-01 9.144101451581700530e+03
9.449933522939681918e-01 9.275712807252555649e+03
9.449965077638626809e-01 9.371320065074429294e+03
9.449996632337569480e-01 9.415843072987332562e+03
9.450028187036514371e-01 9.371227808895446287e+03
9.450059741735459262e-01 9.275253508569672704e+03
9.450091296434401933e-01 9.161503501788314679e+03
9.450122851133346824e-01 8.974302232249090594e+03
9.450154405832290605e-01 8.765478848592420036e+03
9.450185960531234386e-01 8.498710611788279493e+03
9.450217515230179277e-01 8.186349863193611782e+03
9.450249069929123058e-01 7.879427483535090687e+03
9.450280624628066839e-01 7.532556920828333205e+03
9.450312179327011730e-01 7.170780168267152476e+03
9.450343734025954401e-01 6.802434412513268398e+03
9.450375288724899292e-01 6.418437669819717485e+03
9.450406843423844183e-01 5.990537033211572634e+03
9.450438398122786854e-01 5.610732431491653188e+03
9.450469952821731745e-01 5.204372616663491499e+03
9.450501507520675526e-01 4.807490068877545127e+03
9.450533062219619307e-01 4.397093090777798352e+03
9.450564616918564198e-01 4.020335213754679444e+03
9.450596171617507979e-01 3.646142682153381884e+03
9.450627726316451760e-01 3.275799531500924331e+03
9.450659281015396651e-01 2.925522973383000590e+03
9.450690835714339322e-01 2.594788850994835684e+03
9.450722390413284213e-01 2.267370387172789833e+03
9.450753945112229104e-01 1.951544858156165219e+03
9.450785499811171775e-01 1.674200121650558685e+03
9.450817054510116666e-01 1.417896540572830872e+03
9.450848609209061557e-01 1.179333690563640630e+03
9.450880163908004228e-01 9.667710010073257081e+02
9.450911718606949119e-01 7.784996158520722247e+02
9.450943273305892900e-01 6.114024525127980496e+02
9.450974828004836681e-01 4.726396281159785531e+02
9.451006382703781572e-01 3.596498583386015753e+02
9.451037937402725353e-01 2.697571044576407644e+02
9.451069492101669134e-01 1.967215555032779548e+02
9.451101046800614025e-01 1.391135226302719445e+02
9.451132601499556696e-01 9.923667770460416193e+01
9.451164156198501587e-01 6.718511806137689746e+01
9.451195710897446478e-01 4.477582823310954296e+01
9.451227265596389149e-01 2.902204378924952266e+01
9.451258820295334040e-01 1.810047556485639220e+01
9.451290374994277821e-01 1.088536209439650193e+01
9.451321929693221602e-01 6.105575770846911610e+00
9.451353484392166493e-01 3.137131086089803844e+00
9.451385039091110274e-01 1.910021817494357288e+00
9.451416593790054055e-01 9.515462646270086422e-01
9.451448148488998946e-01 5.111403818308457581e-01
9.451479703187941617e-01 1.840020439542992825e-01
9.451511257886886508e-01 8.043627329093477885e-02
9.451542812585831399e-01 3.451793347153324365e-02
