1.528838809132575971e+00 1.456429936785087233e-02
1.528842019438743538e+00 1.200209897136861803e-03
1.528845229744911105e+00 1.271332268275915910e-02
1.528848440051078672e+00 9.114709005594281988e-02
1.528851650357246461e+00 1.746795540161316662e-01
1.528854860663414028e+00 3.800893942514744217e-01
1.528858070969581595e+00 7.902107306045358381e-01
1.528861281275749162e+00 1.746481895334711432e+00
1.528864491581916729e+00 3.235773962026794237e+00
1.528867701888084518e+00 5.945160710655292391e+00
1.528870912194252085e+00 1.063654336226843355e+01
1.528874122500419652e+00 1.812594517104284009e+01
1.528877332806587219e+00 2.929375108893817625e+01
1.528880543112754786e+00 4.668224731543594430e+01
1.528883753418922353e+00 7.010445326692584445e+01
1.528886963725089920e+00 1.014644799880132524e+02
1.528890174031257709e+00 1.455759285070493263e+02
1.528893384337425276e+00 2.062992635919398197e+02
1.528896594643592843e+00 2.820546317548870547e+02
1.528899804949760410e+00 3.731789402552976185e+02
1.528903015255927977e+00 4.929249394600914798e+02
1.528906225562095766e+00 6.402350396320265418e+02
1.528909435868263333e+00 8.147801943238623608e+02
1.528912646174430900e+00 1.005417715641373093e+03
1.528915856480598467e+00 1.231779163288903192e+03
1.528919066786766034e+00 1.473919408156245254e+03
1.528922277092933601e+00 1.757723311377274513e+03
1.528925487399101169e+00 2.043953545157769668e+03
1.528928697705268736e+00 2.357956903929586133e+03
1.528931908011436525e+00 2.694050694033879154e+03
1.528935118317604092e+00 3.038464756465114078e+03
1.528938328623771659e+00 3.413967087455526780e+03
1.528941538929939226e+00 3.795248835244588008e+03
1.528944749236106793e+00 4.177992859817038152e+03
1.528947959542274582e+00 4.586478955556324763e+03
1.528951169848442149e+00 4.973273821549940294e+03
1.528954380154609716e+00 5.393869041934472079e+03
1.528957590460777283e+00 5.803953296139133272e+03
1.528960800766944850e+00 6.198994152416720681e+03
1.528964011073112417e+00 6.600868237900240274e+03
1.528967221379279984e+00 6.989814531437591540e+03
1.528970431685447773e+00 7.368235138127079153e+03
1.528973641991615340e+00 7.730884971947145459e+03
1.528976852297782907e+00 8.069835605060390662e+03
1.528980062603950474e+00 8.381328692842038436e+03
1.528983272910118041e+00 8.659491140810592697e+03
1.528986483216285830e+00 8.896110269992253961e+03
1.528989693522453397e+00 9.090901781643900904e+03
1.528992903828620964e+00 9.265058731059365527e+03
1.528996114134788531e+00 9.365360636324459847e+03
1.528999324440956098e+00 9.397325116361202163e+03
1.529002534747123665e+00 9.370037425431197335e+03
1.529005745053291232e+00 9.297592678629489455e+03
1.529008955359458799e+00 9.195787851801813304e+03
1.529012165665626588e+00 8.982440668666431520e+03
1.529015375971794155e+00 8.766304898169695662e+03
1.529018586277961722e+00 8.488318729669603272e+03
1.529021796584129289e+00 8.196225620362183690e+03
1.529025006890296856e+00 7.869028985231056140e+03
1.529028217196464645e+00 7.511591301747648686e+03
1.529031427502632212e+00 7.144888578478922682e+03
1.529034637808799779e+00 6.751528328299654277e+03
1.529037848114967346e+00 6.364457654887556600e+03
1.529041058421134913e+00 5.971905738321373974e+03
1.529044268727302480e+00 5.554869351191919122e+03
1.529047479033470047e+00 5.135290346295871132e+03
1.529050689339637836e+00 4.725689716867890638e+03
1.529053899645805403e+00 4.338158906489816218e+03
1.529057109951972970e+00 3.945954914379683032e+03
1.529060320258140537e+00 3.556930571104678620e+03
1.529063530564308104e+00 3.181068089768624304e+03
1.529066740870475893e+00 2.835958223044205624e+03
1.529069951176643460e+00 2.494978046351805006e+03
1.529073161482811027e+00 2.169454413658370868e+03
1.529076371788978594e+00 1.865900905746326771e+03
1.529079582095146161e+00 1.590878489340492706e+03
1.529082792401313728e+00 1.335373944093031696e+03
1.529086002707481295e+00 1.095391926236376548e+03
1.529089213013648862e+00 8.982595195913411317e+02
1.529092423319816652e+00 7.082647888214548857e+02
1.529095633625984219e+00 5.530523465602095712e+02
1.529098843932151786e+00 4.183201216551569246e+02
1.529102054238319353e+00 3.127827213737723469e+02
1.529105264544486920e+00 2.318188968946591046e+02
1.529108474850654709e+00 1.679853622650379350e+02
1.529111685156822276e+00 1.179517630983573753e+02
1.529114895462989843e+00 8.223424692367576938e+01
1.529118105769157410e+00 5.492404415788192296e+01
1.529121316075324977e+00 3.676740738753363757e+01
1.529124526381492544e+00 2.273035343364939465e+01
1.529127736687660111e+00 1.497566681767911412e+01
1.529130946993827900e+00 8.022713734175050959e+00
1.529134157299995467e+00 4.204130623491598939e+00
1.529137367606163034e+00 2.410626731632104391e+00
1.529140577912330601e+00 1.354352391730913485e+00
1.529143788218498168e+00 6.631902016992777815e-01
1.529146998524665957e+00 3.220867907122746399e-01
1.529150208830833524e+00 1.342187536274183357e-01
1.529153419137001091e+00 7.809558482094873522e-02
1.529156629443168658e+00 2.296796182042801573e-02
