1.089841551184654200e+00 1.062554245286659489e-02
1.089844782948493851e+00 4.373989472295303910e-02
1.089848014712333724e+00 5.222935073984868309e-02
1.089851246476173374e+00 1.826499594121183678e-01
1.089854478240013247e+00 3.655539071585272581e-01
1.089857710003852898e+00 8.098384679264932773e-01
1.089860941767692548e+00 1.672810862722500014e+00
1.089864173531532199e+00 3.201326320491581612e+00
1.089867405295372071e+00 5.707545852881656501e+00
1.089870637059211722e+00 1.022862858253141383e+01
1.089873868823051595e+00 1.753871255901685444e+01
1.089877100586891245e+00 2.837206648365317108e+01
1.089880332350730896e+00 4.492517171109950169e+01
1.089883564114570547e+00 6.769261530316931896e+01
1.089886795878410197e+00 9.884359099943900162e+01
1.089890027642250070e+00 1.429053119098323350e+02
1.089893259406089721e+00 1.995520813268215647e+02
1.089896491169929593e+00 2.738446546329016087e+02
1.089899722933769244e+00 3.683197254551350284e+02
1.089902954697608894e+00 4.891695271734587322e+02
1.089906186461448545e+00 6.368989115667495753e+02
1.089909418225288418e+00 8.084222465514677651e+02
1.089912649989128068e+00 1.007048731669656945e+03
1.089915881752967941e+00 1.232597542356758822e+03
1.089919113516807592e+00 1.483052373258964280e+03
1.089922345280647242e+00 1.758099001580885442e+03
1.089925577044486893e+00 2.047596269992401176e+03
1.089928808808326766e+00 2.358646378533959705e+03
1.089932040572166416e+00 2.703558377136873787e+03
1.089935272336006289e+00 3.061800640526985717e+03
1.089938504099845940e+00 3.422484450740032571e+03
1.089941735863685590e+00 3.815051279431017065e+03
1.089944967627525241e+00 4.207013848236576450e+03
1.089948199391365113e+00 4.598629677282550801e+03
1.089951431155204764e+00 5.001695416964034848e+03
1.089954662919044637e+00 5.428652688950100128e+03
1.089957894682884287e+00 5.840056063487837491e+03
1.089961126446723938e+00 6.225509319977535597e+03
1.089964358210563589e+00 6.635945673726474524e+03
1.089967589974403239e+00 7.028984527076789163e+03
1.089970821738243112e+00 7.421016917486690545e+03
1.089974053502082763e+00 7.742215558505940862e+03
1.089977285265922635e+00 8.086796153025820786e+03
1.089980517029762286e+00 8.433818859590865031e+03
1.089983748793601936e+00 8.686733033655840700e+03
1.089986980557441587e+00 8.950233014489687775e+03
1.089990212321281460e+00 9.118968790366374378e+03
1.089993444085121110e+00 9.264403416016864867e+03
1.089996675848960983e+00 9.370627088960016408e+03
1.089999907612800634e+00 9.432958148770980188e+03
1.090003139376640284e+00 9.355617885168758221e+03
1.090006371140479935e+00 9.312807925341479859e+03
1.090009602904319808e+00 9.150166393278515898e+03
1.090012834668159458e+00 8.932460969777441278e+03
1.090016066431999331e+00 8.717315827731546960e+03
1.090019298195838982e+00 8.438731374835733732e+03
1.090022529959678632e+00 8.104126480184571847e+03
1.090025761723518283e+00 7.776394938273508160e+03
1.090028993487358155e+00 7.442774066208587101e+03
1.090032225251197806e+00 7.048712114648670649e+03
1.090035457015037679e+00 6.663237209900303242e+03
1.090038688778877329e+00 6.265246872197914854e+03
1.090041920542716980e+00 5.852709984742645247e+03
1.090045152306556631e+00 5.445675115750109399e+03
1.090048384070396281e+00 5.042298849907617296e+03
1.090051615834236154e+00 4.620498334275898742e+03
1.090054847598075805e+00 4.237410717762129025e+03
1.090058079361915677e+00 3.831737088700099775e+03
1.090061311125755328e+00 3.442507555605498510e+03
1.090064542889594978e+00 3.078569723111552321e+03
1.090067774653434629e+00 2.723764905648021340e+03
1.090071006417274502e+00 2.389639684807328194e+03
1.090074238181114152e+00 2.068000777437810484e+03
1.090077469944954025e+00 1.775432131117721838e+03
1.090080701708793676e+00 1.507679540679623642e+03
1.090083933472633326e+00 1.252750033148790635e+03
1.090087165236472977e+00 1.020605992051397948e+03
1.090090397000312850e+00 8.210773109603438797e+02
1.090093628764152500e+00 6.460856583640439794e+02
1.090096860527992373e+00 4.976257347684942260e+02
1.090100092291832024e+00 3.770394216968088585e+02
1.090103324055671674e+00 2.791425170018461586e+02
1.090106555819511325e+00 2.033144413435867079e+02
1.090109787583351197e+00 1.463310485181019942e+02
1.090113019347190848e+00 1.015023107513096932e+02
1.090116251111030721e+00 6.897833551312027112e+01
1.090119482874870371e+00 4.622085027858917528e+01
1.090122714638710022e+00 2.957523820645830881e+01
1.090125946402549673e+00 1.797245762787823864e+01
1.090129178166389323e+00 1.053730276079618911e+01
1.090132409930229196e+00 6.270233249165550582e+00
1.090135641694068847e+00 3.335723865805486188e+00
1.090138873457908719e+00 1.811523362068607756e+00
1.090142105221748370e+00 8.393994881599043945e-01
1.090145336985588020e+00 4.507824519883136261e-01
1.090148568749427671e+00 1.925107891494684254e-01
1.090151800513267544e+00 8.588953829290991993e-02
1.090155032277107194e+00 3.129865445710738880e-02
1.090158264040947067e+00 1.204556073230600086e-02
1.090161495804786718e+00 4.030771790348549460e-03
