1.409841431379318166e+00 1.657215667859674585e-02
1.409844557046890268e+00 2.729676081659098905e-02
1.409847682714462369e+00 8.798968317381986037e-02
1.409850808382034248e+00 1.782197618837713105e-01
1.409853934049606350e+00 3.895902101009590668e-01
1.409857059717178451e+00 7.701513755203889255e-01
1.409860185384750331e+00 1.320860927448791688e+00
1.409863311052322210e+00 2.835730533001227460e+00
1.409866436719894534e+00 4.954269055982267744e+00
1.409869562387466413e+00 8.229361356734782973e+00
1.409872688055038292e+00 1.467728399701865882e+01
1.409875813722610616e+00 2.420522764268671168e+01
1.409878939390182495e+00 3.759604558181856504e+01
1.409882065057754374e+00 5.708793982819982915e+01
1.409885190725326698e+00 8.374277348536065801e+01
1.409888316392898577e+00 1.178477075848979609e+02
1.409891442060470457e+00 1.655268056531817251e+02
1.409894567728042780e+00 2.275722903219458715e+02
1.409897693395614660e+00 3.091420847294573946e+02
1.409900819063186539e+00 4.086898269180738339e+02
1.409903944730758640e+00 5.326875478401248074e+02
1.409907070398330742e+00 6.774636017617533525e+02
1.409910196065902621e+00 8.597493204108197915e+02
1.409913321733474723e+00 1.055266539543045837e+03
1.409916447401046824e+00 1.275391550964164480e+03
1.409919573068618703e+00 1.516435567546757056e+03
1.409922698736190805e+00 1.799681483481959049e+03
1.409925824403762906e+00 2.074888938679101102e+03
1.409928950071334786e+00 2.397095085238658612e+03
1.409932075738906887e+00 2.716085583109004801e+03
1.409935201406478988e+00 3.049608090298071602e+03
1.409938327074050868e+00 3.403391656051988775e+03
1.409941452741622747e+00 3.767459019306335904e+03
1.409944578409195071e+00 4.144183550690041557e+03
1.409947704076766950e+00 4.555472085010279443e+03
1.409950829744338829e+00 4.920811094525663066e+03
1.409953955411911153e+00 5.339456964580513159e+03
1.409957081079483032e+00 5.718578433186382426e+03
1.409960206747054912e+00 6.135656154051389422e+03
1.409963332414627235e+00 6.504427822713797468e+03
1.409966458082199114e+00 6.898400187359383381e+03
1.409969583749770994e+00 7.258856335201889124e+03
1.409972709417343317e+00 7.653436402752387039e+03
1.409975835084915197e+00 7.950460415524587006e+03
1.409978960752487076e+00 8.296659638837101738e+03
1.409982086420059177e+00 8.549846005147182950e+03
1.409985212087631279e+00 8.812151714643074229e+03
1.409988337755203158e+00 9.008544184389695147e+03
1.409991463422775260e+00 9.197890567078025924e+03
1.409994589090347361e+00 9.308155053172988119e+03
1.409997714757919240e+00 9.405741255729730256e+03
1.410000840425491342e+00 9.407620264984536334e+03
1.410003966093063443e+00 9.367421591975818956e+03
1.410007091760635323e+00 9.246978324618798069e+03
1.410010217428207424e+00 9.100009370335155836e+03
1.410013343095779526e+00 8.898101094556370299e+03
1.410016468763351405e+00 8.667177412450933844e+03
1.410019594430923284e+00 8.418154862293600672e+03
1.410022720098495608e+00 8.129158190479232871e+03
1.410025845766067487e+00 7.770561841501093113e+03
1.410028971433639366e+00 7.431338045209147822e+03
1.410032097101211690e+00 7.060515156134022618e+03
1.410035222768783569e+00 6.696736518117784726e+03
1.410038348436355449e+00 6.284324184324861562e+03
1.410041474103927772e+00 5.905874832893805433e+03
1.410044599771499652e+00 5.510689638632155948e+03
1.410047725439071531e+00 5.123751139785924352e+03
1.410050851106643854e+00 4.728827902213336529e+03
1.410053976774215734e+00 4.313954009083221536e+03
1.410057102441787613e+00 3.933606967046024693e+03
1.410060228109359715e+00 3.561779889809301949e+03
1.410063353776931816e+00 3.218078362705972722e+03
1.410066479444503695e+00 2.864082372048888828e+03
1.410069605112075797e+00 2.538179034759811657e+03
1.410072730779647898e+00 2.207736717120436424e+03
1.410075856447219778e+00 1.917447192639127479e+03
1.410078982114791879e+00 1.647909326887085172e+03
1.410082107782363980e+00 1.387822889441141569e+03
1.410085233449935860e+00 1.153899112106812936e+03
1.410088359117507961e+00 9.450463415778690432e+02
1.410091484785080063e+00 7.580713220225269424e+02
1.410094610452651942e+00 6.003591475157297737e+02
1.410097736120223821e+00 4.637134976893088947e+02
1.410100861787796145e+00 3.495882140667433191e+02
1.410103987455368024e+00 2.624322930729327936e+02
1.410107113122939904e+00 1.929475180545324235e+02
1.410110238790512227e+00 1.391178611333310755e+02
1.410113364458084106e+00 9.746982551678027562e+01
1.410116490125655986e+00 6.779136040087324488e+01
1.410119615793228309e+00 4.494581803890801552e+01
1.410122741460800189e+00 2.911142744895322210e+01
1.410125867128372068e+00 1.824145365749287251e+01
1.410128992795944392e+00 1.094452644075201064e+01
1.410132118463516271e+00 6.071885150142021459e+00
1.410135244131088150e+00 3.812032123293075170e+00
1.410138369798660252e+00 2.180660583854935108e+00
1.410141495466232353e+00 9.152166824359571073e-01
1.410144621133804232e+00 4.420617313203099030e-01
1.410147746801376334e+00 2.184381001940811917e-01
1.410150872468948435e+00 9.451333116340794593e-02
