9.448489776253700123e-01 7.566035614694197053e-02
9.448521229624747830e-01 2.299523374310718793e-01
9.448552682995796648e-01 5.521103570723214782e-01
9.448584136366844355e-01 1.251950233986599326e+00
9.448615589737892062e-01 2.230628095698573787e+00
9.448647043108939769e-01 4.004895098641021889e+00
9.448678496479987476e-01 6.316534542146734488e+00
9.448709949851036294e-01 1.043155881359870740e+01
9.448741403222084001e-01 1.763358917151169081e+01
9.448772856593131708e-01 2.957099536314767008e+01
9.448804309964180526e-01 4.490414261870185442e+01
9.448835763335228233e-01 6.840918289180645218e+01
9.448867216706275940e-01 9.993295065559904344e+01
9.448898670077323647e-01 1.376787462475529082e+02
9.448930123448371354e-01 1.918666375614021717e+02
9.448961576819420172e-01 2.606157353003296180e+02
9.448993030190467879e-01 3.532626106828278125e+02
9.449024483561515586e-01 4.666218240866105589e+02
9.449055936932564403e-01 6.042499600466086349e+02
9.449087390303612111e-01 7.716610494557401125e+02
9.449118843674659818e-01 9.609625337327742045e+02
9.449150297045707525e-01 1.168773426352983734e+03
9.449181750416755232e-01 1.408369147887657846e+03
9.449213203787804050e-01 1.667134638523687499e+03
9.449244657158851757e-01 1.943620573610617839e+03
9.449276110529899464e-01 2.247583208069801458e+03
9.449307563900947171e-01 2.561273204886641906e+03
9.449339017271995989e-01 2.897212698963759067e+03
9.449370470643043696e-01 3.260057265608386388e+03
9.449401924014091403e-01 3.629880110127468924e+03
9.449433377385139110e-01 3.990032875784044336e+03
9.449464830756186817e-01 4.378825537274255112e+03
9.449496284127235635e-01 4.785661269999573051e+03
9.449527737498283342e-01 5.178324320781315691e+03
9.449559190869331049e-01 5.559051279005921060e+03
9.449590644240379866e-01 5.973533561443545295e+03
9.449622097611427574e-01 6.368875225736512220e+03
9.449653550982475281e-01 6.761472497815571842e+03
9.449685004353522988e-01 7.140307104323062958e+03
9.449716457724570695e-01 7.511647229896494537e+03
9.449747911095619513e-01 7.862610080591990481e+03
9.449779364466667220e-01 8.179708071278906573e+03
9.449810817837714927e-01 8.457980850999880204e+03
9.449842271208763744e-01 8.722182754254014071e+03
9.449873724579811451e-01 8.968999775038937514e+03
9.449905177950859159e-01 9.127337528683505298e+03
9.449936631321906866e-01 9.281536929337158654e+03
9.449968084692954573e-01 9.354148391679153065e+03
9.449999538064003390e-01 9.378506660442568318e+03
9.450030991435051098e-01 9.353886347757348631e+03
9.450062444806098805e-01 9.296575469437007996e+03
9.450093898177146512e-01 9.178296056780645813e+03
9.450125351548195329e-01 8.965853007372585125e+03
9.450156804919243037e-01 8.744049676924620144e+03
9.450188258290290744e-01 8.474861244121784694e+03
9.450219711661338451e-01 8.182141675006843798e+03
9.450251165032386158e-01 7.859498906933598846e+03
9.450282618403434975e-01 7.524786218850488694e+03
9.450314071774482683e-01 7.146573658794365656e+03
9.450345525145530390e-01 6.765114865533420016e+03
9.450376978516579207e-01 6.401489203764939703e+03
9.450408431887626914e-01 5.998838513193261861e+03
9.450439885258674622e-01 5.599600615765146358e+03
9.450471338629722329e-01 5.197654754512223008e+03
9.450502792000770036e-01 4.798728483902853441e+03
9.450534245371818853e-01 4.404875169544670825e+03
9.450565698742866561e-01 4.024319545038715205e+03
9.450597152113914268e-01 3.641715602847777973e+03
9.450628605484963085e-01 3.271925145074003922e+03
9.450660058856010792e-01 2.927152608903603777e+03
9.450691512227058499e-01 2.586195905776387917e+03
9.450722965598106207e-01 2.261782904044599945e+03
9.450754418969153914e-01 1.951313779469212250e+03
9.450785872340202731e-01 1.676815437939582125e+03
9.450817325711250438e-01 1.419223746619782560e+03
9.450848779082298146e-01 1.190132335997725704e+03
9.450880232453345853e-01 9.709629615979206392e+02
9.450911685824394670e-01 7.787907878144116012e+02
9.450943139195442377e-01 6.193396278370331629e+02
9.450974592566490085e-01 4.774408093534334512e+02
9.451006045937537792e-01 3.591490409291796482e+02
9.451037499308585499e-01 2.697683652878232579e+02
9.451068952679634316e-01 1.984341980120725850e+02
9.451100406050682023e-01 1.414711770034216727e+02
9.451131859421729731e-01 9.897415121390707782e+01
9.451163312792778548e-01 6.867290593689394029e+01
9.451194766163826255e-01 4.625015071773837150e+01
9.451226219534873962e-01 3.027266064663204403e+01
9.451257672905921670e-01 1.880593574524632317e+01
9.451289126276969377e-01 1.040216651914179735e+01
9.451320579648018194e-01 6.359730391498108482e+00
9.451352033019065901e-01 3.819106082180891537e+00
9.451383486390113609e-01 2.302144185808286725e+00
9.451414939761162426e-01 1.100342596608570700e+00
9.451446393132210133e-01 4.876680025854370770e-01
9.451477846503257840e-01 1.683926012107049286e-01
9.451509299874305547e-01 1.106732334908679255e-01
9.451540753245353255e-01 3.960639588470527689e-02
9.451572206616402072e-01 3.020947008720406297e-03
9.451603659987449779e-01 1.456633074969823811e-02
