9.028109335899352494e-01 1.638393217552124744e-05
9.066566300392151501e-01 5.594062448460565151e-07
9.105023264884948286e-01 1.577690965906366393e-05
9.143480229377747293e-01 2.309108160815445145e-05
9.181937193870544078e-01 3.557513291563784395e-05
9.220394158363343085e-01 5.299681992590782775e-05
9.258851122856139870e-01 5.606142099600721788e-05
9.297308087348938876e-01 1.648578167174373564e-04
9.335765051841735662e-01 3.286961052226978629e-04
9.374222016334534668e-01 5.408342062066497568e-04
9.412678980827331454e-01 1.023291061666510180e-03
9.451135945320130460e-01 1.630464038118935831e-03
9.489592909812927246e-01 2.232440555020469286e-03
9.528049874305724032e-01 3.725158252759264155e-03
9.566506838798523038e-01 5.816200893053290709e-03
9.604963803291319824e-01 8.468717205811918461e-03
9.643420767784118830e-01 1.303479874259047717e-02
9.681877732276915616e-01 1.899600539754392817e-02
9.720334696769714622e-01 3.035644089731941858e-02
9.758791661262511408e-01 4.313745698682564661e-02
9.797248625755310414e-01 6.088915772531146992e-02
9.835705590248107200e-01 8.776872523751629018e-02
9.874162554740906206e-01 1.197398301128751313e-01
9.912619519233702992e-01 1.709018946947060968e-01
9.951076483726501998e-01 2.336626160073340952e-01
9.989533448219298783e-01 3.180026604414898372e-01
1.002799041271209557e+00 4.254983046967915072e-01
1.006644737720489458e+00 5.590351738533950732e-01
1.010490434169769358e+00 7.180810166519899784e-01
1.014336130619049037e+00 9.381907045653188337e-01
1.018181827068328715e+00 1.175286018880695726e+00
1.022027523517608616e+00 1.512982724798813905e+00
1.025873219966888517e+00 1.857843690367817935e+00
1.029718916416168195e+00 2.277533410191800556e+00
1.033564612865447874e+00 2.774584725655153683e+00
1.037410309314727774e+00 3.244684552515980869e+00
1.041256005764007675e+00 3.944135992130240354e+00
1.045101702213287354e+00 4.533759953247742835e+00
1.048947398662567032e+00 5.249941494147382315e+00
1.052793095111846933e+00 6.024519142119857840e+00
1.056638791561126833e+00 6.780187790028379347e+00
1.060484488010406512e+00 7.506588774495315697e+00
1.064330184459686190e+00 8.293083729154719919e+00
1.068175880908966091e+00 8.888097930762153709e+00
1.072021577358245992e+00 9.615695896634774087e+00
1.075867273807525670e+00 1.024003598849596308e+01
1.079712970256805349e+00 1.061002919936314903e+01
1.083558666706085249e+00 1.118768149912538057e+01
1.087404363155365150e+00 1.120760778007669245e+01
1.091250059604644829e+00 1.150586027777944231e+01
1.095095756053924507e+00 1.122624218067855217e+01
1.098941452503204186e+00 1.112618490908003110e+01
1.102787148952484308e+00 1.088041950760276322e+01
1.106632845401763987e+00 1.035829540897936418e+01
1.110478541851043666e+00 1.000749268002262760e+01
1.114324238300323344e+00 9.261191040339543434e+00
1.118169934749603245e+00 8.561880987475884552e+00
1.122015631198883145e+00 7.820005569633581288e+00
1.125861327648162824e+00 7.067412564517342233e+00
1.129707024097442503e+00 6.225430372244072252e+00
1.133552720546722403e+00 5.592653517793243267e+00
1.137398416996002304e+00 4.809969956185039308e+00
1.141244113445281982e+00 4.205250992322254078e+00
1.145089809894561661e+00 3.545717492101949642e+00
1.148935506343841562e+00 2.943107233265137790e+00
1.152781202793121462e+00 2.462234425241062841e+00
1.156626899242401141e+00 1.988892290778767169e+00
1.160472595691680819e+00 1.658026568223985198e+00
1.164318292140960720e+00 1.297164254251758297e+00
1.168163988590240621e+00 1.033914173242483470e+00
1.172009685039520299e+00 8.047937612697879661e-01
1.175855381488799978e+00 6.168051744570652861e-01
1.179701077938079656e+00 4.723485294185833516e-01
1.183546774387359779e+00 3.531635832781441220e-01
1.187392470836639458e+00 2.616017804855703122e-01
1.191238167285919136e+00 1.914305356972319794e-01
1.195083863735198815e+00 1.421946385111720612e-01
1.198929560184478937e+00 9.923716217217196101e-02
1.202775256633758616e+00 7.110101299848654854e-02
1.206620953083038295e+00 4.935144885204498233e-02
1.210466649532317973e+00 3.469367471233641975e-02
1.214312345981598096e+00 2.280837268555399935e-02
1.218158042430877774e+00 1.632136990212534194e-02
1.222003738880157453e+00 1.073542969717608021e-02
1.225849435329437132e+00 6.635946630389721532e-03
1.229695131778717032e+00 4.424550357036465681e-03
1.233540828227996933e+00 2.576502912974520249e-03
1.237386524677276611e+00 1.894005963406400700e-03
1.241232221126556290e+00 9.998033302585764091e-04
1.245077917575836191e+00 6.665892670384259691e-04
1.248923614025116091e+00 5.059339287015332878e-04
1.252769310474395770e+00 2.614358899402202240e-04
1.256615006923675448e+00 1.729556529365150496e-04
1.260460703372955349e+00 1.189807715878901407e-04
1.264306399822235250e+00 3.630368913680090924e-05
1.268152096271514928e+00 3.343267625538888049e-05
1.271997792720794607e+00 2.344024172323851802e-05
1.275843489170074285e+00 1.058208449530055869e-05
1.279689185619354408e+00 1.370775868831209514e-06
1.283534882068634086e+00 1.638393720554035633e-05
