1.209146964550018355e+00 5.838248002699811549e-05
1.212981903553008944e+00 4.418693478733359425e-06
1.216816842555999756e+00 1.915701703854644735e-09
1.220651781558990567e+00 4.757563220829821872e-15
1.224486720561981157e+00 6.822580606481324453e-18
1.228321659564971968e+00 2.127855379839416315e-11
1.232156598567962558e+00 3.801565881972539573e-07
1.235991537570953369e+00 3.890504312887833839e-05
1.239826476573944181e+00 2.330837588011843052e-05
1.243661415576934770e+00 7.292773153200946240e-05
1.247496354579925582e+00 2.352513985483869617e-04
1.251331293582916171e+00 3.542820272149929889e-04
1.255166232585906982e+00 5.815543437419714873e-04
1.259001171588897794e+00 6.147398440057310785e-04
1.262836110591888383e+00 1.472086341059100937e-03
1.266671049594879195e+00 2.500146144186319967e-03
1.270505988597869784e+00 3.666775161502692452e-03
1.274340927600860596e+00 5.078465713641033309e-03
1.278175866603851407e+00 7.368734147756350605e-03
1.282010805606841997e+00 1.196016724267237250e-02
1.285845744609832808e+00 1.690079155381533221e-02
1.289680683612823398e+00 2.494317812711703206e-02
1.293515622615814209e+00 3.559653434424283475e-02
1.297350561618805020e+00 5.121465988083900162e-02
1.301185500621795610e+00 7.509222111633251373e-02
1.305020439624786421e+00 1.038774331304334192e-01
1.308855378627777011e+00 1.425407908191667905e-01
1.312690317630767822e+00 1.935488331412109353e-01
1.316525256633758634e+00 2.626107543781496800e-01
1.320360195636749223e+00 3.524226906447704422e-01
1.324195134639740035e+00 4.643352129447997911e-01
1.328030073642730624e+00 6.097421064038732741e-01
1.331865012645721436e+00 7.955310671127372446e-01
1.335699951648712247e+00 1.013481696688171896e+00
1.339534890651702836e+00 1.278014705981927346e+00
1.343369829654693648e+00 1.580301137149736634e+00
1.347204768657684237e+00 1.937536886442661643e+00
1.351039707660675049e+00 2.362745091082266047e+00
1.354874646663665860e+00 2.822916476462013158e+00
1.358709585666656450e+00 3.362908222023002658e+00
1.362544524669647261e+00 3.969247929671472441e+00
1.366379463672637851e+00 4.620941722553612685e+00
1.370214402675628662e+00 5.291989454909406199e+00
1.374049341678619474e+00 6.060959400509984718e+00
1.377884280681610063e+00 6.745557688039844457e+00
1.381719219684600874e+00 7.540576275524272454e+00
1.385554158687591464e+00 8.194345950893701769e+00
1.389389097690582275e+00 8.878664345634758703e+00
1.393224036693573087e+00 9.568960845026591500e+00
1.397058975696563676e+00 1.002070447318313207e+01
1.400893914699554488e+00 1.055097211598300788e+01
1.404728853702545077e+00 1.086514887252831585e+01
1.408563792705535889e+00 1.108873702877476397e+01
1.412398731708526700e+00 1.113967626385751863e+01
1.416233670711517290e+00 1.111259228301157442e+01
1.420068609714508101e+00 1.094013907921877404e+01
1.423903548717498690e+00 1.071987185613428117e+01
1.427738487720489502e+00 1.021638096443080990e+01
1.431573426723480313e+00 9.789660226101476681e+00
1.435408365726470903e+00 9.175290936917875229e+00
1.439243304729461714e+00 8.526619317562055045e+00
1.443078243732452304e+00 7.884965157336821129e+00
1.446913182735443115e+00 7.059364007641409700e+00
1.450748121738433927e+00 6.415989180122311453e+00
1.454583060741424516e+00 5.645024364390403449e+00
1.458417999744415328e+00 4.962013242180836947e+00
1.462252938747405917e+00 4.303949682669953702e+00
1.466087877750396729e+00 3.664604657669257026e+00
1.469922816753387540e+00 3.100234937488950404e+00
1.473757755756378129e+00 2.579547030249242034e+00
1.477592694759368941e+00 2.119377065325453113e+00
1.481427633762359530e+00 1.737243392977401601e+00
1.485262572765350342e+00 1.414888465796525052e+00
1.489097511768341153e+00 1.123018969189829797e+00
1.492932450771331743e+00 8.936733750972671864e-01
1.496767389774322554e+00 6.801384496729083740e-01
1.500602328777313144e+00 5.283069800267202742e-01
1.504437267780303955e+00 4.051636617841496424e-01
1.508272206783294767e+00 3.070594579583002526e-01
1.512107145786285356e+00 2.266591870134717079e-01
1.515942084789276167e+00 1.665620242325441813e-01
1.519777023792266757e+00 1.221830401772073527e-01
1.523611962795257568e+00 8.543066138274593713e-02
1.527446901798248380e+00 5.865466028878804639e-02
1.531281840801238969e+00 3.990432812855967959e-02
1.535116779804229781e+00 2.823806658888135604e-02
1.538951718807220370e+00 2.043985109127751179e-02
1.542786657810211182e+00 1.322923454349656316e-02
1.546621596813201993e+00 8.820131259909144705e-03
1.550456535816192583e+00 6.210293832045393064e-03
1.554291474819183394e+00 4.247952375492887803e-03
1.558126413822173983e+00 2.595599000580061256e-03
1.561961352825164795e+00 2.101030921975152298e-03
1.565796291828155606e+00 1.092937196641223258e-03
1.569631230831146196e+00 6.258380353759299217e-04
1.573466169834137007e+00 7.041542609051232651e-04
1.577301108837127597e+00 3.330978744178895220e-04
1.581136047840118408e+00 1.380202647319373637e-04
1.584970986843109220e+00 2.702214743410742996e-05
1.588805925846099809e+00 5.843501730165970352e-05
