9.301501160860061734e-01 1.396859176332300185e-03
9.304511684179306297e-01 3.921095614307256415e-03
9.307522207498550859e-01 9.046483439823518879e-03
9.310532730817795422e-01 1.652548941962034279e-02
9.313543254137038874e-01 3.243888813017520301e-02
9.316553777456283436e-01 5.779012523892514130e-02
9.319564300775527999e-01 9.808344478042786696e-02
9.322574824094772561e-01 1.508759489990797176e-01
9.325585347414017123e-01 2.276757119004357288e-01
9.328595870733260575e-01 3.152900428878268602e-01
9.331606394052505138e-01 4.923336046792418652e-01
9.334616917371749700e-01 7.565520016737787845e-01
9.337627440690994263e-01 1.120384860529206827e+00
9.340637964010238825e-01 1.603485088967351313e+00
9.343648487329483387e-01 2.055996655045493782e+00
9.346659010648727950e-01 2.517150649505722093e+00
9.349669533967971402e-01 4.034235751877695009e+00
9.352680057287215964e-01 4.689968044371802591e+00
9.355690580606460527e-01 6.191996043598702038e+00
9.358701103925705089e-01 7.479770593762555819e+00
9.361711627244949652e-01 9.577383825719060439e+00
9.364722150564193104e-01 1.234379406251472489e+01
9.367732673883437666e-01 1.558609269641836015e+01
9.370743197202682229e-01 1.498027634145839926e+01
9.373753720521926791e-01 1.755413341967141250e+01
9.376764243841171353e-01 2.003418885599744215e+01
9.379774767160415916e-01 2.197031518106053838e+01
9.382785290479660478e-01 2.776437001919989811e+01
9.385795813798905041e-01 3.186591891662208198e+01
9.388806337118148493e-01 3.168720852862004023e+01
9.391816860437393055e-01 3.714915148463465044e+01
9.394827383756637618e-01 4.288601851077910254e+01
9.397837907075882180e-01 4.186398431258533037e+01
9.400848430395126742e-01 4.666267509907143562e+01
9.403858953714370195e-01 5.396430888203471454e+01
9.406869477033614757e-01 6.290506819674568817e+01
9.409880000352859319e-01 6.165536412141405265e+01
9.412890523672103882e-01 6.620012081875584897e+01
9.415901046991348444e-01 7.450496100921003517e+01
9.418911570310593007e-01 7.710776916826614524e+01
9.421922093629837569e-01 7.023905974137335306e+01
9.424932616949081021e-01 7.196929502094880604e+01
9.427943140268325584e-01 8.121954313157355898e+01
9.430953663587570146e-01 7.481525780655216806e+01
9.433964186906814708e-01 8.507061465969809433e+01
9.436974710226059271e-01 1.075844441559774225e+02
9.439985233545302723e-01 1.035472651826525237e+02
9.442995756864547285e-01 9.492003309686420209e+01
9.446006280183791848e-01 8.989445107315941641e+01
9.449016803503036410e-01 8.542889580531206661e+01
9.452027326822280973e-01 9.123816362117106848e+01
9.455037850141525535e-01 9.381713064123253787e+01
9.458048373460770097e-01 9.506832068681909220e+01
9.461058896780014660e-01 8.289070601217318313e+01
9.464069420099258112e-01 7.975083384173430545e+01
9.467079943418502674e-01 8.461673195610180187e+01
9.470090466737747237e-01 8.620830892326659978e+01
9.473100990056991799e-01 7.422904635926495587e+01
9.476111513376236362e-01 8.379825825668127948e+01
9.479122036695479814e-01 7.942332697811963271e+01
9.482132560014724376e-01 6.783012710750405461e+01
9.485143083333968939e-01 6.311478263997808824e+01
9.488153606653213501e-01 6.464834264894930982e+01
9.491164129972458063e-01 6.603181160081925327e+01
9.494174653291702626e-01 5.873282689919585664e+01
9.497185176610947188e-01 4.913008169524842117e+01
9.500195699930190640e-01 5.175063739965954568e+01
9.503206223249435203e-01 4.395650877674727752e+01
9.506216746568679765e-01 3.828720403413258566e+01
9.509227269887924328e-01 3.526012620080433635e+01
9.512237793207168890e-01 3.452646639670166451e+01
9.515248316526412342e-01 3.092274055463220606e+01
9.518258839845656905e-01 2.808931294770772880e+01
9.521269363164901467e-01 2.291557668930258984e+01
9.524279886484146029e-01 1.989936738681412720e+01
9.527290409803390592e-01 1.936307514347845071e+01
9.530300933122635154e-01 1.547589012690130517e+01
9.533311456441879717e-01 1.341680022328311672e+01
9.536321979761124279e-01 1.072329500118463486e+01
9.539332503080367731e-01 8.883401032982247258e+00
9.542343026399612294e-01 7.298212418191909023e+00
9.545353549718856856e-01 6.057281568456767573e+00
9.548364073038101418e-01 3.801808227854679423e+00
9.551374596357345981e-01 3.668063221148033737e+00
9.554385119676589433e-01 2.767701328794381244e+00
9.557395642995833995e-01 1.817891503379788221e+00
9.560406166315078558e-01 1.371638105325393653e+00
9.563416689634323120e-01 9.847766374453653659e-01
9.566427212953567683e-01 6.659765475718524286e-01
9.569437736272812245e-01 4.718624706957767478e-01
9.572448259592056807e-01 3.206124479673773120e-01
9.575458782911300259e-01 1.968144506611572697e-01
9.578469306230544822e-01 1.033785817883960956e-01
9.581479829549789384e-01 6.495273320549740936e-02
9.584490352869033947e-01 4.164624950107730095e-02
9.587500876188278509e-01 2.545485778961461068e-02
9.590511399507521961e-01 1.421294120202827582e-02
9.593521922826766524e-01 1.051279618562713999e-02
9.596532446146011086e-01 5.142472634669448435e-03
9.599542969465255648e-01 1.743171442843180268e-03
