2.499999944120645523e-02 0.000000000000000000e+00
7.499999832361936569e-02 0.000000000000000000e+00
1.249999925494194031e-01 0.000000000000000000e+00
1.750000007450580597e-01 0.000000000000000000e+00
2.249999903142452240e-01 0.000000000000000000e+00
2.749999985098838806e-01 0.000000000000000000e+00
3.249999880790710449e-01 0.000000000000000000e+00
3.750000149011611938e-01 0.000000000000000000e+00
4.249999672174453735e-01 0.000000000000000000e+00
4.749999940395355225e-01 0.000000000000000000e+00
5.249999836087226868e-01 0.000000000000000000e+00
5.749999731779098511e-01 0.000000000000000000e+00
6.250000000000000000e-01 0.000000000000000000e+00
6.749999523162841797e-01 0.000000000000000000e+00
7.249999791383743286e-01 0.000000000000000000e+00
7.750000059604644775e-01 0.000000000000000000e+00
8.249999582767486572e-01 0.000000000000000000e+00
8.749999850988388062e-01 0.000000000000000000e+00
9.250000119209289551e-01 0.000000000000000000e+00
9.749999642372131348e-01 0.000000000000000000e+00
1.024999916553497314e+00 0.000000000000000000e+00
1.075000017881393433e+00 0.000000000000000000e+00
1.124999970197677612e+00 0.000000000000000000e+00
1.174999922513961792e+00 0.000000000000000000e+00
1.225000023841857910e+00 0.000000000000000000e+00
1.274999976158142090e+00 0.000000000000000000e+00
1.324999928474426270e+00 0.000000000000000000e+00
1.374999880790710449e+00 0.000000000000000000e+00
1.424999982118606567e+00 0.000000000000000000e+00
1.474999934434890747e+00 0.000000000000000000e+00
1.525000035762786865e+00 0.000000000000000000e+00
1.574999988079071045e+00 0.000000000000000000e+00
1.624999940395355225e+00 0.000000000000000000e+00
1.674999892711639404e+00 0.000000000000000000e+00
1.724999994039535522e+00 0.000000000000000000e+00
1.774999946355819702e+00 0.000000000000000000e+00
1.825000047683715820e+00 0.000000000000000000e+00
1.875000000000000000e+00 0.000000000000000000e+00
1.924999952316284180e+00 0.000000000000000000e+00
1.974999904632568359e+00 0.000000000000000000e+00
2.024999856948852539e+00 0.000000000000000000e+00
2.074999958276748657e+00 0.000000000000000000e+00
2.124999910593032837e+00 0.000000000000000000e+00
2.175000011920928955e+00 0.000000000000000000e+00
2.224999964237213135e+00 0.000000000000000000e+00
2.274999916553497314e+00 0.000000000000000000e+00
2.324999868869781494e+00 0.000000000000000000e+00
2.374999970197677612e+00 0.000000000000000000e+00
2.424999922513961792e+00 7.851925993236363865e-04
2.475000023841857910e+00 1.417697349097579718e-02
2.524999976158142090e+00 1.250433917157351971e-01
2.574999928474426270e+00 5.357752107083797455e-01
2.624999880790710449e+00 1.422465026378631592e+00
2.674999833106994629e+00 2.634525239467620850e+00
2.724999785423278809e+00 3.708795070648193359e+00
2.775000035762786865e+00 4.267904579639434814e+00
2.824999988079071045e+00 4.261784225702285767e+00
2.874999940395355225e+00 3.847721651196479797e+00
2.924999892711639404e+00 3.223966151475906372e+00
2.974999845027923584e+00 2.578250870108604431e+00
3.025000095367431641e+00 2.013935349881649017e+00
3.075000047683715820e+00 1.544847846031188965e+00
3.125000000000000000e+00 1.187266893684864044e+00
3.174999952316284180e+00 9.228948168456554413e-01
3.224999904632568359e+00 7.229639925062656403e-01
3.274999856948852539e+00 5.849620588123798370e-01
3.324999809265136719e+00 4.831451065838336945e-01
3.374999761581420898e+00 4.096126463264226913e-01
3.425000011920928955e+00 3.620499689131975174e-01
3.474999964237213135e+00 3.273704219609498978e-01
3.524999916553497314e+00 3.053122367709875107e-01
3.574999868869781494e+00 2.946927137672901154e-01
3.624999821186065674e+00 2.906220722943544388e-01
3.675000071525573730e+00 2.941503636538982391e-01
3.725000023841857910e+00 3.000296503305435181e-01
3.774999976158142090e+00 3.106512650847434998e-01
3.824999928474426270e+00 3.221916519105434418e-01
3.874999880790710449e+00 3.435343056917190552e-01
3.924999833106994629e+00 3.645948190242052078e-01
3.974999785423278809e+00 3.856413625180721283e-01
4.024999737739562988e+00 4.115189071744680405e-01
4.074999988079071045e+00 4.418843481689691544e-01
4.124999940395355225e+00 4.697716701775789261e-01
4.174999892711639404e+00 5.063461512327194214e-01
4.224999845027923584e+00 5.455811023712158203e-01
4.274999797344207764e+00 5.859665125608444214e-01
4.325000047683715820e+00 6.341714113950729370e-01
4.375000000000000000e+00 6.824856027960777283e-01
4.424999952316284180e+00 7.339878864586353302e-01
4.474999904632568359e+00 7.843259759247303009e-01
4.524999856948852539e+00 8.359559401869773865e-01
4.574999809265136719e+00 8.802459724247455597e-01
4.624999761581420898e+00 9.159860573709011078e-01
4.675000011920928955e+00 9.472781382501125336e-01
4.724999964237213135e+00 9.709897637367248535e-01
4.774999916553497314e+00 9.911179430782794952e-01
4.824999868869781494e+00 1.005654562264680862e+00
4.874999821186065674e+00 1.014566399157047272e+00
4.924999773502349854e+00 1.022425591945648193e+00
4.975000023841857910e+00 1.026473961770534515e+00
5.024999976158142090e+00 1.028622195124626160e+00
5.074999928474426270e+00 1.031033113598823547e+00
5.124999880790710449e+00 1.028218165040016174e+00
5.174999833106994629e+00 1.022913157939910889e+00
5.224999785423278809e+00 1.014123998582363129e+00
5.274999737739562988e+00 1.013057500123977661e+00
5.324999690055847168e+00 1.000815205276012421e+00
5.374999642372131348e+00 9.911802932620048523e-01
5.425000190734863281e+00 9.789648763835430145e-01
5.475000143051147461e+00 9.682333804666996002e-01
5.525000095367431641e+00 9.581685289740562439e-01
5.575000047683715820e+00 9.455140009522438049e-01
5.625000000000000000e+00 9.377556145191192627e-01
5.674999952316284180e+00 9.317490644752979279e-01
5.724999904632568359e+00 9.220941998064517975e-01
5.774999856948852539e+00 9.183428958058357239e-01
5.824999809265136719e+00 9.135283455252647400e-01
5.874999761581420898e+00 9.120730347931385040e-01
5.924999713897705078e+00 9.094016514718532562e-01
5.974999666213989258e+00 9.101139195263385773e-01
6.024999618530273438e+00 9.102537147700786591e-01
6.074999570846557617e+00 9.118652306497097015e-01
6.125000119209289551e+00 9.118546210229396820e-01
6.175000071525573730e+00 9.136559106409549713e-01
6.225000023841857910e+00 9.154518395662307739e-01
6.274999976158142090e+00 9.204469732940196991e-01
6.324999928474426270e+00 9.272348880767822266e-01
6.374999880790710449e+00 9.325141832232475281e-01
6.424999833106994629e+00 9.418999291956424713e-01
6.474999785423278809e+00 9.463139064610004425e-01
6.524999737739562988e+00 9.561739824712276459e-01
6.574999690055847168e+00 9.621029384434223175e-01
6.624999642372131348e+00 9.736905246973037720e-01
6.674999594688415527e+00 9.822550117969512939e-01
6.725000143051147461e+00 9.970798380672931671e-01
6.775000095367431641e+00 1.001635581254959106e+00
6.825000047683715820e+00 1.011243060231208801e+00
6.875000000000000000e+00 1.018793687224388123e+00
6.924999952316284180e+00 1.027261726558208466e+00
6.974999904632568359e+00 1.034363768994808197e+00
7.024999856948852539e+00 1.040750488638877869e+00
7.074999809265136719e+00 1.044969879090785980e+00
7.124999761581420898e+00 1.050703540444374084e+00
7.174999713897705078e+00 1.051747038960456848e+00
7.224999666213989258e+00 1.054175257682800293e+00
7.274999618530273438e+00 1.054585345089435577e+00
7.324999570846557617e+00 1.051720574498176575e+00
7.374999523162841797e+00 1.055794596672058105e+00
7.425000071525573730e+00 1.051284097135066986e+00
7.475000023841857910e+00 1.049093648791313171e+00
7.524999976158142090e+00 1.046151563525199890e+00
7.574999928474426270e+00 1.046808362007141113e+00
7.624999880790710449e+00 1.041126281023025513e+00
7.674999833106994629e+00 1.040958367288112640e+00
7.724999785423278809e+00 1.036471508443355560e+00
7.774999737739562988e+00 1.035233654081821442e+00
7.824999690055847168e+00 1.032030798494815826e+00
7.874999642372131348e+00 1.030047833919525146e+00
7.924999594688415527e+00 1.026937142014503479e+00
7.974999547004699707e+00 1.025788076221942902e+00
8.025000095367431641e+00 1.024074435234069824e+00
8.075000047683715820e+00 1.024464510381221771e+00
8.125000000000000000e+00 1.022815912961959839e+00
8.174999952316284180e+00 1.021891765296459198e+00
8.224999904632568359e+00 1.019144646823406219e+00
8.274999856948852539e+00 1.017956621944904327e+00
8.324999809265136719e+00 1.020371623337268829e+00
8.374999761581420898e+00 1.018629707396030426e+00
8.424999713897705078e+00 1.018830180168151855e+00
8.474999666213989258e+00 1.020343229174613953e+00
8.524999618530273438e+00 1.021098554134368896e+00
8.574999570846557617e+00 1.021006524562835693e+00
8.624999523162841797e+00 1.019051052629947662e+00
8.675000071525573730e+00 1.022805742919445038e+00
8.725000023841857910e+00 1.020842786878347397e+00
8.774999976158142090e+00 1.021984584629535675e+00
8.824999928474426270e+00 1.022174209356307983e+00
8.874999880790710449e+00 1.022901371121406555e+00
8.924999833106994629e+00 1.021872043609619141e+00
8.974999785423278809e+00 1.025044836103916168e+00
9.024999737739562988e+00 1.025913000106811523e+00
9.074999690055847168e+00 1.024463862180709839e+00
9.124999642372131348e+00 1.024709060788154602e+00
9.174999594688415527e+00 1.025446735322475433e+00
9.224999547004699707e+00 1.026392221450805664e+00
9.275000095367431641e+00 1.024992898106575012e+00
9.325000047683715820e+00 1.025773599743843079e+00
9.375000000000000000e+00 1.025260403752326965e+00
9.424999952316284180e+00 1.026429168879985809e+00
9.474999904632568359e+00 1.021918728947639465e+00
9.524999856948852539e+00 1.023717164993286133e+00
9.574999809265136719e+00 1.021085940301418304e+00
9.624999761581420898e+00 1.020462222397327423e+00
9.674999713897705078e+00 1.019909471273422241e+00
9.724999666213989258e+00 1.016827650368213654e+00
9.774999618530273438e+00 1.016036510467529297e+00
9.824999570846557617e+00 1.012904249131679535e+00
9.874999523162841797e+00 1.013971328735351562e+00
9.924999475479125977e+00 1.011707317084074020e+00
9.975000023841857910e+00 1.010385490953922272e+00
1.002500057220458984e+01 1.008134722709655762e+00
1.007499933242797852e+01 1.006244555115699768e+00
1.012500047683715820e+01 1.005228284746408463e+00
1.017499923706054688e+01 1.003311626613140106e+00
1.022500038146972656e+01 1.001166768372058868e+00
1.027499914169311523e+01 1.002061277627944946e+00
1.032500028610229492e+01 1.000979948788881302e+00
1.037499904632568359e+01 9.988480284810066223e-01
1.042500019073486328e+01 9.992759563028812408e-01
1.047499895095825195e+01 9.975681938230991364e-01
1.052500009536743164e+01 9.971404261887073517e-01
1.057499885559082031e+01 9.965328536927700043e-01
1.062500000000000000e+01 9.942542314529418945e-01
1.067499876022338867e+01 9.951184876263141632e-01
1.072499990463256836e+01 9.949207827448844910e-01
1.077499866485595703e+01 9.933650232851505280e-01
1.082499980926513672e+01 9.933504089713096619e-01
1.087499976158142090e+01 9.946610890328884125e-01
1.092499971389770508e+01 9.926829338073730469e-01
1.097500085830688477e+01 9.945950210094451904e-01
1.102499961853027344e+01 9.932878687977790833e-01
1.107500076293945312e+01 9.942497275769710541e-01
1.112499952316284180e+01 9.926726818084716797e-01
1.117500066757202148e+01 9.942260719835758209e-01
1.122499942779541016e+01 9.941621460020542145e-01
1.127500057220458984e+01 9.932503998279571533e-01
1.132499933242797852e+01 9.956190697848796844e-01
1.137500047683715820e+01 9.964457377791404724e-01
1.142499923706054688e+01 9.949414469301700592e-01
1.147500038146972656e+01 9.962875321507453918e-01
1.152499914169311523e+01 9.955578744411468506e-01
1.157500028610229492e+01 9.967296682298183441e-01
1.162499904632568359e+01 9.954836256802082062e-01
1.167500019073486328e+01 9.965891800820827484e-01
1.172499895095825195e+01 9.958442561328411102e-01
1.177500009536743164e+01 9.959172084927558899e-01
1.182499885559082031e+01 9.975958131253719330e-01
1.187500000000000000e+01 9.979989230632781982e-01
1.192499876022338867e+01 9.977425858378410339e-01
1.197499990463256836e+01 9.968589022755622864e-01
1.202499866485595703e+01 9.975164681673049927e-01
1.207499980926513672e+01 9.969275370240211487e-01
1.212499856948852539e+01 9.981360249221324921e-01
1.217499971389770508e+01 9.970426596701145172e-01
1.222500085830688477e+01 9.975591413676738739e-01
1.227499961853027344e+01 9.978518150746822357e-01
1.232500076293945312e+01 9.966120831668376923e-01
1.237499952316284180e+01 9.981952384114265442e-01
1.242500066757202148e+01 9.987193346023559570e-01
1.247499942779541016e+01 9.974931515753269196e-01
