2.499999944120645523e-02 0.000000000000000000e+00
7.499999832361936569e-02 0.000000000000000000e+00
1.249999925494194031e-01 0.000000000000000000e+00
1.750000007450580597e-01 0.000000000000000000e+00
2.249999903142452240e-01 0.000000000000000000e+00
2.749999985098838806e-01 0.000000000000000000e+00
3.249999880790710449e-01 0.000000000000000000e+00
3.750000149011611938e-01 0.000000000000000000e+00
4.249999672174453735e-01 0.000000000000000000e+00
4.749999940395355225e-01 0.000000000000000000e+00
5.249999836087226868e-01 0.000000000000000000e+00
5.749999731779098511e-01 0.000000000000000000e+00
6.250000000000000000e-01 0.000000000000000000e+00
6.749999523162841797e-01 0.000000000000000000e+00
7.249999791383743286e-01 0.000000000000000000e+00
7.750000059604644775e-01 0.000000000000000000e+00
8.249999582767486572e-01 0.000000000000000000e+00
8.749999850988388062e-01 0.000000000000000000e+00
9.250000119209289551e-01 0.000000000000000000e+00
9.749999642372131348e-01 0.000000000000000000e+00
1.024999916553497314e+00 0.000000000000000000e+00
1.075000017881393433e+00 0.000000000000000000e+00
1.124999970197677612e+00 0.000000000000000000e+00
1.174999922513961792e+00 0.000000000000000000e+00
1.225000023841857910e+00 0.000000000000000000e+00
1.274999976158142090e+00 0.000000000000000000e+00
1.324999928474426270e+00 0.000000000000000000e+00
1.374999880790710449e+00 0.000000000000000000e+00
1.424999982118606567e+00 0.000000000000000000e+00
1.474999934434890747e+00 0.000000000000000000e+00
1.525000035762786865e+00 0.000000000000000000e+00
1.574999988079071045e+00 0.000000000000000000e+00
1.624999940395355225e+00 0.000000000000000000e+00
1.674999892711639404e+00 0.000000000000000000e+00
1.724999994039535522e+00 0.000000000000000000e+00
1.774999946355819702e+00 0.000000000000000000e+00
1.825000047683715820e+00 0.000000000000000000e+00
1.875000000000000000e+00 0.000000000000000000e+00
1.924999952316284180e+00 0.000000000000000000e+00
1.974999904632568359e+00 0.000000000000000000e+00
2.024999856948852539e+00 0.000000000000000000e+00
2.074999958276748657e+00 0.000000000000000000e+00
2.124999910593032837e+00 0.000000000000000000e+00
2.175000011920928955e+00 0.000000000000000000e+00
2.224999964237213135e+00 0.000000000000000000e+00
2.274999916553497314e+00 0.000000000000000000e+00
2.324999868869781494e+00 0.000000000000000000e+00
2.374999970197677612e+00 0.000000000000000000e+00
2.424999922513961792e+00 2.994011992996092886e-05
2.475000023841857910e+00 5.933133670623647049e-04
2.524999976158142090e+00 5.764970090240240097e-03
2.574999928474426270e+00 2.880888234358280897e-02
2.624999880790710449e+00 9.239371260628104210e-02
2.674999833106994629e+00 2.146876258775591850e-01
2.724999785423278809e+00 3.933418169617652893e-01
2.775000035762786865e+00 6.065411642193794250e-01
2.824999988079071045e+00 8.271716497838497162e-01
2.874999940395355225e+00 1.033476531505584717e+00
2.924999892711639404e+00 1.212408162653446198e+00
2.974999845027923584e+00 1.360429137945175171e+00
3.025000095367431641e+00 1.479977048933506012e+00
3.075000047683715820e+00 1.574738524854183197e+00
3.125000000000000000e+00 1.649949602782726288e+00
3.174999952316284180e+00 1.710300877690315247e+00
3.224999904632568359e+00 1.759075827896595001e+00
3.274999856948852539e+00 1.799771420657634735e+00
3.324999809265136719e+00 1.834422126412391663e+00
3.374999761581420898e+00 1.864688090980052948e+00
3.425000011920928955e+00 1.892235994338989258e+00
3.474999964237213135e+00 1.917877711355686188e+00
3.524999916553497314e+00 1.942485496401786804e+00
3.574999868869781494e+00 1.966918610036373138e+00
3.624999821186065674e+00 1.991692557930946350e+00
3.675000071525573730e+00 2.017460510134696960e+00
3.725000023841857910e+00 2.044467985630035400e+00
3.774999976158142090e+00 2.073186054825782776e+00
3.824999928474426270e+00 2.103762432932853699e+00
3.874999880790710449e+00 2.137222990393638611e+00
3.924999833106994629e+00 2.173657104372978210e+00
3.974999785423278809e+00 2.213184565305709839e+00
4.024999737739562988e+00 2.256430074572563171e+00
4.074999988079071045e+00 2.304032370448112488e+00
4.124999940395355225e+00 2.355884164571762085e+00
4.174999892711639404e+00 2.413140162825584412e+00
4.224999845027923584e+00 2.476316586136817932e+00
4.274999797344207764e+00 2.545783385634422302e+00
4.325000047683715820e+00 2.622735962271690369e+00
4.375000000000000000e+00 2.707472488284111023e+00
4.424999952316284180e+00 2.800698056817054749e+00
4.474999904632568359e+00 2.902583524584770203e+00
4.524999856948852539e+00 3.013617739081382751e+00
4.574999809265136719e+00 3.133135929703712463e+00
4.624999761581420898e+00 3.260234996676445007e+00
4.675000011920928955e+00 3.394533142447471619e+00
4.724999964237213135e+00 3.535153657197952271e+00
4.774999916553497314e+00 3.681743741035461426e+00
4.824999868869781494e+00 3.833616226911544800e+00
4.874999821186065674e+00 3.990023896098136902e+00
4.924999773502349854e+00 4.150893688201904297e+00
4.975000023841857910e+00 4.315703302621841431e+00
5.024999976158142090e+00 4.484184116125106812e+00
5.074999928474426270e+00 4.656439602375030518e+00
5.124999880790710449e+00 4.831622689962387085e+00
5.174999833106994629e+00 5.009319067001342773e+00
5.224999785423278809e+00 5.188919335603713989e+00
5.274999737739562988e+00 5.371782839298248291e+00
5.324999690055847168e+00 5.555870413780212402e+00
5.374999642372131348e+00 5.741625607013702393e+00
5.425000190734863281e+00 5.928516238927841187e+00
5.475000143051147461e+00 6.116788685321807861e+00
5.525000095367431641e+00 6.306519180536270142e+00
5.575000047683715820e+00 6.497146427631378174e+00
5.625000000000000000e+00 6.689614325761795044e+00
5.674999952316284180e+00 6.884263277053833008e+00
5.724999904632568359e+00 7.080306649208068848e+00
5.774999856948852539e+00 7.278975009918212891e+00
5.824999809265136719e+00 7.480046898126602173e+00
5.874999761581420898e+00 7.684254676103591919e+00
5.924999713897705078e+00 7.891345441341400146e+00
5.974999666213989258e+00 8.102109909057617188e+00
6.024999618530273438e+00 8.316452264785766602e+00
6.074999570846557617e+00 8.534754037857055664e+00
6.125000119209289551e+00 8.756656944751739502e+00
6.175000071525573730e+00 8.982645869255065918e+00
6.225000023841857910e+00 9.212752223014831543e+00
6.274999976158142090e+00 9.447852909564971924e+00
6.324999928474426270e+00 9.688479900360107422e+00
6.374999880790710449e+00 9.934310674667358398e+00
6.424999833106994629e+00 1.018652504682540894e+01
6.474999785423278809e+00 1.044388580322265625e+01
6.524999737739562988e+00 1.070796710252761841e+01
6.574999690055847168e+00 1.097777146100997925e+01
6.624999642372131348e+00 1.125498598814010620e+01
6.674999594688415527e+00 1.153887975215911865e+01
6.725000143051147461e+00 1.183140146732330322e+01
6.775000095367431641e+00 1.212962824106216431e+01
6.825000047683715820e+00 1.243518275022506714e+01
6.875000000000000000e+00 1.274754780530929565e+01
6.924999952316284180e+00 1.306709843873977661e+01
6.974999904632568359e+00 1.339352673292160034e+01
7.024999856948852539e+00 1.372669017314910889e+01
7.074999809265136719e+00 1.406599378585815430e+01
7.124999761581420898e+00 1.441199600696563721e+01
7.174999713897705078e+00 1.476323121786117554e+01
7.224999666213989258e+00 1.512019550800323486e+01
7.274999618530273438e+00 1.548225599527359009e+01
7.324999570846557617e+00 1.584831339120864868e+01
7.374999523162841797e+00 1.622082817554473877e+01
7.425000071525573730e+00 1.659678947925567627e+01
7.475000023841857910e+00 1.697703540325164795e+01
7.524999976158142090e+00 1.736130845546722412e+01
7.574999928474426270e+00 1.775093829631805420e+01
7.624999880790710449e+00 1.814359569549560547e+01
7.674999833106994629e+00 1.854135239124298096e+01
7.724999785423278809e+00 1.894257414340972900e+01
7.774999737739562988e+00 1.934851491451263428e+01
7.824999690055847168e+00 1.975842392444610596e+01
7.874999642372131348e+00 2.017280328273773193e+01
7.924999594688415527e+00 2.059118998050689697e+01
7.974999547004699707e+00 2.101439666748046875e+01
8.025000095367431641e+00 2.144220650196075439e+01
8.075000047683715820e+00 2.187552368640899658e+01
8.125000000000000000e+00 2.231352782249450684e+01
8.174999952316284180e+00 2.275654423236846924e+01
8.224999904632568359e+00 2.320376777648925781e+01
8.274999856948852539e+00 2.365593361854553223e+01
8.324999809265136719e+00 2.411465978622436523e+01
8.374999761581420898e+00 2.457812619209289551e+01
8.424999713897705078e+00 2.504723429679870605e+01
8.474999666213989258e+00 2.552262699604034424e+01
8.524999618530273438e+00 2.600400543212890625e+01
8.574999570846557617e+00 2.649099838733673096e+01
8.624999523162841797e+00 2.698274803161621094e+01
8.675000071525573730e+00 2.748205542564392090e+01
8.725000023841857910e+00 2.798616099357604980e+01
8.774999976158142090e+00 2.849662756919860840e+01
8.824999928474426270e+00 2.901301348209381104e+01
8.874999880790710449e+00 2.953565919399261475e+01
8.924999833106994629e+00 3.006366550922393799e+01
8.974999785423278809e+00 3.059926390647888184e+01
9.024999737739562988e+00 3.114130747318267822e+01
9.074999690055847168e+00 3.168859851360321045e+01
9.124999642372131348e+00 3.224206924438476562e+01
9.174999594688415527e+00 3.280201911926269531e+01
9.224999547004699707e+00 3.336861371994018555e+01
9.275000095367431641e+00 3.394058656692504883e+01
9.325000047683715820e+00 3.451918601989746094e+01
9.375000000000000000e+00 3.510371041297912598e+01
9.424999952316284180e+00 3.569516968727111816e+01
9.474999904632568359e+00 3.629029011726379395e+01
9.524999856948852539e+00 3.689276909828186035e+01
9.574999809265136719e+00 3.750003576278686523e+01
9.624999761581420898e+00 3.811326694488525391e+01
9.674999713897705078e+00 3.873255610466003418e+01
9.724999666213989258e+00 3.935637378692626953e+01
9.774999618530273438e+00 3.998612093925476074e+01
9.824999570846557617e+00 4.062036395072937012e+01
9.874999523162841797e+00 4.126176524162292480e+01
9.924999475479125977e+00 4.190824174880981445e+01
9.975000023841857910e+00 4.256040048599243164e+01
1.002500057220458984e+01 4.321762871742248535e+01
1.007499933242797852e+01 4.388018894195556641e+01
1.012500047683715820e+01 4.454865670204162598e+01
1.017499923706054688e+01 4.522245597839355469e+01
1.022500038146972656e+01 4.590144705772399902e+01
1.027499914169311523e+01 4.658770561218261719e+01
1.032500028610229492e+01 4.727990221977233887e+01
1.037499904632568359e+01 4.797732925415039062e+01
1.042500019073486328e+01 4.868179488182067871e+01
1.047499895095825195e+01 4.939183115959167480e+01
1.052500009536743164e+01 5.010835433006286621e+01
1.057499885559082031e+01 5.083126544952392578e+01
1.062500000000000000e+01 5.155934524536132812e+01
1.067499876022338867e+01 5.229493904113769531e+01
1.072499990463256836e+01 5.303730177879333496e+01
1.077499866485595703e+01 5.378540968894958496e+01
1.082499980926513672e+01 5.454048609733581543e+01
1.087499976158142090e+01 5.530358171463012695e+01
1.092499971389770508e+01 5.607214307785034180e+01
1.097500085830688477e+01 5.684925055503845215e+01
1.102499961853027344e+01 5.763241672515869141e+01
1.107500076293945312e+01 5.842347502708435059e+01
1.112499952316284180e+01 5.922044539451599121e+01
1.117500066757202148e+01 6.002583599090576172e+01
1.122499942779541016e+01 6.083840918540954590e+01
1.127500057220458984e+01 6.165748763084411621e+01
1.132499933242797852e+01 6.248580002784729004e+01
1.137500047683715820e+01 6.332216525077819824e+01
1.142499923706054688e+01 6.416460084915161133e+01
1.147500038146972656e+01 6.501558828353881836e+01
1.152499914169311523e+01 6.587335062026977539e+01
1.157500028610229492e+01 6.673960256576538086e+01
1.162499904632568359e+01 6.761227655410766602e+01
1.167500019073486328e+01 6.849345874786376953e+01
1.172499895095825195e+01 6.938151645660400391e+01
1.177500009536743164e+01 7.027723503112792969e+01
1.182499885559082031e+01 7.118209266662597656e+01
1.187500000000000000e+01 7.209500408172607422e+01
1.192499876022338867e+01 7.301537799835205078e+01
1.197499990463256836e+01 7.394266462326049805e+01
1.202499866485595703e+01 7.487834215164184570e+01
1.207499980926513672e+01 7.582122945785522461e+01
1.212499856948852539e+01 7.677310609817504883e+01
1.217499971389770508e+01 7.773182439804077148e+01
1.222500085830688477e+01 7.869890022277832031e+01
1.227499961853027344e+01 7.967421674728393555e+01
1.232500076293945312e+01 8.065624141693115234e+01
1.237499952316284180e+01 8.164782667160034180e+01
1.242500066757202148e+01 8.264797306060791016e+01
1.247499942779541016e+01 8.365494966506958008e+01
