2.499999944120645523e-02 0.000000000000000000e+00
7.499999832361936569e-02 0.000000000000000000e+00
1.249999925494194031e-01 0.000000000000000000e+00
1.750000007450580597e-01 0.000000000000000000e+00
2.249999903142452240e-01 0.000000000000000000e+00
2.749999985098838806e-01 0.000000000000000000e+00
3.249999880790710449e-01 0.000000000000000000e+00
3.750000149011611938e-01 0.000000000000000000e+00
4.249999672174453735e-01 0.000000000000000000e+00
4.749999940395355225e-01 0.000000000000000000e+00
5.249999836087226868e-01 0.000000000000000000e+00
5.749999731779098511e-01 0.000000000000000000e+00
6.250000000000000000e-01 0.000000000000000000e+00
6.749999523162841797e-01 0.000000000000000000e+00
7.249999791383743286e-01 0.000000000000000000e+00
7.750000059604644775e-01 0.000000000000000000e+00
8.249999582767486572e-01 0.000000000000000000e+00
8.749999850988388062e-01 0.000000000000000000e+00
9.250000119209289551e-01 0.000000000000000000e+00
9.749999642372131348e-01 0.000000000000000000e+00
1.024999916553497314e+00 0.000000000000000000e+00
1.075000017881393433e+00 0.000000000000000000e+00
1.124999970197677612e+00 0.000000000000000000e+00
1.174999922513961792e+00 0.000000000000000000e+00
1.225000023841857910e+00 0.000000000000000000e+00
1.274999976158142090e+00 0.000000000000000000e+00
1.324999928474426270e+00 0.000000000000000000e+00
1.374999880790710449e+00 0.000000000000000000e+00
1.424999982118606567e+00 0.000000000000000000e+00
1.474999934434890747e+00 0.000000000000000000e+00
1.525000035762786865e+00 0.000000000000000000e+00
1.574999988079071045e+00 0.000000000000000000e+00
1.624999940395355225e+00 0.000000000000000000e+00
1.674999892711639404e+00 0.000000000000000000e+00
1.724999994039535522e+00 0.000000000000000000e+00
1.774999946355819702e+00 0.000000000000000000e+00
1.825000047683715820e+00 0.000000000000000000e+00
1.875000000000000000e+00 0.000000000000000000e+00
1.924999952316284180e+00 0.000000000000000000e+00
1.974999904632568359e+00 0.000000000000000000e+00
2.024999856948852539e+00 0.000000000000000000e+00
2.074999958276748657e+00 0.000000000000000000e+00
2.124999910593032837e+00 0.000000000000000000e+00
2.175000011920928955e+00 0.000000000000000000e+00
2.224999964237213135e+00 0.000000000000000000e+00
2.274999916553497314e+00 0.000000000000000000e+00
2.324999868869781494e+00 0.000000000000000000e+00
2.374999970197677612e+00 0.000000000000000000e+00
2.424999922513961792e+00 2.851172700957249617e-05
2.475000023841857910e+00 5.909275187150342390e-04
2.524999976158142090e+00 5.619464252959005535e-03
2.574999928474426270e+00 2.844454545993357897e-02
2.624999880790710449e+00 9.218305395916104317e-02
2.674999833106994629e+00 2.152893855236470699e-01
2.724999785423278809e+00 3.950542416423559189e-01
2.775000035762786865e+00 6.103622484952211380e-01
2.824999988079071045e+00 8.326824419200420380e-01
2.874999940395355225e+00 1.039970301091670990e+00
2.924999892711639404e+00 1.219419188797473907e+00
2.974999845027923584e+00 1.367690101265907288e+00
3.025000095367431641e+00 1.486841671168804169e+00
3.075000047683715820e+00 1.581521883606910706e+00
3.125000000000000000e+00 1.656359713524580002e+00
3.174999952316284180e+00 1.716190047562122345e+00
3.224999904632568359e+00 1.764652520418167114e+00
3.274999856948852539e+00 1.804807610809803009e+00
3.324999809265136719e+00 1.839026190340518951e+00
3.374999761581420898e+00 1.868934694677591324e+00
3.425000011920928955e+00 1.896016981452703476e+00
3.474999964237213135e+00 1.921353470534086227e+00
3.524999916553497314e+00 1.945660486817359924e+00
3.574999868869781494e+00 1.969693187624216080e+00
3.624999821186065674e+00 1.994059849530458450e+00
3.675000071525573730e+00 2.019427686929702759e+00
3.725000023841857910e+00 2.046152248978614807e+00
3.774999976158142090e+00 2.074506595730781555e+00
3.824999928474426270e+00 2.104881241917610168e+00
3.874999880790710449e+00 2.137782357633113861e+00
3.924999833106994629e+00 2.173782221972942352e+00
3.974999785423278809e+00 2.213140226900577545e+00
4.024999737739562988e+00 2.256208807229995728e+00
4.074999988079071045e+00 2.303566724061965942e+00
4.124999940395355225e+00 2.355090521275997162e+00
4.174999892711639404e+00 2.412027642130851746e+00
4.224999845027923584e+00 2.474812477827072144e+00
4.274999797344207764e+00 2.544031821191310883e+00
4.325000047683715820e+00 2.620883107185363770e+00
4.375000000000000000e+00 2.705383658409118652e+00
4.424999952316284180e+00 2.798664681613445282e+00
4.474999904632568359e+00 2.900449082255363464e+00
4.524999856948852539e+00 3.011499263346195221e+00
4.574999809265136719e+00 3.131033621728420258e+00
4.624999761581420898e+00 3.258830040693283081e+00
4.675000011920928955e+00 3.393354371190071106e+00
4.724999964237213135e+00 3.534313850104808807e+00
4.774999916553497314e+00 3.681384414434432983e+00
4.824999868869781494e+00 3.833231605589389801e+00
4.874999821186065674e+00 3.990054719150066376e+00
4.924999773502349854e+00 4.151071906089782715e+00
4.975000023841857910e+00 4.315834537148475647e+00
5.024999976158142090e+00 4.484611406922340393e+00
5.074999928474426270e+00 4.656802952289581299e+00
5.124999880790710449e+00 4.831794768571853638e+00
5.174999833106994629e+00 5.010186702013015747e+00
5.224999785423278809e+00 5.190354555845260620e+00
5.274999737739562988e+00 5.373285263776779175e+00
5.324999690055847168e+00 5.557473853230476379e+00
5.374999642372131348e+00 5.743647813796997070e+00
5.425000190734863281e+00 5.930470213294029236e+00
5.475000143051147461e+00 6.119029358029365540e+00
5.525000095367431641e+00 6.308616980910301208e+00
5.575000047683715820e+00 6.499018624424934387e+00
5.625000000000000000e+00 6.691946312785148621e+00
5.674999952316284180e+00 6.886082217097282410e+00
5.724999904632568359e+00 7.082580730319023132e+00
5.774999856948852539e+00 7.281242504715919495e+00
5.824999809265136719e+00 7.482921436429023743e+00
5.874999761581420898e+00 7.686724260449409485e+00
5.924999713897705078e+00 7.893678992986679077e+00
5.974999666213989258e+00 8.104254454374313354e+00
6.024999618530273438e+00 8.318426191806793213e+00
6.074999570846557617e+00 8.536940872669219971e+00
6.125000119209289551e+00 8.759098887443542480e+00
6.175000071525573730e+00 8.984747022390365601e+00
6.225000023841857910e+00 9.215126484632492065e+00
6.274999976158142090e+00 9.450577646493911743e+00
6.324999928474426270e+00 9.690907269716262817e+00
6.374999880790710449e+00 9.936742663383483887e+00
6.424999833106994629e+00 1.018878468871116638e+01
6.474999785423278809e+00 1.044643095135688782e+01
6.524999737739562988e+00 1.071039274334907532e+01
6.574999690055847168e+00 1.098101705312728882e+01
6.624999642372131348e+00 1.125828653573989868e+01
6.674999594688415527e+00 1.154259359836578369e+01
6.725000143051147461e+00 1.183510079979896545e+01
6.775000095367431641e+00 1.213361522555351257e+01
6.825000047683715820e+00 1.243946543335914612e+01
6.875000000000000000e+00 1.275198906660079956e+01
6.924999952316284180e+00 1.307179614901542664e+01
6.974999904632568359e+00 1.339876472949981689e+01
7.024999856948852539e+00 1.373178341984748840e+01
7.074999809265136719e+00 1.407166984677314758e+01
7.124999761581420898e+00 1.441789436340332031e+01
7.174999713897705078e+00 1.476982969045639038e+01
7.224999666213989258e+00 1.512692713737487793e+01
7.274999618530273438e+00 1.548959925770759583e+01
7.324999570846557617e+00 1.585643291473388672e+01
7.374999523162841797e+00 1.622899001836776733e+01
7.425000071525573730e+00 1.660536235570907593e+01
7.475000023841857910e+00 1.698550814390182495e+01
7.524999976158142090e+00 1.737006831169128418e+01
7.574999928474426270e+00 1.775911623239517212e+01
7.624999880790710449e+00 1.815244656801223755e+01
7.674999833106994629e+00 1.854996472597122192e+01
7.724999785423278809e+00 1.895158767700195312e+01
7.774999737739562988e+00 1.935812264680862427e+01
7.824999690055847168e+00 1.976805567741394043e+01
7.874999642372131348e+00 2.018246173858642578e+01
7.924999594688415527e+00 2.060146868228912354e+01
7.974999547004699707e+00 2.102485245466232300e+01
8.025000095367431641e+00 2.145296066999435425e+01
8.075000047683715820e+00 2.188607239723205566e+01
8.125000000000000000e+00 2.232380610704421997e+01
8.174999952316284180e+00 2.276693803071975708e+01
8.224999904632568359e+00 2.321435314416885376e+01
8.274999856948852539e+00 2.366786813735961914e+01
8.324999809265136719e+00 2.412662994861602783e+01
8.374999761581420898e+00 2.459040272235870361e+01
8.424999713897705078e+00 2.505973410606384277e+01
8.474999666213989258e+00 2.553520059585571289e+01
8.524999618530273438e+00 2.601606500148773193e+01
8.574999570846557617e+00 2.650297158956527710e+01
8.624999523162841797e+00 2.699534159898757935e+01
8.675000071525573730e+00 2.749492907524108887e+01
8.725000023841857910e+00 2.799905866384506226e+01
8.774999976158142090e+00 2.850963544845581055e+01
8.824999928474426270e+00 2.902646183967590332e+01
8.874999880790710449e+00 2.955000299215316772e+01
8.924999833106994629e+00 3.007873612642288208e+01
8.974999785423278809e+00 3.061475211381912231e+01
9.024999737739562988e+00 3.115734130144119263e+01
9.074999690055847168e+00 3.170514512062072754e+01
9.124999642372131348e+00 3.225898981094360352e+01
9.174999594688415527e+00 3.281952142715454102e+01
9.224999547004699707e+00 3.338595163822174072e+01
9.275000095367431641e+00 3.395866668224334717e+01
9.325000047683715820e+00 3.453750097751617432e+01
9.375000000000000000e+00 3.512216925621032715e+01
9.424999952316284180e+00 3.571368074417114258e+01
9.474999904632568359e+00 3.630949580669403076e+01
9.524999856948852539e+00 3.691176927089691162e+01
9.574999809265136719e+00 3.751946806907653809e+01
9.624999761581420898e+00 3.813257133960723877e+01
9.674999713897705078e+00 3.875206553936004639e+01
9.724999666213989258e+00 3.937678349018096924e+01
9.774999618530273438e+00 4.000686693191528320e+01
9.824999570846557617e+00 4.064120745658874512e+01
9.874999523162841797e+00 4.128204107284545898e+01
9.924999475479125977e+00 4.192830097675323486e+01
9.975000023841857910e+00 4.258038878440856934e+01
1.002500057220458984e+01 4.323802340030670166e+01
1.007499933242797852e+01 4.390049886703491211e+01
1.012500047683715820e+01 4.456879937648773193e+01
1.017499923706054688e+01 4.524296009540557861e+01
1.022500038146972656e+01 4.592182505130767822e+01
1.027499914169311523e+01 4.660804951190948486e+01
1.032500028610229492e+01 4.729999685287475586e+01
1.037499904632568359e+01 4.799796235561370850e+01
1.042500019073486328e+01 4.870299947261810303e+01
1.047499895095825195e+01 4.941326797008514404e+01
1.052500009536743164e+01 5.013035166263580322e+01
1.057499885559082031e+01 5.085403096675872803e+01
1.062500000000000000e+01 5.158273291587829590e+01
1.067499876022338867e+01 5.231836557388305664e+01
1.072499990463256836e+01 5.306076836585998535e+01
1.077499866485595703e+01 5.380926704406738281e+01
1.082499980926513672e+01 5.456415104866027832e+01
1.087499976158142090e+01 5.532666671276092529e+01
1.092499971389770508e+01 5.609647977352142334e+01
1.097500085830688477e+01 5.687410891056060791e+01
1.102499961853027344e+01 5.765710127353668213e+01
1.107500076293945312e+01 5.844910049438476562e+01
1.112499952316284180e+01 5.924690687656402588e+01
1.117500066757202148e+01 6.005239617824554443e+01
1.122499942779541016e+01 6.086595141887664795e+01
1.127500057220458984e+01 6.168579399585723877e+01
1.132499933242797852e+01 6.251488757133483887e+01
1.137500047683715820e+01 6.335060918331146240e+01
1.142499923706054688e+01 6.419370079040527344e+01
1.147500038146972656e+01 6.504508996009826660e+01
1.152499914169311523e+01 6.590345287322998047e+01
1.157500028610229492e+01 6.676912689208984375e+01
1.162499904632568359e+01 6.764262533187866211e+01
1.167500019073486328e+01 6.852393388748168945e+01
1.172499895095825195e+01 6.941238403320312500e+01
1.177500009536743164e+01 7.030825686454772949e+01
1.182499885559082031e+01 7.121326136589050293e+01
1.187500000000000000e+01 7.212622427940368652e+01
1.192499876022338867e+01 7.304766345024108887e+01
1.197499990463256836e+01 7.397614860534667969e+01
1.202499866485595703e+01 7.491200232505798340e+01
1.207499980926513672e+01 7.585590672492980957e+01
1.212499856948852539e+01 7.680713438987731934e+01
1.217499971389770508e+01 7.776668334007263184e+01
1.222500085830688477e+01 7.873359370231628418e+01
1.227499961853027344e+01 7.970900034904479980e+01
1.232500076293945312e+01 8.069158029556274414e+01
1.237499952316284180e+01 8.168371915817260742e+01
1.242500066757202148e+01 8.268321394920349121e+01
1.247499942779541016e+01 8.369007730484008789e+01
