2.499999944120645523e-02 0.000000000000000000e+00
7.499999832361936569e-02 0.000000000000000000e+00
1.249999925494194031e-01 0.000000000000000000e+00
1.750000007450580597e-01 0.000000000000000000e+00
2.249999903142452240e-01 0.000000000000000000e+00
2.749999985098838806e-01 0.000000000000000000e+00
3.249999880790710449e-01 0.000000000000000000e+00
3.750000149011611938e-01 0.000000000000000000e+00
4.249999672174453735e-01 0.000000000000000000e+00
4.749999940395355225e-01 0.000000000000000000e+00
5.249999836087226868e-01 0.000000000000000000e+00
5.749999731779098511e-01 0.000000000000000000e+00
6.250000000000000000e-01 0.000000000000000000e+00
6.749999523162841797e-01 0.000000000000000000e+00
7.249999791383743286e-01 0.000000000000000000e+00
7.750000059604644775e-01 0.000000000000000000e+00
8.249999582767486572e-01 0.000000000000000000e+00
8.749999850988388062e-01 0.000000000000000000e+00
9.250000119209289551e-01 0.000000000000000000e+00
9.749999642372131348e-01 0.000000000000000000e+00
1.024999916553497314e+00 0.000000000000000000e+00
1.075000017881393433e+00 0.000000000000000000e+00
1.124999970197677612e+00 0.000000000000000000e+00
1.174999922513961792e+00 0.000000000000000000e+00
1.225000023841857910e+00 0.000000000000000000e+00
1.274999976158142090e+00 0.000000000000000000e+00
1.324999928474426270e+00 0.000000000000000000e+00
1.374999880790710449e+00 0.000000000000000000e+00
1.424999982118606567e+00 0.000000000000000000e+00
1.474999934434890747e+00 0.000000000000000000e+00
1.525000035762786865e+00 0.000000000000000000e+00
1.574999988079071045e+00 0.000000000000000000e+00
1.624999940395355225e+00 0.000000000000000000e+00
1.674999892711639404e+00 0.000000000000000000e+00
1.724999994039535522e+00 0.000000000000000000e+00
1.774999946355819702e+00 0.000000000000000000e+00
1.825000047683715820e+00 0.000000000000000000e+00
1.875000000000000000e+00 0.000000000000000000e+00
1.924999952316284180e+00 0.000000000000000000e+00
1.974999904632568359e+00 0.000000000000000000e+00
2.024999856948852539e+00 0.000000000000000000e+00
2.074999958276748657e+00 0.000000000000000000e+00
2.124999910593032837e+00 0.000000000000000000e+00
2.175000011920928955e+00 0.000000000000000000e+00
2.224999964237213135e+00 0.000000000000000000e+00
2.274999916553497314e+00 0.000000000000000000e+00
2.324999868869781494e+00 0.000000000000000000e+00
2.374999970197677612e+00 2.836785279214382172e-05
2.424999922513961792e+00 7.099422273313393816e-04
2.475000023841857910e+00 1.422220421954989433e-02
2.524999976158142090e+00 1.180499847978353500e-01
2.574999928474426270e+00 5.264060720801353455e-01
2.624999880790710449e+00 1.427473202347755432e+00
2.674999833106994629e+00 2.659159794449806213e+00
2.724999785423278809e+00 3.752190157771110535e+00
2.775000035762786865e+00 4.319506317377090454e+00
2.824999988079071045e+00 4.312191426753997803e+00
2.874999940395355225e+00 3.868280053138732910e+00
2.924999892711639404e+00 3.246738731861114502e+00
2.974999845027923584e+00 2.578118219971656799e+00
3.025000095367431641e+00 2.017325021326541901e+00
3.075000047683715820e+00 1.547971017658710480e+00
3.125000000000000000e+00 1.174865186214447021e+00
3.174999952316284180e+00 9.133046641945838928e-01
3.224999904632568359e+00 7.106366604566574097e-01
3.274999856948852539e+00 5.684106759727001190e-01
3.324999809265136719e+00 4.736369270831346512e-01
3.374999761581420898e+00 4.034789130091667175e-01
3.425000011920928955e+00 3.511981684714555740e-01
3.474999964237213135e+00 3.195901028811931610e-01
3.524999916553497314e+00 3.014130871742963791e-01
3.574999868869781494e+00 2.873443309217691422e-01
3.624999821186065674e+00 2.883320022374391556e-01
3.675000071525573730e+00 2.901625297963619232e-01
3.725000023841857910e+00 2.978937514126300812e-01
3.774999976158142090e+00 3.078322932124137878e-01
3.824999928474426270e+00 3.218361381441354752e-01
3.874999880790710449e+00 3.380328714847564697e-01
3.924999833106994629e+00 3.638173472136259079e-01
3.974999785423278809e+00 3.855879437178373337e-01
4.024999737739562988e+00 4.094360787421464920e-01
4.074999988079071045e+00 4.384553581476211548e-01
4.124999940395355225e+00 4.707432426512241364e-01
4.174999892711639404e+00 5.052087809890508652e-01
4.224999845027923584e+00 5.445837490260601044e-01
4.274999797344207764e+00 5.852940753102302551e-01
4.325000047683715820e+00 6.298187635838985443e-01
4.375000000000000000e+00 6.848848499357700348e-01
4.424999952316284180e+00 7.356657832860946655e-01
4.474999904632568359e+00 7.883480563759803772e-01
4.524999856948852539e+00 8.386785499751567841e-01
4.574999809265136719e+00 8.829239048063755035e-01
4.624999761581420898e+00 9.200471453368663788e-01
4.675000011920928955e+00 9.516528770327568054e-01
4.724999964237213135e+00 9.749152548611164093e-01
4.774999916553497314e+00 9.933736287057399750e-01
4.824999868869781494e+00 1.008998949080705643e+00
4.874999821186065674e+00 1.020341046154499054e+00
4.924999773502349854e+00 1.023278929293155670e+00
4.975000023841857910e+00 1.024538539350032806e+00
5.024999976158142090e+00 1.028450354933738708e+00
5.074999928474426270e+00 1.030149683356285095e+00
5.124999880790710449e+00 1.026870578527450562e+00
5.174999833106994629e+00 1.024059511721134186e+00
5.224999785423278809e+00 1.015356086194515228e+00
5.274999737739562988e+00 1.003599893301725388e+00
5.324999690055847168e+00 9.956233985722064972e-01
5.374999642372131348e+00 9.867233224213123322e-01
5.425000190734863281e+00 9.738534167408943176e-01
5.475000143051147461e+00 9.626828804612159729e-01
5.525000095367431641e+00 9.508889429271221161e-01
5.575000047683715820e+00 9.403269104659557343e-01
5.625000000000000000e+00 9.317242130637168884e-01
5.674999952316284180e+00 9.218568615615367889e-01
5.724999904632568359e+00 9.197359867393970490e-01
5.774999856948852539e+00 9.131539650261402130e-01
5.824999809265136719e+00 9.120987541973590851e-01
5.874999761581420898e+00 9.057699814438819885e-01
5.924999713897705078e+00 9.056960977613925934e-01
5.974999666213989258e+00 9.075379520654678345e-01
6.024999618530273438e+00 9.055429920554161072e-01
6.074999570846557617e+00 9.071320407092571259e-01
6.125000119209289551e+00 9.080016054213047028e-01
6.175000071525573730e+00 9.134771339595317841e-01
6.225000023841857910e+00 9.150994755327701569e-01
6.274999976158142090e+00 9.186009988188743591e-01
6.324999928474426270e+00 9.208934269845485687e-01
6.374999880790710449e+00 9.280638583004474640e-01
6.424999833106994629e+00 9.436815008521080017e-01
6.474999785423278809e+00 9.448951557278633118e-01
6.524999737739562988e+00 9.552021026611328125e-01
6.574999690055847168e+00 9.619750007987022400e-01
6.624999642372131348e+00 9.720779508352279663e-01
6.674999594688415527e+00 9.783778265118598938e-01
6.725000143051147461e+00 9.911820814013481140e-01
6.775000095367431641e+00 1.003857474774122238e+00
6.825000047683715820e+00 1.009249150753021240e+00
6.875000000000000000e+00 1.017477527260780334e+00
6.924999952316284180e+00 1.024469323456287384e+00
6.974999904632568359e+00 1.036389470100402832e+00
7.024999856948852539e+00 1.039408609271049500e+00
7.074999809265136719e+00 1.045224934816360474e+00
7.124999761581420898e+00 1.051415324211120605e+00
7.174999713897705078e+00 1.053897358477115631e+00
7.224999666213989258e+00 1.052904374897480011e+00
7.274999618530273438e+00 1.053083948791027069e+00
7.324999570846557617e+00 1.052283667027950287e+00
7.374999523162841797e+00 1.054284371435642242e+00
7.425000071525573730e+00 1.052172146737575531e+00
7.475000023841857910e+00 1.050662107765674591e+00
7.524999976158142090e+00 1.047878161072731018e+00
7.574999928474426270e+00 1.047378435730934143e+00
7.624999880790710449e+00 1.041740983724594116e+00
7.674999833106994629e+00 1.040106363594532013e+00
7.724999785423278809e+00 1.036116063594818115e+00
7.774999737739562988e+00 1.032185085117816925e+00
7.824999690055847168e+00 1.030457586050033569e+00
7.874999642372131348e+00 1.031003572046756744e+00
7.924999594688415527e+00 1.026648409664630890e+00
7.974999547004699707e+00 1.023613288998603821e+00
8.025000095367431641e+00 1.021871626377105713e+00
8.075000047683715820e+00 1.023332983255386353e+00
8.125000000000000000e+00 1.018725089728832245e+00
8.174999952316284180e+00 1.018975399434566498e+00
8.224999904632568359e+00 1.017303474247455597e+00
8.274999856948852539e+00 1.019517809152603149e+00
8.324999809265136719e+00 1.021581545472145081e+00
8.374999761581420898e+00 1.023281484842300415e+00
8.424999713897705078e+00 1.020871117711067200e+00
8.474999666213989258e+00 1.019550636410713196e+00
8.524999618530273438e+00 1.017865180969238281e+00
8.574999570846557617e+00 1.024090453982353210e+00
8.624999523162841797e+00 1.022039562463760376e+00
8.675000071525573730e+00 1.022390782833099365e+00
8.725000023841857910e+00 1.023439958691596985e+00
8.774999976158142090e+00 1.022233620285987854e+00
8.824999928474426270e+00 1.023950912058353424e+00
8.874999880790710449e+00 1.027074947953224182e+00
8.924999833106994629e+00 1.023828878998756409e+00
8.974999785423278809e+00 1.025080025196075439e+00
9.024999737739562988e+00 1.026465047150850296e+00
9.074999690055847168e+00 1.026637993752956390e+00
9.124999642372131348e+00 1.025766611099243164e+00
9.174999594688415527e+00 1.026129022240638733e+00
9.224999547004699707e+00 1.025865145027637482e+00
9.275000095367431641e+00 1.025349982082843781e+00
9.325000047683715820e+00 1.024840332567691803e+00
9.375000000000000000e+00 1.024379730224609375e+00
9.424999952316284180e+00 1.024439789354801178e+00
9.474999904632568359e+00 1.025754086673259735e+00
9.524999856948852539e+00 1.022987104952335358e+00
9.574999809265136719e+00 1.020842872560024261e+00
9.624999761581420898e+00 1.022886801511049271e+00
9.674999713897705078e+00 1.019248388707637787e+00
9.724999666213989258e+00 1.018386561423540115e+00
9.774999618530273438e+00 1.016933843493461609e+00
9.824999570846557617e+00 1.014711301773786545e+00
9.874999523162841797e+00 1.010712269693613052e+00
9.924999475479125977e+00 1.009615249931812286e+00
9.975000023841857910e+00 1.009644322097301483e+00
1.002500057220458984e+01 1.008848149329423904e+00
1.007499933242797852e+01 1.004816483706235886e+00
1.012500047683715820e+01 1.003177929669618607e+00
1.017499923706054688e+01 1.001291427761316299e+00
1.022500038146972656e+01 9.986744560301303864e-01
1.027499914169311523e+01 1.000384632498025894e+00
1.032500028610229492e+01 9.998926706612110138e-01
1.037499904632568359e+01 9.988409355282783508e-01
1.042500019073486328e+01 9.957012087106704712e-01
1.047499895095825195e+01 9.987673349678516388e-01
1.052500009536743164e+01 9.985666759312152863e-01
1.057499885559082031e+01 9.946057312190532684e-01
1.062500000000000000e+01 9.937071092426776886e-01
1.067499876022338867e+01 9.962462708353996277e-01
1.072499990463256836e+01 9.944251365959644318e-01
1.077499866485595703e+01 9.933871924877166748e-01
1.082499980926513672e+01 9.943190515041351318e-01
1.087499976158142090e+01 9.947281293570995331e-01
1.092499971389770508e+01 9.926552474498748779e-01
1.097500085830688477e+01 9.937137439846992493e-01
1.102499961853027344e+01 9.936632625758647919e-01
1.107500076293945312e+01 9.942197836935520172e-01
1.112499952316284180e+01 9.934285655617713928e-01
1.117500066757202148e+01 9.936921969056129456e-01
1.122499942779541016e+01 9.970440343022346497e-01
1.127500057220458984e+01 9.941835924983024597e-01
1.132499933242797852e+01 9.938030615448951721e-01
1.137500047683715820e+01 9.929440729320049286e-01
1.142499923706054688e+01 9.948074892163276672e-01
1.147500038146972656e+01 9.949493929743766785e-01
1.152499914169311523e+01 9.947541244328022003e-01
1.157500028610229492e+01 9.944716840982437134e-01
1.162499904632568359e+01 9.971742853522300720e-01
1.167500019073486328e+01 9.948023706674575806e-01
1.172499895095825195e+01 9.959699399769306183e-01
1.177500009536743164e+01 9.953170083463191986e-01
1.182499885559082031e+01 9.976188950240612030e-01
1.187500000000000000e+01 9.960376657545566559e-01
1.192499876022338867e+01 9.976082630455493927e-01
1.197499990463256836e+01 9.977697506546974182e-01
1.202499866485595703e+01 9.976061917841434479e-01
1.207499980926513672e+01 9.958407394587993622e-01
1.212499856948852539e+01 9.961294494569301605e-01
1.217499971389770508e+01 9.982404448091983795e-01
1.222500085830688477e+01 9.976244419813156128e-01
1.227499961853027344e+01 9.970393553376197815e-01
1.232500076293945312e+01 9.963427074253559113e-01
1.237499952316284180e+01 9.973579756915569305e-01
1.242500066757202148e+01 9.976993203163146973e-01
1.247499942779541016e+01 9.968740604817867279e-01
