2.499999944120645523e-02 0.000000000000000000e+00
7.499999832361936569e-02 0.000000000000000000e+00
1.249999925494194031e-01 0.000000000000000000e+00
1.750000007450580597e-01 0.000000000000000000e+00
2.249999903142452240e-01 0.000000000000000000e+00
2.749999985098838806e-01 0.000000000000000000e+00
3.249999880790710449e-01 0.000000000000000000e+00
3.750000149011611938e-01 0.000000000000000000e+00
4.249999672174453735e-01 0.000000000000000000e+00
4.749999940395355225e-01 0.000000000000000000e+00
5.249999836087226868e-01 0.000000000000000000e+00
5.749999731779098511e-01 0.000000000000000000e+00
6.250000000000000000e-01 0.000000000000000000e+00
6.749999523162841797e-01 0.000000000000000000e+00
7.249999791383743286e-01 0.000000000000000000e+00
7.750000059604644775e-01 0.000000000000000000e+00
8.249999582767486572e-01 0.000000000000000000e+00
8.749999850988388062e-01 0.000000000000000000e+00
9.250000119209289551e-01 0.000000000000000000e+00
9.749999642372131348e-01 0.000000000000000000e+00
1.024999916553497314e+00 0.000000000000000000e+00
1.075000017881393433e+00 0.000000000000000000e+00
1.124999970197677612e+00 0.000000000000000000e+00
1.174999922513961792e+00 0.000000000000000000e+00
1.225000023841857910e+00 0.000000000000000000e+00
1.274999976158142090e+00 0.000000000000000000e+00
1.324999928474426270e+00 0.000000000000000000e+00
1.374999880790710449e+00 0.000000000000000000e+00
1.424999982118606567e+00 0.000000000000000000e+00
1.474999934434890747e+00 0.000000000000000000e+00
1.525000035762786865e+00 0.000000000000000000e+00
1.574999988079071045e+00 0.000000000000000000e+00
1.624999940395355225e+00 0.000000000000000000e+00
1.674999892711639404e+00 0.000000000000000000e+00
1.724999994039535522e+00 0.000000000000000000e+00
1.774999946355819702e+00 0.000000000000000000e+00
1.825000047683715820e+00 0.000000000000000000e+00
1.875000000000000000e+00 0.000000000000000000e+00
1.924999952316284180e+00 0.000000000000000000e+00
1.974999904632568359e+00 0.000000000000000000e+00
2.024999856948852539e+00 0.000000000000000000e+00
2.074999958276748657e+00 0.000000000000000000e+00
2.124999910593032837e+00 0.000000000000000000e+00
2.175000011920928955e+00 0.000000000000000000e+00
2.224999964237213135e+00 0.000000000000000000e+00
2.274999916553497314e+00 0.000000000000000000e+00
2.324999868869781494e+00 0.000000000000000000e+00
2.374999970197677612e+00 0.000000000000000000e+00
2.424999922513961792e+00 1.770833387126913294e-05
2.475000023841857910e+00 4.333333381509874016e-04
2.524999976158142090e+00 4.935416742227971554e-03
2.574999928474426270e+00 2.767812518868595362e-02
2.624999880790710449e+00 9.578906279057264328e-02
2.674999833106994629e+00 2.309286491945385933e-01
2.724999785423278809e+00 4.313447959721088409e-01
2.775000035762786865e+00 6.699187457561492920e-01
2.824999988079071045e+00 9.127052016556262970e-01
2.874999940395355225e+00 1.133620820939540863e+00
2.924999892711639404e+00 1.319482788443565369e+00
2.974999845027923584e+00 1.468982264399528503e+00
3.025000095367431641e+00 1.584432251751422882e+00
3.075000047683715820e+00 1.673782251775264740e+00
3.125000000000000000e+00 1.741576001048088074e+00
3.174999952316284180e+00 1.793924964964389801e+00
3.224999904632568359e+00 1.835292145609855652e+00
3.274999856948852539e+00 1.868755154311656952e+00
3.324999809265136719e+00 1.897124946117401123e+00
3.374999761581420898e+00 1.921263493597507477e+00
3.425000011920928955e+00 1.942850984632968903e+00
3.474999964237213135e+00 1.963418692350387573e+00
3.524999916553497314e+00 1.983522854745388031e+00
3.574999868869781494e+00 2.003474928438663483e+00
3.624999821186065674e+00 2.024202004075050354e+00
3.675000071525573730e+00 2.045768648386001587e+00
3.725000023841857910e+00 2.069304049015045166e+00
3.774999976158142090e+00 2.094699859619140625e+00
3.824999928474426270e+00 2.122215434908866882e+00
3.874999880790710449e+00 2.152885228395462036e+00
3.924999833106994629e+00 2.186415955424308777e+00
3.974999785423278809e+00 2.223356038331985474e+00
4.024999737739562988e+00 2.265151873230934143e+00
4.074999988079071045e+00 2.310949802398681641e+00
4.124999940395355225e+00 2.361665457487106323e+00
4.174999892711639404e+00 2.417423278093338013e+00
4.224999845027923584e+00 2.479846730828285217e+00
4.274999797344207764e+00 2.548858180642127991e+00
4.325000047683715820e+00 2.625830084085464478e+00
4.375000000000000000e+00 2.712168633937835693e+00
4.424999952316284180e+00 2.807711347937583923e+00
4.474999904632568359e+00 2.913538411259651184e+00
4.524999856948852539e+00 3.028544679284095764e+00
4.574999809265136719e+00 3.153363436460494995e+00
4.624999761581420898e+00 3.287009268999099731e+00
4.675000011920928955e+00 3.428805068135261536e+00
4.724999964237213135e+00 3.577284216880798340e+00
4.774999916553497314e+00 3.732271686196327209e+00
4.824999868869781494e+00 3.892248764634132385e+00
4.874999821186065674e+00 4.058308124542236328e+00
4.924999773502349854e+00 4.229266434907913208e+00
4.975000023841857910e+00 4.403522700071334839e+00
5.024999976158142090e+00 4.581216514110565186e+00
5.074999928474426270e+00 4.762661248445510864e+00
5.124999880790710449e+00 4.946475774049758911e+00
5.174999833106994629e+00 5.132847070693969727e+00
5.224999785423278809e+00 5.322372078895568848e+00
5.274999737739562988e+00 5.512516260147094727e+00
5.324999690055847168e+00 5.704119801521301270e+00
5.374999642372131348e+00 5.896916687488555908e+00
5.425000190734863281e+00 6.090599507093429565e+00
5.475000143051147461e+00 6.284185439348220825e+00
5.525000095367431641e+00 6.478467732667922974e+00
5.575000047683715820e+00 6.675244271755218506e+00
5.625000000000000000e+00 6.872120350599288940e+00
5.674999952316284180e+00 7.070842206478118896e+00
5.724999904632568359e+00 7.272656768560409546e+00
5.774999856948852539e+00 7.476236402988433838e+00
5.824999809265136719e+00 7.682116597890853882e+00
5.874999761581420898e+00 7.890677034854888916e+00
5.924999713897705078e+00 8.102219164371490479e+00
5.974999666213989258e+00 8.317965567111968994e+00
6.024999618530273438e+00 8.537644207477569580e+00
6.074999570846557617e+00 8.761311888694763184e+00
6.125000119209289551e+00 8.989129543304443359e+00
6.175000071525573730e+00 9.221765995025634766e+00
6.225000023841857910e+00 9.460733830928802490e+00
6.274999976158142090e+00 9.704428613185882568e+00
6.324999928474426270e+00 9.953509390354156494e+00
6.374999880790710449e+00 1.020793223381042480e+01
6.424999833106994629e+00 1.046738487482070923e+01
6.474999785423278809e+00 1.073442614078521729e+01
6.524999737739562988e+00 1.100616002082824707e+01
6.574999690055847168e+00 1.128618288040161133e+01
6.624999642372131348e+00 1.157408487796783447e+01
6.674999594688415527e+00 1.186944949626922607e+01
6.725000143051147461e+00 1.217153131961822510e+01
6.775000095367431641e+00 1.248150736093521118e+01
6.825000047683715820e+00 1.279951107501983643e+01
6.875000000000000000e+00 1.312475329637527466e+01
6.924999952316284180e+00 1.345755749940872192e+01
6.974999904632568359e+00 1.379638928174972534e+01
7.024999856948852539e+00 1.414345180988311768e+01
7.074999809265136719e+00 1.449720960855484009e+01
7.124999761581420898e+00 1.485736882686614990e+01
7.174999713897705078e+00 1.522363805770874023e+01
7.224999666213989258e+00 1.559513294696807861e+01
7.274999618530273438e+00 1.597105491161346436e+01
7.324999570846557617e+00 1.635282421112060547e+01
7.374999523162841797e+00 1.673781394958496094e+01
7.425000071525573730e+00 1.712730503082275391e+01
7.475000023841857910e+00 1.752047085762023926e+01
7.524999976158142090e+00 1.791956162452697754e+01
7.574999928474426270e+00 1.832135081291198730e+01
7.624999880790710449e+00 1.872620749473571777e+01
7.674999833106994629e+00 1.913473927974700928e+01
7.724999785423278809e+00 1.954909348487854004e+01
7.774999737739562988e+00 1.996738564968109131e+01
7.824999690055847168e+00 2.038698494434356689e+01
7.874999642372131348e+00 2.081245505809783936e+01
7.924999594688415527e+00 2.124215948581695557e+01
7.974999547004699707e+00 2.167594242095947266e+01
8.025000095367431641e+00 2.211484670639038086e+01
8.075000047683715820e+00 2.255874156951904297e+01
8.125000000000000000e+00 2.300701451301574707e+01
8.174999952316284180e+00 2.346059596538543701e+01
8.224999904632568359e+00 2.391992223262786865e+01
8.274999856948852539e+00 2.438506686687469482e+01
8.324999809265136719e+00 2.485568356513977051e+01
8.374999761581420898e+00 2.533134925365447998e+01
8.424999713897705078e+00 2.581188952922821045e+01
8.474999666213989258e+00 2.629923832416534424e+01
8.524999618530273438e+00 2.679276120662689209e+01
8.574999570846557617e+00 2.729239964485168457e+01
8.624999523162841797e+00 2.779698622226715088e+01
8.675000071525573730e+00 2.831002736091613770e+01
8.725000023841857910e+00 2.882884335517883301e+01
8.774999976158142090e+00 2.935285544395446777e+01
8.824999928474426270e+00 2.988230061531066895e+01
8.874999880790710449e+00 3.041799402236938477e+01
8.924999833106994629e+00 3.096169722080230713e+01
8.974999785423278809e+00 3.150985455513000488e+01
9.024999737739562988e+00 3.206382536888122559e+01
9.074999690055847168e+00 3.262440204620361328e+01
9.124999642372131348e+00 3.319342970848083496e+01
9.174999594688415527e+00 3.376735854148864746e+01
9.224999547004699707e+00 3.434974122047424316e+01
9.275000095367431641e+00 3.493693900108337402e+01
9.325000047683715820e+00 3.552956867218017578e+01
9.375000000000000000e+00 3.612856149673461914e+01
9.424999952316284180e+00 3.673497915267944336e+01
9.474999904632568359e+00 3.734668898582458496e+01
9.524999856948852539e+00 3.796356225013732910e+01
9.574999809265136719e+00 3.858694911003112793e+01
9.624999761581420898e+00 3.921491432189941406e+01
9.674999713897705078e+00 3.984858894348144531e+01
9.724999666213989258e+00 4.048876857757568359e+01
9.774999618530273438e+00 4.113435888290405273e+01
9.824999570846557617e+00 4.178572463989257812e+01
9.874999523162841797e+00 4.244301199913024902e+01
9.924999475479125977e+00 4.310615754127502441e+01
9.975000023841857910e+00 4.377337145805358887e+01
1.002500057220458984e+01 4.444588971138000488e+01
1.007499933242797852e+01 4.512409663200378418e+01
1.012500047683715820e+01 4.580794882774353027e+01
1.017499923706054688e+01 4.649721693992614746e+01
1.022500038146972656e+01 4.719377207756042480e+01
1.027499914169311523e+01 4.789637804031372070e+01
1.032500028610229492e+01 4.860379600524902344e+01
1.037499904632568359e+01 4.931832337379455566e+01
1.042500019073486328e+01 5.003794026374816895e+01
1.047499895095825195e+01 5.076763606071472168e+01
1.052500009536743164e+01 5.150078392028808594e+01
1.057499885559082031e+01 5.223940944671630859e+01
1.062500000000000000e+01 5.298693466186523438e+01
1.067499876022338867e+01 5.374140548706054688e+01
1.072499990463256836e+01 5.450266695022583008e+01
1.077499866485595703e+01 5.527069783210754395e+01
1.082499980926513672e+01 5.604663801193237305e+01
1.087499976158142090e+01 5.682969236373901367e+01
1.092499971389770508e+01 5.761915946006774902e+01
1.097500085830688477e+01 5.841774058341979980e+01
1.102499961853027344e+01 5.922261285781860352e+01
1.107500076293945312e+01 6.003417301177978516e+01
1.112499952316284180e+01 6.085209131240844727e+01
1.117500066757202148e+01 6.167867469787597656e+01
1.122499942779541016e+01 6.251272058486938477e+01
1.127500057220458984e+01 6.335573101043701172e+01
1.132499933242797852e+01 6.420409154891967773e+01
1.137500047683715820e+01 6.506236219406127930e+01
1.142499923706054688e+01 6.592716836929321289e+01
1.147500038146972656e+01 6.680079555511474609e+01
1.152499914169311523e+01 6.767980241775512695e+01
1.157500028610229492e+01 6.856989860534667969e+01
1.162499904632568359e+01 6.946746444702148438e+01
1.167500019073486328e+01 7.037102413177490234e+01
1.172499895095825195e+01 7.128436040878295898e+01
1.177500009536743164e+01 7.220582962036132812e+01
1.182499885559082031e+01 7.313595485687255859e+01
1.187500000000000000e+01 7.407357740402221680e+01
1.192499876022338867e+01 7.501827335357666016e+01
1.197499990463256836e+01 7.597302389144897461e+01
1.202499866485595703e+01 7.693572616577148438e+01
1.207499980926513672e+01 7.790414619445800781e+01
1.212499856948852539e+01 7.888119506835937500e+01
1.217499971389770508e+01 7.986977434158325195e+01
1.222500085830688477e+01 8.086380958557128906e+01
1.227499961853027344e+01 8.186807918548583984e+01
1.232500076293945312e+01 8.287944698333740234e+01
1.237499952316284180e+01 8.389859437942504883e+01
1.242500066757202148e+01 8.492843675613403320e+01
1.247499942779541016e+01 8.596346759796142578e+01
