2.499999944120645523e-02 0.000000000000000000e+00
7.499999832361936569e-02 0.000000000000000000e+00
1.249999925494194031e-01 0.000000000000000000e+00
1.750000007450580597e-01 0.000000000000000000e+00
2.249999903142452240e-01 0.000000000000000000e+00
2.749999985098838806e-01 0.000000000000000000e+00
3.249999880790710449e-01 0.000000000000000000e+00
3.750000149011611938e-01 0.000000000000000000e+00
4.249999672174453735e-01 0.000000000000000000e+00
4.749999940395355225e-01 0.000000000000000000e+00
5.249999836087226868e-01 0.000000000000000000e+00
5.749999731779098511e-01 0.000000000000000000e+00
6.250000000000000000e-01 0.000000000000000000e+00
6.749999523162841797e-01 0.000000000000000000e+00
7.249999791383743286e-01 0.000000000000000000e+00
7.750000059604644775e-01 0.000000000000000000e+00
8.249999582767486572e-01 0.000000000000000000e+00
8.749999850988388062e-01 0.000000000000000000e+00
9.250000119209289551e-01 0.000000000000000000e+00
9.749999642372131348e-01 0.000000000000000000e+00
1.024999916553497314e+00 0.000000000000000000e+00
1.075000017881393433e+00 0.000000000000000000e+00
1.124999970197677612e+00 0.000000000000000000e+00
1.174999922513961792e+00 0.000000000000000000e+00
1.225000023841857910e+00 0.000000000000000000e+00
1.274999976158142090e+00 0.000000000000000000e+00
1.324999928474426270e+00 0.000000000000000000e+00
1.374999880790710449e+00 0.000000000000000000e+00
1.424999982118606567e+00 0.000000000000000000e+00
1.474999934434890747e+00 0.000000000000000000e+00
1.525000035762786865e+00 0.000000000000000000e+00
1.574999988079071045e+00 0.000000000000000000e+00
1.624999940395355225e+00 0.000000000000000000e+00
1.674999892711639404e+00 0.000000000000000000e+00
1.724999994039535522e+00 0.000000000000000000e+00
1.774999946355819702e+00 0.000000000000000000e+00
1.825000047683715820e+00 0.000000000000000000e+00
1.875000000000000000e+00 0.000000000000000000e+00
1.924999952316284180e+00 0.000000000000000000e+00
1.974999904632568359e+00 0.000000000000000000e+00
2.024999856948852539e+00 0.000000000000000000e+00
2.074999958276748657e+00 0.000000000000000000e+00
2.124999910593032837e+00 0.000000000000000000e+00
2.175000011920928955e+00 0.000000000000000000e+00
2.224999964237213135e+00 0.000000000000000000e+00
2.274999916553497314e+00 0.000000000000000000e+00
2.324999868869781494e+00 0.000000000000000000e+00
2.374999970197677612e+00 6.580532954103546217e-06
2.424999922513961792e+00 4.659800410991010722e-04
2.475000023841857910e+00 1.121409924235194921e-02
2.524999976158142090e+00 1.075450438074767590e-01
2.574999928474426270e+00 5.170080307871103287e-01
2.624999880790710449e+00 1.479803785681724548e+00
2.674999833106994629e+00 2.816830880939960480e+00
2.724999785423278809e+00 4.019429259002208710e+00
2.775000035762786865e+00 4.607433512806892395e+00
2.824999988079071045e+00 4.530789926648139954e+00
2.874999940395355225e+00 3.983677513897418976e+00
2.924999892711639404e+00 3.241797104477882385e+00
2.974999845027923584e+00 2.525018453598022461e+00
3.025000095367431641e+00 1.899330969899892807e+00
3.075000047683715820e+00 1.415064487606287003e+00
3.125000000000000000e+00 1.049852911382913589e+00
3.174999952316284180e+00 7.875362057238817215e-01
3.224999904632568359e+00 6.039693057537078857e-01
3.274999856948852539e+00 4.755398053675889969e-01
3.324999809265136719e+00 3.858705917373299599e-01
3.374999761581420898e+00 3.237294293940067291e-01
3.425000011920928955e+00 2.819282738491892815e-01
3.474999964237213135e+00 2.593855126760900021e-01
3.524999916553497314e+00 2.451460049487650394e-01
3.574999868869781494e+00 2.385400640778243542e-01
3.624999821186065674e+00 2.395177902653813362e-01
3.675000071525573730e+00 2.444991450756788254e-01
3.725000023841857910e+00 2.559427949599921703e-01
3.774999976158142090e+00 2.701211916282773018e-01
3.824999928474426270e+00 2.855909029021859169e-01
3.874999880790710449e+00 3.084244700148701668e-01
3.924999833106994629e+00 3.282326050102710724e-01
3.974999785423278809e+00 3.533294778317213058e-01
4.024999737739562988e+00 3.867058102041482925e-01
4.074999988079071045e+00 4.157158574089407921e-01
4.124999940395355225e+00 4.480137676000595093e-01
4.174999892711639404e+00 4.825880257412791252e-01
4.224999845027923584e+00 5.239575281739234924e-01
4.274999797344207764e+00 5.686773266643285751e-01
4.325000047683715820e+00 6.168918982148170471e-01
4.375000000000000000e+00 6.728264521807432175e-01
4.424999952316284180e+00 7.287675216794013977e-01
4.474999904632568359e+00 7.882374022156000137e-01
4.524999856948852539e+00 8.404926564544439316e-01
4.574999809265136719e+00 8.930725920945405960e-01
4.624999761581420898e+00 9.348955750465393066e-01
4.675000011920928955e+00 9.708997253328561783e-01
4.724999964237213135e+00 9.962413348257541656e-01
4.774999916553497314e+00 1.018027378246188164e+00
4.824999868869781494e+00 1.031207703053951263e+00
4.874999821186065674e+00 1.043833237141370773e+00
4.924999773502349854e+00 1.053311206400394440e+00
4.975000023841857910e+00 1.052510447800159454e+00
5.024999976158142090e+00 1.051695033907890320e+00
5.074999928474426270e+00 1.054146453738212585e+00
5.124999880790710449e+00 1.046577800065279007e+00
5.174999833106994629e+00 1.039675690233707428e+00
5.224999785423278809e+00 1.037612874060869217e+00
5.274999737739562988e+00 1.023439584299921989e+00
5.324999690055847168e+00 1.010738635435700417e+00
5.374999642372131348e+00 9.986146781593561172e-01
5.425000190734863281e+00 9.839169327169656754e-01
5.475000143051147461e+00 9.666828624904155731e-01
5.525000095367431641e+00 9.532493017613887787e-01
5.575000047683715820e+00 9.451692793518304825e-01
5.625000000000000000e+00 9.319285470992326736e-01
5.674999952316284180e+00 9.237865153700113297e-01
5.724999904632568359e+00 9.192600604146718979e-01
5.774999856948852539e+00 9.139541219919919968e-01
5.824999809265136719e+00 9.085923247039318085e-01
5.874999761581420898e+00 9.066475331783294678e-01
5.924999713897705078e+00 9.035519585013389587e-01
5.974999666213989258e+00 9.043524190783500671e-01
6.024999618530273438e+00 9.059754777699708939e-01
6.074999570846557617e+00 9.073320534080266953e-01
6.125000119209289551e+00 9.103410355746746063e-01
6.175000071525573730e+00 9.128574933856725693e-01
6.225000023841857910e+00 9.203200079500675201e-01
6.274999976158142090e+00 9.257953930646181107e-01
6.324999928474426270e+00 9.294674340635538101e-01
6.374999880790710449e+00 9.367306847125291824e-01
6.424999833106994629e+00 9.413512088358402252e-01
6.474999785423278809e+00 9.516157116740942001e-01
6.524999737739562988e+00 9.583338424563407898e-01
6.574999690055847168e+00 9.682496227324008942e-01
6.624999642372131348e+00 9.805547278374433517e-01
6.674999594688415527e+00 9.906052295118570328e-01
6.725000143051147461e+00 9.984026830643415451e-01
6.775000095367431641e+00 1.011126266792416573e+00
6.825000047683715820e+00 1.020783590152859688e+00
6.875000000000000000e+00 1.029803298413753510e+00
6.924999952316284180e+00 1.038183312863111496e+00
6.974999904632568359e+00 1.041969351470470428e+00
7.024999856948852539e+00 1.050788443535566330e+00
7.074999809265136719e+00 1.057885661721229553e+00
7.124999761581420898e+00 1.059374567121267319e+00
7.174999713897705078e+00 1.062285639345645905e+00
7.224999666213989258e+00 1.064265284687280655e+00
7.274999618530273438e+00 1.063041485846042633e+00
7.324999570846557617e+00 1.062367476522922516e+00
7.374999523162841797e+00 1.060917895287275314e+00
7.425000071525573730e+00 1.058187574148178101e+00
7.475000023841857910e+00 1.054542314261198044e+00
7.524999976158142090e+00 1.053009308874607086e+00
7.574999928474426270e+00 1.048620633780956268e+00
7.624999880790710449e+00 1.043641425669193268e+00
7.674999833106994629e+00 1.039489198476076126e+00
7.724999785423278809e+00 1.037545178085565567e+00
7.774999737739562988e+00 1.035469815135002136e+00
7.824999690055847168e+00 1.027472779154777527e+00
7.874999642372131348e+00 1.026683337986469269e+00
7.924999594688415527e+00 1.023940235376358032e+00
7.974999547004699707e+00 1.021381542086601257e+00
8.025000095367431641e+00 1.020307894796133041e+00
8.075000047683715820e+00 1.019345501437783241e+00
8.125000000000000000e+00 1.017038952559232712e+00
8.174999952316284180e+00 1.016457714140415192e+00
8.224999904632568359e+00 1.016449620947241783e+00
8.274999856948852539e+00 1.015504756942391396e+00
8.324999809265136719e+00 1.016419768333435059e+00
8.374999761581420898e+00 1.015479708090424538e+00
8.424999713897705078e+00 1.014775067567825317e+00
8.474999666213989258e+00 1.016104593873023987e+00
8.524999618530273438e+00 1.015703033655881882e+00
8.574999570846557617e+00 1.016670493409037590e+00
8.624999523162841797e+00 1.015662064775824547e+00
8.675000071525573730e+00 1.019314911216497421e+00
8.725000023841857910e+00 1.020218711346387863e+00
8.774999976158142090e+00 1.017632275819778442e+00
8.824999928474426270e+00 1.019806269556283951e+00
8.874999880790710449e+00 1.019880944862961769e+00
8.924999833106994629e+00 1.021027736365795135e+00
8.974999785423278809e+00 1.020002491772174835e+00
9.024999737739562988e+00 1.020604349672794342e+00
9.074999690055847168e+00 1.020673234015703201e+00
9.124999642372131348e+00 1.022940389811992645e+00
9.174999594688415527e+00 1.021158710122108459e+00
9.224999547004699707e+00 1.023946493864059448e+00
9.275000095367431641e+00 1.022118702530860901e+00
9.325000047683715820e+00 1.021777823567390442e+00
9.375000000000000000e+00 1.020151440054178238e+00
9.424999952316284180e+00 1.021718718111515045e+00
9.474999904632568359e+00 1.020124316215515137e+00
9.524999856948852539e+00 1.017286576330661774e+00
9.574999809265136719e+00 1.017603153362870216e+00
9.624999761581420898e+00 1.015258371829986572e+00
9.674999713897705078e+00 1.013919141143560410e+00
9.724999666213989258e+00 1.013187091797590256e+00
9.774999618530273438e+00 1.011556398123502731e+00
9.824999570846557617e+00 1.009315973147749901e+00
9.874999523162841797e+00 1.008036956191062927e+00
9.924999475479125977e+00 1.007106939330697060e+00
9.975000023841857910e+00 1.004463832825422287e+00
1.002500057220458984e+01 1.003226807340979576e+00
1.007499933242797852e+01 1.000609008595347404e+00
1.012500047683715820e+01 9.998703338205814362e-01
1.017499923706054688e+01 9.978127498179674149e-01
1.022500038146972656e+01 9.967094622552394867e-01
1.027499914169311523e+01 9.962476938962936401e-01
1.032500028610229492e+01 9.941406883299350739e-01
1.037499904632568359e+01 9.951873701065778732e-01
1.042500019073486328e+01 9.921329338103532791e-01
1.047499895095825195e+01 9.949568994343280792e-01
1.052500009536743164e+01 9.907629918307065964e-01
1.057499885559082031e+01 9.904101900756359100e-01
1.062500000000000000e+01 9.912048522382974625e-01
1.067499876022338867e+01 9.904683493077754974e-01
1.072499990463256836e+01 9.904188066720962524e-01
1.077499866485595703e+01 9.900485854595899582e-01
1.082499980926513672e+01 9.911910761147737503e-01
1.087499976158142090e+01 9.910025335848331451e-01
1.092499971389770508e+01 9.902665317058563232e-01
1.097500085830688477e+01 9.920571297407150269e-01
1.102499961853027344e+01 9.915789123624563217e-01
1.107500076293945312e+01 9.901706427335739136e-01
1.112499952316284180e+01 9.898551218211650848e-01
1.117500066757202148e+01 9.906488172709941864e-01
1.122499942779541016e+01 9.910352732986211777e-01
1.127500057220458984e+01 9.921186659485101700e-01
1.132499933242797852e+01 9.908256642520427704e-01
1.137500047683715820e+01 9.923573136329650879e-01
1.142499923706054688e+01 9.921615645289421082e-01
1.147500038146972656e+01 9.923602193593978882e-01
1.152499914169311523e+01 9.921094328165054321e-01
1.157500028610229492e+01 9.934938605874776840e-01
1.162499904632568359e+01 9.939960148185491562e-01
1.167500019073486328e+01 9.934300351887941360e-01
1.172499895095825195e+01 9.941730257123708725e-01
1.177500009536743164e+01 9.949193485081195831e-01
1.182499885559082031e+01 9.947634767740964890e-01
1.187500000000000000e+01 9.949812237173318863e-01
1.192499876022338867e+01 9.947452638298273087e-01
1.197499990463256836e+01 9.958119392395019531e-01
1.202499866485595703e+01 9.958457145839929581e-01
1.207499980926513672e+01 9.951806627213954926e-01
1.212499856948852539e+01 9.950990434736013412e-01
1.217499971389770508e+01 9.968105852603912354e-01
1.222500085830688477e+01 9.955692626535892487e-01
1.227499961853027344e+01 9.968202989548444748e-01
1.232500076293945312e+01 9.962499570101499557e-01
1.237499952316284180e+01 9.958701748400926590e-01
1.242500066757202148e+01 9.972267653793096542e-01
1.247499942779541016e+01 9.959647990763187408e-01
