1.354205257892608483e+00 6.005439854350925485e-05
1.357730767726898158e+00 6.072821816700738554e-06
1.361256277561187833e+00 2.637551054361101649e-05
1.364781787395477286e+00 1.241375674942666880e-04
1.368307297229766739e+00 1.316040149434472863e-04
1.371832807064056414e+00 2.591205707893033000e-04
1.375358316898346089e+00 2.121102682873254072e-04
1.378883826732635542e+00 4.693722799407230731e-04
1.382409336566924996e+00 8.126380229603044148e-04
1.385934846401214671e+00 1.525942465700217939e-03
1.389460356235504124e+00 1.742342465880446006e-03
1.392985866069793577e+00 3.106813488165792881e-03
1.396511375904083252e+00 5.251652204377650970e-03
1.400036885738372927e+00 8.331436466066608273e-03
1.403562395572662380e+00 1.241476818681348619e-02
1.407087905406951833e+00 1.743069232663040091e-02
1.410613415241241508e+00 2.450713440659241585e-02
1.414138925075530961e+00 3.404394831763264684e-02
1.417664434909820415e+00 5.058580379145610068e-02
1.421189944744110090e+00 7.058633877615357044e-02
1.424715454578399765e+00 9.851347407750019047e-02
1.428240964412689218e+00 1.340098055404681243e-01
1.431766474246978671e+00 1.787228521620465305e-01
1.435291984081268346e+00 2.407237477464632958e-01
1.438817493915558021e+00 3.184652271941410540e-01
1.442343003749847252e+00 4.189092487806735376e-01
1.445868513584136927e+00 5.476466464037391679e-01
1.449394023418426602e+00 6.963865825163755297e-01
1.452919533252716056e+00 8.856795186326933411e-01
1.456445043087005509e+00 1.107356713306593798e+00
1.459970552921295184e+00 1.373540607450255857e+00
1.463496062755584859e+00 1.694368314002870024e+00
1.467021572589874312e+00 2.042843304812901106e+00
1.470547082424163765e+00 2.463275180766861361e+00
1.474072592258453440e+00 2.963577766543725733e+00
1.477598102092742893e+00 3.424479825208186501e+00
1.481123611927032346e+00 4.070201905548782584e+00
1.484649121761322021e+00 4.682501687393122225e+00
1.488174631595611697e+00 5.348801783113423802e+00
1.491700141429901150e+00 6.038924995291480968e+00
1.495225651264190603e+00 6.746482818054880148e+00
1.498751161098480278e+00 7.406700543940403669e+00
1.502276670932769731e+00 8.183019683801884270e+00
1.505802180767059184e+00 8.795183101682477300e+00
1.509327690601348859e+00 9.482425980923995468e+00
1.512853200435638534e+00 1.005487911054543382e+01
1.516378710269927987e+00 1.051919277764193161e+01
1.519904220104217440e+00 1.092048166395011144e+01
1.523429729938507116e+00 1.123697555517093605e+01
1.526955239772796569e+00 1.137914303294453511e+01
1.530480749607086022e+00 1.153646727218422896e+01
1.534006259441375697e+00 1.144876751605585419e+01
1.537531769275665372e+00 1.122527249921947679e+01
1.541057279109954825e+00 1.099975728803996056e+01
1.544582788944244278e+00 1.061646312034916484e+01
1.548108298778533953e+00 1.010611979618199285e+01
1.551633808612823628e+00 9.579957011729668181e+00
1.555159318447113082e+00 8.903738340940654084e+00
1.558684828281402535e+00 8.207138730946153871e+00
1.562210338115692210e+00 7.600750336995462320e+00
1.565735847949981663e+00 6.843928909735509158e+00
1.569261357784271116e+00 6.100972821507959054e+00
1.572786867618560791e+00 5.457983578767280797e+00
1.576312377452850466e+00 4.799153864640095080e+00
1.579837887287139919e+00 4.158700798155280154e+00
1.583363397121429372e+00 3.583228961662058065e+00
1.586888906955719047e+00 2.998553676940777901e+00
1.590414416790008501e+00 2.540237515205132190e+00
1.593939926624297954e+00 2.119682615706980577e+00
1.597465436458587629e+00 1.751831000250967163e+00
1.600990946292877304e+00 1.448703007725773650e+00
1.604516456127166757e+00 1.152199326338591900e+00
1.608041965961456210e+00 9.196947332218017301e-01
1.611567475795745885e+00 7.329378738102705348e-01
1.615092985630035338e+00 5.691199601446179646e-01
1.618618495464325013e+00 4.369252451563316875e-01
1.622144005298614466e+00 3.385852530548921213e-01
1.625669515132904142e+00 2.531780718569838773e-01
1.629195024967193595e+00 1.913885437149247248e-01
1.632720534801483048e+00 1.378663983193826048e-01
1.636246044635772723e+00 1.036797334750522576e-01
1.639771554470062176e+00 7.307283356808939867e-02
1.643297064304351851e+00 5.216581159329722328e-02
1.646822574138641304e+00 3.923348594666257322e-02
1.650348083972930979e+00 2.735134481908496271e-02
1.653873593807220432e+00 2.031234411776565094e-02
1.657399103641509885e+00 1.298732261037328570e-02
1.660924613475799561e+00 9.961768473186614209e-03
1.664450123310089236e+00 6.980415054482307785e-03
1.667975633144378689e+00 3.998602764688515172e-03
1.671501142978668142e+00 2.450784394956166852e-03
1.675026652812957817e+00 1.399931588524406167e-03
1.678552162647247270e+00 8.093889538624304174e-04
1.682077672481536723e+00 8.332947576717187081e-04
1.685603182315826398e+00 5.555642221798951777e-04
1.689128692150116073e+00 3.076518896335500271e-04
1.692654201984405526e+00 1.638770070016621792e-04
1.696179711818694980e+00 6.133563196936084327e-05
1.699705221652984655e+00 1.884299141450304803e-05
1.703230731487274108e+00 1.177415020991900887e-04
