9.139443010091781172e-01 2.069449301832589731e-05
9.174417763948441440e-01 8.636769549454267599e-06
9.209392517805099487e-01 8.230399420379698787e-10
9.244367271661757535e-01 1.972745340563814846e-10
9.279342025518417802e-01 6.506256875719355669e-06
9.314316779375075850e-01 3.363339265499588074e-05
9.349291533231736118e-01 7.593979587523562132e-05
9.384266287088394165e-01 7.414271743300653993e-05
9.419241040945052212e-01 1.807595552932619832e-04
9.454215794801712480e-01 1.892547818129163820e-04
9.489190548658370528e-01 3.007473542927146040e-04
9.524165302515030795e-01 6.190770326210726137e-04
9.559140056371688843e-01 1.118362827509476872e-03
9.594114810228346890e-01 1.899950024538071521e-03
9.629089564085007158e-01 2.437816763964490395e-03
9.664064317941665205e-01 4.107364830570316150e-03
9.699039071798325473e-01 6.192079355879132226e-03
9.734013825654983521e-01 9.586885346554867987e-03
9.768988579511641568e-01 1.435563898766211745e-02
9.803963333368301836e-01 2.244434795564331786e-02
9.838938087224959883e-01 3.224637634996031094e-02
9.873912841081620151e-01 4.636069811686770181e-02
9.908887594938278198e-01 7.308074964050920164e-02
9.943862348794936246e-01 9.976779715576364338e-02
9.978837102651596513e-01 1.406549765965209309e-01
1.001381185650825456e+00 1.992616729271450282e-01
1.004878661036491483e+00 2.722738467146484931e-01
1.008376136422157288e+00 3.644726858686980764e-01
1.011873611807823092e+00 4.979523447165095096e-01
1.015371087193489119e+00 6.447822323364766905e-01
1.018868562579154924e+00 8.417078020299726404e-01
1.022366037964820951e+00 1.108263137004146248e+00
1.025863513350486755e+00 1.402426100245678597e+00
1.029360988736152560e+00 1.751569433151468624e+00
1.032858464121818587e+00 2.171649905957397486e+00
1.036355939507484392e+00 2.637471424878961024e+00
1.039853414893150418e+00 3.215159527932564210e+00
1.043350890278816223e+00 3.901371061611149216e+00
1.046848365664482028e+00 4.599554793730190383e+00
1.050345841050148055e+00 5.313436687025532734e+00
1.053843316435813859e+00 6.173958501789569731e+00
1.057340791821479886e+00 6.972351977737855755e+00
1.060838267207145691e+00 7.882799474044457355e+00
1.064335742592811496e+00 8.719906995425080964e+00
1.067833217978477522e+00 9.414271522911230150e+00
1.071330693364143327e+00 1.040118358429410428e+01
1.074828168749809354e+00 1.114550621899066485e+01
1.078325644135475159e+00 1.156120853792616998e+01
1.081823119521140963e+00 1.214199699703451429e+01
1.085320594906806990e+00 1.235100159445389423e+01
1.088818070292472795e+00 1.248980879760249252e+01
1.092315545678138822e+00 1.281752763828606767e+01
1.095813021063804626e+00 1.245240786730027693e+01
1.099310496449470431e+00 1.221199894690805543e+01
1.102807971835136458e+00 1.184467953986982103e+01
1.106305447220802263e+00 1.124795457814874489e+01
1.109802922606468290e+00 1.069963185884617296e+01
1.113300397992134094e+00 9.907962093250997526e+00
1.116797873377799899e+00 8.975577805442597423e+00
1.120295348763465926e+00 8.286727079093042292e+00
1.123792824149131730e+00 7.409678426308364152e+00
1.127290299534797757e+00 6.533499816553607786e+00
1.130787774920463562e+00 5.714286196019249253e+00
1.134285250306129367e+00 4.889601301300921854e+00
1.137782725691795394e+00 4.145733347329148444e+00
1.141280201077461198e+00 3.538754274219990670e+00
1.144777676463127225e+00 2.909497169543347361e+00
1.148275151848793030e+00 2.369192985698407306e+00
1.151772627234458835e+00 1.940195234816374015e+00
1.155270102620124861e+00 1.548578709951615728e+00
1.158767578005790666e+00 1.207644527502367726e+00
1.162265053391456693e+00 9.543694807821073711e-01
1.165762528777122498e+00 7.130024180005274381e-01
1.169260004162788302e+00 5.562259159044414814e-01
1.172757479548454329e+00 4.233760579106946587e-01
1.176254954934120134e+00 3.127738732547482581e-01
1.179752430319786161e+00 2.272783206009865997e-01
1.183249905705451965e+00 1.650958179650538482e-01
1.186747381091117770e+00 1.185352043014021167e-01
1.190244856476783797e+00 8.351178531374091329e-02
1.193742331862449602e+00 5.676934528530031693e-02
1.197239807248115628e+00 3.974744403288669320e-02
1.200737282633781433e+00 2.663248885691637396e-02
1.204234758019447238e+00 1.793466763026183367e-02
1.207732233405113265e+00 1.208074645724952975e-02
1.211229708790779069e+00 8.234587107077060569e-03
1.214727184176445096e+00 5.152766635214896772e-03
1.218224659562110901e+00 3.179312214188015524e-03
1.221722134947776706e+00 1.871480793002169591e-03
1.225219610333442732e+00 1.117955721524642237e-03
1.228717085719108537e+00 5.221279638089186851e-04
1.232214561104774564e+00 4.915775529980798229e-04
1.235712036490440369e+00 1.696439915743098048e-04
1.239209511876106173e+00 1.483487083816122901e-04
1.242706987261772200e+00 1.341963381286915234e-04
1.246204462647438005e+00 7.622026219828887685e-05
1.249701938033104032e+00 4.273278236264833805e-06
1.253199413418769836e+00 2.033733146879303152e-05
1.256696888804435641e+00 1.948174875581115274e-05
1.260194364190101668e+00 1.826572028819873700e-05
