1.243662357926368589e+00 6.509228141901559283e-05
1.247004749178886485e+00 5.722283745985206095e-06
1.250347140431403936e+00 1.580384419946171694e-05
1.253689531683921832e+00 7.671382456815211608e-05
1.257031922936439505e+00 1.856825841667199088e-04
1.260374314188957179e+00 1.237357259881938308e-04
1.263716705441475074e+00 1.548134625899708961e-04
1.267059096693992526e+00 2.769589326782482186e-04
1.270401487946510422e+00 6.039812051358702753e-04
1.273743879199027873e+00 1.147623828983690246e-03
1.277086270451545769e+00 1.012238875905687547e-03
1.280428661704063220e+00 1.702197290039620921e-03
1.283771052956581116e+00 2.760958189167790795e-03
1.287113444209099011e+00 4.092244946512961848e-03
1.290455835461616463e+00 6.286631977416212193e-03
1.293798226714134358e+00 9.818204014182893222e-03
1.297140617966651810e+00 1.400656305809612652e-02
1.300483009219169706e+00 2.302242009795649885e-02
1.303825400471687157e+00 3.384656666220371701e-02
1.307167791724205053e+00 4.737472153781353834e-02
1.310510182976722726e+00 6.697148257862410581e-02
1.313852574229240400e+00 9.651770817633766042e-02
1.317194965481758295e+00 1.289963567479774920e-01
1.320537356734275747e+00 1.751865641615941993e-01
1.323879747986793642e+00 2.394901379376231376e-01
1.327222139239311094e+00 3.098714113392952441e-01
1.330564530491828990e+00 4.244409492436809206e-01
1.333906921744346441e+00 5.482251628096793672e-01
1.337249312996864337e+00 7.106584358511266464e-01
1.340591704249382010e+00 9.064045150192849842e-01
1.343934095501899684e+00 1.154956886154242302e+00
1.347276486754417579e+00 1.447264512645666468e+00
1.350618878006935031e+00 1.799937230675476840e+00
1.353961269259452926e+00 2.199647060312371227e+00
1.357303660511970378e+00 2.625934726888579540e+00
1.360646051764488274e+00 3.177617560618584580e+00
1.363988443017005725e+00 3.767734606529075769e+00
1.367330834269523621e+00 4.396930906617580348e+00
1.370673225522041294e+00 5.116979301975224104e+00
1.374015616774558968e+00 5.868420023207301384e+00
1.377358008027076863e+00 6.559510287883910884e+00
1.380700399279594315e+00 7.475607900547194262e+00
1.384042790532112210e+00 8.201358194734270413e+00
1.387385181784629662e+00 8.998526946426899542e+00
1.390727573037147557e+00 9.667187883605404153e+00
1.394069964289665231e+00 1.043259452889677341e+01
1.397412355542182905e+00 1.095720497779353941e+01
1.400754746794700800e+00 1.162315986279788582e+01
1.404097138047218252e+00 1.199121630682828155e+01
1.407439529299736147e+00 1.220620464848514253e+01
1.410781920552253599e+00 1.248218875204914191e+01
1.414124311804771494e+00 1.250288791351714934e+01
1.417466703057288946e+00 1.230472688233512990e+01
1.420809094309806841e+00 1.209623561659469893e+01
1.424151485562324515e+00 1.171844469675906630e+01
1.427493876814842189e+00 1.116921733161780494e+01
1.430836268067360084e+00 1.067711006082898884e+01
1.434178659319877536e+00 9.937059018878608541e+00
1.437521050572395431e+00 9.237862164597501646e+00
1.440863441824912883e+00 8.447150618108111075e+00
1.444205833077430778e+00 7.698017425465427443e+00
1.447548224329948230e+00 6.818491803121577099e+00
1.450890615582466125e+00 6.169406828048686897e+00
1.454233006834983799e+00 5.360338370874795366e+00
1.457575398087501473e+00 4.664263067456261957e+00
1.460917789340019368e+00 4.002621752275858036e+00
1.464260180592536820e+00 3.411545259050456469e+00
1.467602571845054715e+00 2.828229232180679009e+00
1.470944963097572167e+00 2.371202568159284318e+00
1.474287354350090062e+00 1.937897023389643536e+00
1.477629745602607736e+00 1.568427317790974662e+00
1.480972136855125409e+00 1.257275747581886760e+00
1.484314528107643305e+00 9.913415281108503008e-01
1.487656919360160757e+00 7.854935379359518910e-01
1.490999310612678652e+00 5.992368206487135307e-01
1.494341701865196104e+00 4.689997842973454567e-01
1.497684093117713999e+00 3.601383093027553661e-01
1.501026484370231451e+00 2.651877929040081239e-01
1.504368875622749346e+00 1.945529328660295376e-01
1.507711266875267020e+00 1.444417986060134995e-01
1.511053658127784693e+00 1.072596461513426191e-01
1.514396049380302589e+00 7.801837322581151035e-02
1.517738440632820041e+00 5.109949026544574613e-02
1.521080831885337936e+00 3.665098682083826886e-02
1.524423223137855388e+00 2.611014740072153603e-02
1.527765614390373283e+00 1.840713468857989310e-02
1.531108005642890735e+00 1.196339625531038682e-02
1.534450396895408630e+00 7.995194514384823536e-03
1.537792788147926304e+00 5.033742495336235474e-03
1.541135179400443977e+00 2.701685454781325990e-03
1.544477570652961873e+00 2.114988115718901412e-03
1.547819961905479325e+00 1.167918694812753117e-03
1.551162353157997220e+00 9.618085914058003942e-04
1.554504744410514672e+00 7.236805762520292585e-04
1.557847135663032567e+00 4.491542350584727433e-04
1.561189526915550241e+00 2.215918619720632114e-04
1.564531918168067914e+00 1.564339888810628489e-04
1.567874309420585588e+00 1.704777031416305740e-04
1.571216700673103261e+00 2.752253184062530323e-05
1.574559091925621157e+00 1.208738090241350579e-04
