8.340285420417785645e-01 8.213523508287517570e-05
8.366746306419372559e-01 7.215946298994481564e-05
8.393207192420959473e-01 9.237172241594420450e-05
8.419668078422546387e-01 2.056497889436391467e-04
8.446128964424133301e-01 6.149332675924252308e-04
8.472589850425720215e-01 9.705146623926128860e-04
8.499050736427307129e-01 9.058436955414339445e-04
8.525511622428894043e-01 1.665460169936307548e-03
8.551972508430480957e-01 3.894353151458968768e-03
8.578433394432067871e-01 4.743607643304031951e-03
8.604894280433654785e-01 6.209535593673587255e-03
8.631355166435241699e-01 9.508504990750864250e-03
8.657816052436828613e-01 1.289332920963631897e-02
8.684276938438415527e-01 1.963781455635904560e-02
8.710737824440002441e-01 2.886883540661982009e-02
8.737198710441589355e-01 4.308277488662329291e-02
8.763659596443176270e-01 6.085200224634212951e-02
8.790120482444763184e-01 8.320347314740721145e-02
8.816581368446350098e-01 1.161619370490578479e-01
8.843042254447937012e-01 1.640964655980894915e-01
8.869503140449523926e-01 2.280906327437453585e-01
8.895964026451110840e-01 2.941065473996694601e-01
8.922424912452697754e-01 4.103757988250294475e-01
8.948885798454284668e-01 5.256090803829223113e-01
8.975346684455871582e-01 6.814015206309532724e-01
9.001807570457458496e-01 8.818694212257822684e-01
9.028268456459045410e-01 1.129181292549669369e+00
9.054729342460632324e-01 1.433106158549242171e+00
9.081190228462219238e-01 1.792256195537973662e+00
9.107651114463806152e-01 2.183610590231290338e+00
9.134112000465393066e-01 2.723620246957205282e+00
9.160572886466979980e-01 3.239226044128376003e+00
9.187033772468566895e-01 3.863940468483852975e+00
9.213494658470153809e-01 4.641502760095843172e+00
9.239955544471740723e-01 5.404232133260487458e+00
9.266416430473327637e-01 6.201122639640651357e+00
9.292877316474914551e-01 7.023917406454925683e+00
9.319338202476501465e-01 8.092573534476922958e+00
9.345799088478088379e-01 9.009675289547265820e+00
9.372259974479675293e-01 9.999725360597226498e+00
9.398720860481262207e-01 1.088659577809603540e+01
9.425181746482849121e-01 1.199911872241232480e+01
9.451642632484436035e-01 1.264439676595433859e+01
9.478103518486022949e-01 1.339690103572304913e+01
9.504564404487609863e-01 1.414828214770895798e+01
9.531025290489196777e-01 1.473098299406402489e+01
9.557486176490783691e-01 1.510037787022534417e+01
9.583947062492370605e-01 1.523358473585612316e+01
9.610407948493957520e-01 1.549968377804133546e+01
9.636868834495544434e-01 1.555856644325995042e+01
9.663329720497131348e-01 1.501839335760730698e+01
9.689790606498718262e-01 1.460861472341511380e+01
9.716251492500305176e-01 1.443766552285677029e+01
9.742712378501892090e-01 1.335812950935084409e+01
9.769173264503479004e-01 1.286250511522958107e+01
9.795634150505065918e-01 1.185773780603055094e+01
9.822095036506652832e-01 1.103436727290184471e+01
9.848555922508239746e-01 1.017788242884847705e+01
9.875016808509826660e-01 8.973180548220060615e+00
9.901477694511413574e-01 8.209235964974356037e+00
9.927938580513000488e-01 7.277433229497496825e+00
9.954399466514587402e-01 6.194129277903029696e+00
9.980860352516174316e-01 5.473614594829633084e+00
1.000732123851776123e+00 4.692633682030854736e+00
1.003378212451934814e+00 3.913735608992793047e+00
1.006024301052093506e+00 3.311720124156089184e+00
1.008670389652252197e+00 2.700933345183664347e+00
1.011316478252410889e+00 2.277814166449944722e+00
1.013962566852569580e+00 1.813185031177119155e+00
1.016608655452728271e+00 1.472701948953195172e+00
1.019254744052886963e+00 1.165826825236548459e+00
1.021900832653045654e+00 9.093724264824197823e-01
1.024546921253204346e+00 7.186164743159191293e-01
1.027193009853363037e+00 5.508900437991117727e-01
1.029839098453521729e+00 4.184494046923338262e-01
1.032485187053680420e+00 3.164964974662760056e-01
1.035131275653839111e+00 2.331436073824347810e-01
1.037777364253997803e+00 1.634480102951047509e-01
1.040423452854156494e+00 1.270262468057364313e-01
1.043069541454315186e+00 9.515196873411244094e-02
1.045715630054473877e+00 6.526608605123546125e-02
1.048361718654632568e+00 4.400401009228112337e-02
1.051007807254791260e+00 3.326300888312162807e-02
1.053653895854949951e+00 2.319661695791357114e-02
1.056299984455108643e+00 1.406877799779104356e-02
1.058946073055267334e+00 9.579140250838915488e-03
1.061592161655426025e+00 5.984957033370184171e-03
1.064238250255584717e+00 4.582563122565744447e-03
1.066884338855743408e+00 3.060284752095797020e-03
1.069530427455902100e+00 2.191358267162407669e-03
1.072176516056060791e+00 1.728927247012428201e-03
1.074822604656219482e+00 8.237640355838699935e-04
1.077468693256378174e+00 3.065149073866297279e-04
1.080114781856536865e+00 2.311795463091828725e-04
1.082760870456695557e+00 1.607050451563514775e-04
1.085406959056854248e+00 5.868272140716322580e-05
1.088053047657012939e+00 6.945718764560839800e-05
1.090699136257171631e+00 1.106048690831132824e-04
1.093345224857330322e+00 1.489675030461218329e-05
1.095991313457489014e+00 8.083037501837546780e-05
