2.499999944120645523e-02 0.000000000000000000e+00
7.499999832361936569e-02 0.000000000000000000e+00
1.249999925494194031e-01 0.000000000000000000e+00
1.750000007450580597e-01 0.000000000000000000e+00
2.249999903142452240e-01 0.000000000000000000e+00
2.749999985098838806e-01 0.000000000000000000e+00
3.249999880790710449e-01 0.000000000000000000e+00
3.750000149011611938e-01 0.000000000000000000e+00
4.249999672174453735e-01 0.000000000000000000e+00
4.749999940395355225e-01 0.000000000000000000e+00
5.249999836087226868e-01 0.000000000000000000e+00
5.749999731779098511e-01 0.000000000000000000e+00
6.250000000000000000e-01 0.000000000000000000e+00
6.749999523162841797e-01 0.000000000000000000e+00
7.249999791383743286e-01 0.000000000000000000e+00
7.750000059604644775e-01 0.000000000000000000e+00
8.249999582767486572e-01 0.000000000000000000e+00
8.749999850988388062e-01 0.000000000000000000e+00
9.250000119209289551e-01 0.000000000000000000e+00
9.749999642372131348e-01 0.000000000000000000e+00
1.024999916553497314e+00 0.000000000000000000e+00
1.075000017881393433e+00 0.000000000000000000e+00
1.124999970197677612e+00 0.000000000000000000e+00
1.174999922513961792e+00 0.000000000000000000e+00
1.225000023841857910e+00 0.000000000000000000e+00
1.274999976158142090e+00 0.000000000000000000e+00
1.324999928474426270e+00 0.000000000000000000e+00
1.374999880790710449e+00 0.000000000000000000e+00
1.424999982118606567e+00 0.000000000000000000e+00
1.474999934434890747e+00 0.000000000000000000e+00
1.525000035762786865e+00 0.000000000000000000e+00
1.574999988079071045e+00 0.000000000000000000e+00
1.624999940395355225e+00 0.000000000000000000e+00
1.674999892711639404e+00 0.000000000000000000e+00
1.724999994039535522e+00 0.000000000000000000e+00
1.774999946355819702e+00 0.000000000000000000e+00
1.825000047683715820e+00 0.000000000000000000e+00
1.875000000000000000e+00 0.000000000000000000e+00
1.924999952316284180e+00 0.000000000000000000e+00
1.974999904632568359e+00 0.000000000000000000e+00
2.024999856948852539e+00 0.000000000000000000e+00
2.074999958276748657e+00 0.000000000000000000e+00
2.124999910593032837e+00 0.000000000000000000e+00
2.175000011920928955e+00 0.000000000000000000e+00
2.224999964237213135e+00 0.000000000000000000e+00
2.274999916553497314e+00 0.000000000000000000e+00
2.324999868869781494e+00 0.000000000000000000e+00
2.374999970197677612e+00 2.731565928115742281e-05
2.424999922513961792e+00 1.563142504892311990e-03
2.475000023841857910e+00 2.551224420312792063e-02
2.524999976158142090e+00 1.928355535492300987e-01
2.574999928474426270e+00 7.618030495941638947e-01
2.624999880790710449e+00 1.866049356758594513e+00
2.674999833106994629e+00 3.222377806901931763e+00
2.724999785423278809e+00 4.245716869831085205e+00
2.775000035762786865e+00 4.646487295627593994e+00
2.824999988079071045e+00 4.427280157804489136e+00
2.874999940395355225e+00 3.815705239772796631e+00
2.924999892711639404e+00 3.083848446607589722e+00
2.974999845027923584e+00 2.393284589052200317e+00
3.025000095367431641e+00 1.820392571389675140e+00
3.075000047683715820e+00 1.365240141749382019e+00
3.125000000000000000e+00 1.026680443435907364e+00
3.174999952316284180e+00 7.885448411107063293e-01
3.224999904632568359e+00 6.107981912791728973e-01
3.274999856948852539e+00 4.891246184706687927e-01
3.324999809265136719e+00 3.996769413352012634e-01
3.374999761581420898e+00 3.436414673924446106e-01
3.425000011920928955e+00 3.028744906187057495e-01
3.474999964237213135e+00 2.790569160133600235e-01
3.524999916553497314e+00 2.645508144050836563e-01
3.574999868869781494e+00 2.585914833471179008e-01
3.624999821186065674e+00 2.603420726954936981e-01
3.675000071525573730e+00 2.640477344393730164e-01
3.725000023841857910e+00 2.726924419403076172e-01
3.774999976158142090e+00 2.910214383155107498e-01
3.824999928474426270e+00 3.070060014724731445e-01
3.874999880790710449e+00 3.271030914038419724e-01
3.924999833106994629e+00 3.479191251099109650e-01
3.974999785423278809e+00 3.750809226185083389e-01
4.024999737739562988e+00 4.033936448395252228e-01
4.074999988079071045e+00 4.333754070103168488e-01
4.124999940395355225e+00 4.671463835984468460e-01
4.174999892711639404e+00 5.028725527226924896e-01
4.224999845027923584e+00 5.427266582846641541e-01
4.274999797344207764e+00 5.841215215623378754e-01
4.325000047683715820e+00 6.348087154328823090e-01
4.375000000000000000e+00 6.845004409551620483e-01
4.424999952316284180e+00 7.369558513164520264e-01
4.474999904632568359e+00 7.897508144378662109e-01
4.524999856948852539e+00 8.433110341429710388e-01
4.574999809265136719e+00 8.866789191961288452e-01
4.624999761581420898e+00 9.283270575106143951e-01
4.675000011920928955e+00 9.622596502304077148e-01
4.724999964237213135e+00 9.842009507119655609e-01
4.774999916553497314e+00 1.008446063846349716e+00
4.824999868869781494e+00 1.021804708987474442e+00
4.874999821186065674e+00 1.028717897832393646e+00
4.924999773502349854e+00 1.035984702408313751e+00
4.975000023841857910e+00 1.038290642201900482e+00
5.024999976158142090e+00 1.035963125526905060e+00
5.074999928474426270e+00 1.037735380232334137e+00
5.124999880790710449e+00 1.033532977104187012e+00
5.174999833106994629e+00 1.023520968854427338e+00
5.224999785423278809e+00 1.013544809073209763e+00
5.274999737739562988e+00 1.002317626029253006e+00
5.324999690055847168e+00 9.913682155311107635e-01
5.374999642372131348e+00 9.747246205806732178e-01
5.425000190734863281e+00 9.650613181293010712e-01
5.475000143051147461e+00 9.504393190145492554e-01
5.525000095367431641e+00 9.411150217056274414e-01
5.575000047683715820e+00 9.279717430472373962e-01
5.625000000000000000e+00 9.213923625648021698e-01
5.674999952316284180e+00 9.109508059918880463e-01
5.724999904632568359e+00 9.056845903396606445e-01
5.774999856948852539e+00 9.029641225934028625e-01
5.824999809265136719e+00 9.002680219709873199e-01
5.874999761581420898e+00 8.975835070013999939e-01
5.924999713897705078e+00 8.983590081334114075e-01
5.974999666213989258e+00 9.020118117332458496e-01
6.024999618530273438e+00 9.023566730320453644e-01
6.074999570846557617e+00 9.037909358739852905e-01
6.125000119209289551e+00 9.059139750897884369e-01
6.175000071525573730e+00 9.110052511096000671e-01
6.225000023841857910e+00 9.169904924929141998e-01
6.274999976158142090e+00 9.190926849842071533e-01
6.324999928474426270e+00 9.308140315115451813e-01
6.374999880790710449e+00 9.342730604112148285e-01
6.424999833106994629e+00 9.438609257340431213e-01
6.474999785423278809e+00 9.534465223550796509e-01
6.524999737739562988e+00 9.591431617736816406e-01
6.574999690055847168e+00 9.706872887909412384e-01
6.624999642372131348e+00 9.803678542375564575e-01
6.674999594688415527e+00 9.897499084472656250e-01
6.725000143051147461e+00 1.000524688512086868e+00
6.775000095367431641e+00 1.009347017854452133e+00
6.825000047683715820e+00 1.021098699420690536e+00
6.875000000000000000e+00 1.028672553598880768e+00
6.924999952316284180e+00 1.035334430634975433e+00
6.974999904632568359e+00 1.043941058218479156e+00
7.024999856948852539e+00 1.048569068312644958e+00
7.074999809265136719e+00 1.054401174187660217e+00
7.124999761581420898e+00 1.058531388640403748e+00
7.174999713897705078e+00 1.059985153377056122e+00
7.224999666213989258e+00 1.062103487551212311e+00
7.274999618530273438e+00 1.062691390514373779e+00
7.324999570846557617e+00 1.060424976050853729e+00
7.374999523162841797e+00 1.060258246958255768e+00
7.425000071525573730e+00 1.056845955550670624e+00
7.475000023841857910e+00 1.052367404103279114e+00
7.524999976158142090e+00 1.050521522760391235e+00
7.574999928474426270e+00 1.047932215034961700e+00
7.624999880790710449e+00 1.045451000332832336e+00
7.674999833106994629e+00 1.041493214666843414e+00
7.724999785423278809e+00 1.040463060140609741e+00
7.774999737739562988e+00 1.035867065191268921e+00
7.824999690055847168e+00 1.033959873020648956e+00
7.874999642372131348e+00 1.031328640878200531e+00
7.924999594688415527e+00 1.029632188379764557e+00
7.974999547004699707e+00 1.026297241449356079e+00
8.025000095367431641e+00 1.024041309952735901e+00
8.075000047683715820e+00 1.022650316357612610e+00
8.125000000000000000e+00 1.022323723882436752e+00
8.174999952316284180e+00 1.021689370274543762e+00
8.224999904632568359e+00 1.021746568381786346e+00
8.274999856948852539e+00 1.021129172295331955e+00
8.324999809265136719e+00 1.022501848638057709e+00
8.374999761581420898e+00 1.022604510188102722e+00
8.424999713897705078e+00 1.019297778606414795e+00
8.474999666213989258e+00 1.022407151758670807e+00
8.524999618530273438e+00 1.022656723856925964e+00
8.574999570846557617e+00 1.023576609790325165e+00
8.624999523162841797e+00 1.022511586546897888e+00
8.675000071525573730e+00 1.025166124105453491e+00
8.725000023841857910e+00 1.025775112211704254e+00
8.774999976158142090e+00 1.024029687047004700e+00
8.824999928474426270e+00 1.027163647115230560e+00
8.874999880790710449e+00 1.027328081429004669e+00
8.924999833106994629e+00 1.027795322239398956e+00
8.974999785423278809e+00 1.028258040547370911e+00
9.024999737739562988e+00 1.026984274387359619e+00
9.074999690055847168e+00 1.027542702853679657e+00
9.124999642372131348e+00 1.028322383761405945e+00
9.174999594688415527e+00 1.028819084167480469e+00
9.224999547004699707e+00 1.029038399457931519e+00
9.275000095367431641e+00 1.028712272644042969e+00
9.325000047683715820e+00 1.029140256345272064e+00
9.375000000000000000e+00 1.027311123907566071e+00
9.424999952316284180e+00 1.028597995638847351e+00
9.474999904632568359e+00 1.025598987936973572e+00
9.524999856948852539e+00 1.025042697787284851e+00
9.574999809265136719e+00 1.023516535758972168e+00
9.624999761581420898e+00 1.022645801305770874e+00
9.674999713897705078e+00 1.020538590848445892e+00
9.724999666213989258e+00 1.019189823418855667e+00
9.774999618530273438e+00 1.017964806407690048e+00
9.824999570846557617e+00 1.015890061855316162e+00
9.874999523162841797e+00 1.014279060065746307e+00
9.924999475479125977e+00 1.011841971427202225e+00
9.975000023841857910e+00 1.009716339409351349e+00
1.002500057220458984e+01 1.008879382163286209e+00
1.007499933242797852e+01 1.009047683328390121e+00
1.012500047683715820e+01 1.006322249770164490e+00
1.017499923706054688e+01 1.004429247230291367e+00
1.022500038146972656e+01 1.001536902040243149e+00
1.027499914169311523e+01 1.002165962010622025e+00
1.032500028610229492e+01 1.000466022640466690e+00
1.037499904632568359e+01 1.000383678823709488e+00
1.042500019073486328e+01 9.971411637961864471e-01
1.047499895095825195e+01 9.972798973321914673e-01
1.052500009536743164e+01 9.968386627733707428e-01
1.057499885559082031e+01 9.968055970966815948e-01
1.062500000000000000e+01 9.965267293155193329e-01
1.067499876022338867e+01 9.953906275331974030e-01
1.072499990463256836e+01 9.953427053987979889e-01
1.077499866485595703e+01 9.940955340862274170e-01
1.082499980926513672e+01 9.941750690340995789e-01
1.087499976158142090e+01 9.933872111141681671e-01
1.092499971389770508e+01 9.951984770596027374e-01
1.097500085830688477e+01 9.936679378151893616e-01
1.102499961853027344e+01 9.932178072631359100e-01
1.107500076293945312e+01 9.940810203552246094e-01
1.112499952316284180e+01 9.945100173354148865e-01
1.117500066757202148e+01 9.956419132649898529e-01
1.122499942779541016e+01 9.950409345328807831e-01
1.127500057220458984e+01 9.949655458331108093e-01
1.132499933242797852e+01 9.940264970064163208e-01
1.137500047683715820e+01 9.966602846980094910e-01
1.142499923706054688e+01 9.960739463567733765e-01
1.147500038146972656e+01 9.959550835192203522e-01
1.152499914169311523e+01 9.958722963929176331e-01
1.157500028610229492e+01 9.961423836648464203e-01
1.162499904632568359e+01 9.977366514503955841e-01
1.167500019073486328e+01 9.972161427140235901e-01
1.172499895095825195e+01 9.968736432492733002e-01
1.177500009536743164e+01 9.964975491166114807e-01
1.182499885559082031e+01 9.962265975773334503e-01
1.187500000000000000e+01 9.979795701801776886e-01
1.192499876022338867e+01 9.970233514904975891e-01
1.197499990463256836e+01 9.970592148602008820e-01
1.202499866485595703e+01 9.984345138072967529e-01
1.207499980926513672e+01 9.986095391213893890e-01
1.212499856948852539e+01 9.973091073334217072e-01
1.217499971389770508e+01 9.972010999917984009e-01
1.222500085830688477e+01 9.969197139143943787e-01
1.227499961853027344e+01 9.978145658969879150e-01
1.232500076293945312e+01 9.983901269733905792e-01
1.237499952316284180e+01 9.986900128424167633e-01
1.242500066757202148e+01 9.966477937996387482e-01
1.247499942779541016e+01 9.982560127973556519e-01
