2.499999944120645523e-02 0.000000000000000000e+00
7.499999832361936569e-02 0.000000000000000000e+00
1.249999925494194031e-01 0.000000000000000000e+00
1.750000007450580597e-01 0.000000000000000000e+00
2.249999903142452240e-01 0.000000000000000000e+00
2.749999985098838806e-01 0.000000000000000000e+00
3.249999880790710449e-01 0.000000000000000000e+00
3.750000149011611938e-01 0.000000000000000000e+00
4.249999672174453735e-01 0.000000000000000000e+00
4.749999940395355225e-01 0.000000000000000000e+00
5.249999836087226868e-01 0.000000000000000000e+00
5.749999731779098511e-01 0.000000000000000000e+00
6.250000000000000000e-01 0.000000000000000000e+00
6.749999523162841797e-01 0.000000000000000000e+00
7.249999791383743286e-01 0.000000000000000000e+00
7.750000059604644775e-01 0.000000000000000000e+00
8.249999582767486572e-01 0.000000000000000000e+00
8.749999850988388062e-01 0.000000000000000000e+00
9.250000119209289551e-01 0.000000000000000000e+00
9.749999642372131348e-01 0.000000000000000000e+00
1.024999916553497314e+00 0.000000000000000000e+00
1.075000017881393433e+00 0.000000000000000000e+00
1.124999970197677612e+00 0.000000000000000000e+00
1.174999922513961792e+00 0.000000000000000000e+00
1.225000023841857910e+00 0.000000000000000000e+00
1.274999976158142090e+00 0.000000000000000000e+00
1.324999928474426270e+00 0.000000000000000000e+00
1.374999880790710449e+00 0.000000000000000000e+00
1.424999982118606567e+00 0.000000000000000000e+00
1.474999934434890747e+00 0.000000000000000000e+00
1.525000035762786865e+00 0.000000000000000000e+00
1.574999988079071045e+00 0.000000000000000000e+00
1.624999940395355225e+00 0.000000000000000000e+00
1.674999892711639404e+00 0.000000000000000000e+00
1.724999994039535522e+00 0.000000000000000000e+00
1.774999946355819702e+00 0.000000000000000000e+00
1.825000047683715820e+00 0.000000000000000000e+00
1.875000000000000000e+00 0.000000000000000000e+00
1.924999952316284180e+00 0.000000000000000000e+00
1.974999904632568359e+00 0.000000000000000000e+00
2.024999856948852539e+00 0.000000000000000000e+00
2.074999958276748657e+00 0.000000000000000000e+00
2.124999910593032837e+00 0.000000000000000000e+00
2.175000011920928955e+00 0.000000000000000000e+00
2.224999964237213135e+00 0.000000000000000000e+00
2.274999916553497314e+00 0.000000000000000000e+00
2.324999868869781494e+00 0.000000000000000000e+00
2.374999970197677612e+00 9.980039976653642952e-07
2.424999922513961792e+00 6.087824385758722201e-05
2.475000023841857910e+00 1.079341320291860029e-03
2.524999976158142090e+00 9.090818348340690136e-03
2.574999928474426270e+00 4.200449096970260143e-02
2.624999880790710449e+00 1.257899212650954723e-01
2.674999833106994629e+00 2.760349288582801819e-01
2.724999785423278809e+00 4.814663194119930267e-01
2.775000035762786865e+00 7.146095260977745056e-01
2.824999988079071045e+00 9.448368139564990997e-01
2.874999940395355225e+00 1.150344051420688629e+00
2.924999892711639404e+00 1.322262957692146301e+00
2.974999845027923584e+00 1.460286408662796021e+00
3.025000095367431641e+00 1.568828329443931580e+00
3.075000047683715820e+00 1.652944095432758331e+00
3.125000000000000000e+00 1.718271940946578979e+00
3.174999952316284180e+00 1.770068854093551636e+00
3.224999904632568359e+00 1.811463564634323120e+00
3.274999856948852539e+00 1.845647700130939484e+00
3.324999809265136719e+00 1.874440111219882965e+00
3.374999761581420898e+00 1.899946093559265137e+00
3.425000011920928955e+00 1.923096798360347748e+00
3.474999964237213135e+00 1.945053867995738983e+00
3.524999916553497314e+00 1.966474048793315887e+00
3.574999868869781494e+00 1.988006971776485443e+00
3.624999821186065674e+00 2.010296896100044250e+00
3.675000071525573730e+00 2.033533439040184021e+00
3.725000023841857910e+00 2.058188602328300476e+00
3.774999976158142090e+00 2.085211560130119324e+00
3.824999928474426270e+00 2.114478513598442078e+00
3.874999880790710449e+00 2.146483510732650757e+00
3.924999833106994629e+00 2.181408137083053589e+00
3.974999785423278809e+00 2.220022395253181458e+00
4.024999737739562988e+00 2.262605741620063782e+00
4.074999988079071045e+00 2.309496954083442688e+00
4.124999940395355225e+00 2.361290365457534790e+00
4.174999892711639404e+00 2.418404161930084229e+00
4.224999845027923584e+00 2.481527909636497498e+00
4.274999797344207764e+00 2.551086306571960449e+00
4.325000047683715820e+00 2.628457516431808472e+00
4.375000000000000000e+00 2.713825300335884094e+00
4.424999952316284180e+00 2.807849243283271790e+00
4.474999904632568359e+00 2.910899147391319275e+00
4.524999856948852539e+00 3.023410633206367493e+00
4.574999809265136719e+00 3.144337534904479980e+00
4.624999761581420898e+00 3.273726761341094971e+00
4.675000011920928955e+00 3.410759225487709045e+00
4.724999964237213135e+00 3.553937137126922607e+00
4.774999916553497314e+00 3.703760519623756409e+00
4.824999868869781494e+00 3.858760967850685120e+00
4.874999821186065674e+00 4.018058896064758301e+00
4.924999773502349854e+00 4.181789964437484741e+00
4.975000023841857910e+00 4.349241316318511963e+00
5.024999976158142090e+00 4.519687861204147339e+00
5.074999928474426270e+00 4.693838536739349365e+00
5.124999880790710449e+00 4.870724469423294067e+00
5.174999833106994629e+00 5.049323558807373047e+00
5.224999785423278809e+00 5.229622453451156616e+00
5.274999737739562988e+00 5.411349236965179443e+00
5.324999690055847168e+00 5.594514876604080200e+00
5.374999642372131348e+00 5.778011411428451538e+00
5.425000190734863281e+00 5.963081777095794678e+00
5.475000143051147461e+00 6.148722946643829346e+00
5.525000095367431641e+00 6.335914582014083862e+00
5.575000047683715820e+00 6.523846209049224854e+00
5.625000000000000000e+00 6.713805466890335083e+00
5.674999952316284180e+00 6.904964625835418701e+00
5.724999904632568359e+00 7.098377823829650879e+00
5.774999856948852539e+00 7.294605642557144165e+00
5.824999809265136719e+00 7.493639349937438965e+00
5.874999761581420898e+00 7.695509165525436401e+00
5.924999713897705078e+00 7.901005417108535767e+00
5.974999666213989258e+00 8.110828518867492676e+00
6.024999618530273438e+00 8.324262678623199463e+00
6.074999570846557617e+00 8.541594505310058594e+00
6.125000119209289551e+00 8.763038039207458496e+00
6.175000071525573730e+00 8.989379882812500000e+00
6.225000023841857910e+00 9.220912754535675049e+00
6.274999976158142090e+00 9.456719815731048584e+00
6.324999928474426270e+00 9.699349761009216309e+00
6.374999880790710449e+00 9.946751892566680908e+00
6.424999833106994629e+00 1.020063883066177368e+01
6.474999785423278809e+00 1.046110266447067261e+01
6.524999737739562988e+00 1.072718405723571777e+01
6.574999690055847168e+00 1.100061076879501343e+01
6.624999642372131348e+00 1.128097516298294067e+01
6.674999594688415527e+00 1.156831896305084229e+01
6.725000143051147461e+00 1.186316400766372681e+01
6.775000095367431641e+00 1.216504049301147461e+01
6.825000047683715820e+00 1.247495478391647339e+01
6.875000000000000000e+00 1.279175907373428345e+01
6.924999952316284180e+00 1.311527168750762939e+01
6.974999904632568359e+00 1.344619750976562500e+01
7.024999856948852539e+00 1.378337067365646362e+01
7.074999809265136719e+00 1.412725800275802612e+01
7.124999761581420898e+00 1.447739553451538086e+01
7.174999713897705078e+00 1.483295273780822754e+01
7.224999666213989258e+00 1.519420367479324341e+01
7.274999618530273438e+00 1.556068724393844604e+01
7.324999570846557617e+00 1.593142956495285034e+01
7.374999523162841797e+00 1.630719733238220215e+01
7.425000071525573730e+00 1.668684518337249756e+01
7.475000023841857910e+00 1.706998634338378906e+01
7.524999976158142090e+00 1.745759057998657227e+01
7.574999928474426270e+00 1.784939265251159668e+01
7.624999880790710449e+00 1.824544870853424072e+01
7.674999833106994629e+00 1.864519309997558594e+01
7.724999785423278809e+00 1.904977536201477051e+01
7.774999737739562988e+00 1.945777595043182373e+01
7.824999690055847168e+00 1.987029647827148438e+01
7.874999642372131348e+00 2.028704035282135010e+01
7.924999594688415527e+00 2.070839905738830566e+01
7.974999547004699707e+00 2.113370978832244873e+01
8.025000095367431641e+00 2.156343019008636475e+01
8.075000047683715820e+00 2.199792146682739258e+01
8.125000000000000000e+00 2.243766140937805176e+01
8.174999952316284180e+00 2.288256287574768066e+01
8.224999904632568359e+00 2.333294951915740967e+01
8.274999856948852539e+00 2.378855443000793457e+01
8.324999809265136719e+00 2.425029897689819336e+01
8.374999761581420898e+00 2.471765875816345215e+01
8.424999713897705078e+00 2.518908143043518066e+01
8.474999666213989258e+00 2.566756856441497803e+01
8.524999618530273438e+00 2.615183615684509277e+01
8.574999570846557617e+00 2.664224433898925781e+01
8.624999523162841797e+00 2.713787817955017090e+01
8.675000071525573730e+00 2.764056622982025146e+01
8.725000023841857910e+00 2.814937365055084229e+01
8.774999976158142090e+00 2.866315579414367676e+01
8.824999928474426270e+00 2.918439924716949463e+01
8.874999880790710449e+00 2.971164405345916748e+01
8.924999833106994629e+00 3.024509871006011963e+01
8.974999785423278809e+00 3.078478217124938965e+01
9.024999737739562988e+00 3.132982385158538818e+01
9.074999690055847168e+00 3.188122260570526123e+01
9.124999642372131348e+00 3.243912696838378906e+01
9.174999594688415527e+00 3.300343585014343262e+01
9.224999547004699707e+00 3.357403874397277832e+01
9.275000095367431641e+00 3.415066289901733398e+01
9.325000047683715820e+00 3.473376917839050293e+01
9.375000000000000000e+00 3.532208752632141113e+01
9.424999952316284180e+00 3.591743350028991699e+01
9.474999904632568359e+00 3.651736903190612793e+01
9.524999856948852539e+00 3.712331795692443848e+01
9.574999809265136719e+00 3.773474597930908203e+01
9.624999761581420898e+00 3.835204792022705078e+01
9.674999713897705078e+00 3.897449302673339844e+01
9.724999666213989258e+00 3.960254740715026855e+01
9.774999618530273438e+00 4.023632717132568359e+01
9.824999570846557617e+00 4.087530374526977539e+01
9.874999523162841797e+00 4.151977443695068359e+01
9.924999475479125977e+00 4.216922950744628906e+01
9.975000023841857910e+00 4.282386279106140137e+01
1.002500057220458984e+01 4.348452210426330566e+01
1.007499933242797852e+01 4.415189719200134277e+01
1.012500047683715820e+01 4.482409334182739258e+01
1.017499923706054688e+01 4.550166845321655273e+01
1.022500038146972656e+01 4.618394422531127930e+01
1.027499914169311523e+01 4.687334537506103516e+01
1.032500028610229492e+01 4.756829500198364258e+01
1.037499904632568359e+01 4.826992487907409668e+01
1.042500019073486328e+01 4.897604608535766602e+01
1.047499895095825195e+01 4.968905115127563477e+01
1.052500009536743164e+01 5.040855979919433594e+01
1.057499885559082031e+01 5.113490557670593262e+01
1.062500000000000000e+01 5.186792445182800293e+01
1.067499876022338867e+01 5.260699915885925293e+01
1.072499990463256836e+01 5.335300755500793457e+01
1.077499866485595703e+01 5.410502386093139648e+01
1.082499980926513672e+01 5.486409592628479004e+01
1.087499976158142090e+01 5.562961816787719727e+01
1.092499971389770508e+01 5.640358352661132812e+01
1.097500085830688477e+01 5.718345141410827637e+01
1.102499961853027344e+01 5.797007656097412109e+01
1.107500076293945312e+01 5.876454544067382812e+01
1.112499952316284180e+01 5.956655645370483398e+01
1.117500066757202148e+01 6.037671518325805664e+01
1.122499942779541016e+01 6.119365096092224121e+01
1.127500057220458984e+01 6.201780009269714355e+01
1.132499933242797852e+01 6.284850549697875977e+01
1.137500047683715820e+01 6.368877506256103516e+01
1.142499923706054688e+01 6.453594160079956055e+01
1.147500038146972656e+01 6.539043998718261719e+01
1.152499914169311523e+01 6.625233983993530273e+01
1.157500028610229492e+01 6.712196445465087891e+01
1.162499904632568359e+01 6.800053215026855469e+01
1.167500019073486328e+01 6.888620567321777344e+01
1.172499895095825195e+01 6.977917909622192383e+01
1.177500009536743164e+01 7.067943429946899414e+01
1.182499885559082031e+01 7.158709716796875000e+01
1.187500000000000000e+01 7.250407695770263672e+01
1.192499876022338867e+01 7.342790412902832031e+01
1.197499990463256836e+01 7.435953474044799805e+01
1.202499866485595703e+01 7.530025386810302734e+01
1.207499980926513672e+01 7.624897050857543945e+01
1.212499856948852539e+01 7.720432376861572266e+01
1.217499971389770508e+01 7.816748476028442383e+01
1.222500085830688477e+01 7.913826656341552734e+01
1.227499961853027344e+01 8.011789560317993164e+01
1.232500076293945312e+01 8.110610342025756836e+01
1.237499952316284180e+01 8.210263252258300781e+01
1.242500066757202148e+01 8.310517024993896484e+01
1.247499942779541016e+01 8.411742925643920898e+01
