1.370656287670135587e+00 7.283037803491124184e-05
1.373793947696685613e+00 1.236627511024052030e-04
1.376931607723236084e+00 1.358495698463738435e-04
1.380069267749786555e+00 2.139975531984861018e-04
1.383206927776336581e+00 1.892437634258849178e-04
1.386344587802887052e+00 3.266860472859117541e-04
1.389482247829437078e+00 7.345448958366280296e-04
1.392619907855987549e+00 1.607679911707172093e-03
1.395757567882538019e+00 2.115935032258891083e-03
1.398895227909088046e+00 2.737580271565014274e-03
1.402032887935638517e+00 4.007619707064290389e-03
1.405170547962188543e+00 6.084938152328044948e-03
1.408308207988739014e+00 8.617274900330106763e-03
1.411445868015289484e+00 1.216319018880005452e-02
1.414583528041839511e+00 1.885734246885781631e-02
1.417721188068389981e+00 2.693544434278978550e-02
1.420858848094940008e+00 3.590324568596779675e-02
1.423996508121490479e+00 4.922456173453555739e-02
1.427134168148040949e+00 6.905483090001092450e-02
1.430271828174590976e+00 9.423509034537569384e-02
1.433409488201141446e+00 1.293087472505541069e-01
1.436547148227691473e+00 1.716822448153562108e-01
1.439684808254241943e+00 2.263031656431332417e-01
1.442822468280792414e+00 3.007298690409317965e-01
1.445960128307342440e+00 3.903342042173192361e-01
1.449097788333892911e+00 4.944488491150464959e-01
1.452235448360442938e+00 6.421621188655612933e-01
1.455373108386993408e+00 8.126007156261915165e-01
1.458510768413543879e+00 1.001926625312252517e+00
1.461648428440093905e+00 1.246038345423904126e+00
1.464786088466644376e+00 1.535471105056393393e+00
1.467923748493194402e+00 1.865631143211998966e+00
1.471061408519744873e+00 2.239716738419454956e+00
1.474199068546295344e+00 2.689594929359349074e+00
1.477336728572845370e+00 3.141171644453501610e+00
1.480474388599395841e+00 3.698447658092445245e+00
1.483612048625945867e+00 4.265683100082197754e+00
1.486749708652496338e+00 4.920400893295450828e+00
1.489887368679046808e+00 5.576461753822488987e+00
1.493025028705596835e+00 6.295149203511581248e+00
1.496162688732147306e+00 7.006922785528735709e+00
1.499300348758697332e+00 7.717987211687665550e+00
1.502438008785247803e+00 8.450144974818499577e+00
1.505575668811798273e+00 9.052287182671287624e+00
1.508713328838348300e+00 9.816930701354726452e+00
1.511850988864898770e+00 1.041475337666058643e+01
1.514988648891448797e+00 1.100067374779337293e+01
1.518126308917999268e+00 1.134653667883644701e+01
1.521263968944549738e+00 1.186718870752084065e+01
1.524401628971099765e+00 1.206988267937621373e+01
1.527539288997650235e+00 1.217237681392659709e+01
1.530676949024200262e+00 1.232328268245695213e+01
1.533814609050750732e+00 1.217766460388354233e+01
1.536952269077301203e+00 1.204348875607018954e+01
1.540089929103851230e+00 1.170020591394631282e+01
1.543227589130401700e+00 1.141552317207880485e+01
1.546365249156951727e+00 1.075820572692033394e+01
1.549502909183502197e+00 1.030318177190042483e+01
1.552640569210052668e+00 9.679025810599085844e+00
1.555778229236602694e+00 9.005570774777076792e+00
1.558915889263153165e+00 8.245028537891288423e+00
1.562053549289703192e+00 7.559178413524512585e+00
1.565191209316253662e+00 6.849175275123492668e+00
1.568328869342804133e+00 6.072720204636160801e+00
1.571466529369354159e+00 5.471114087558692773e+00
1.574604189395904630e+00 4.716713427703386863e+00
1.577741849422454656e+00 4.124478328378014425e+00
1.580879509449005127e+00 3.560249588056779935e+00
1.584017169475555598e+00 3.073551930277538258e+00
1.587154829502105624e+00 2.581376790501815677e+00
1.590292489528656095e+00 2.161031929708040256e+00
1.593430149555206121e+00 1.804428832939613647e+00
1.596567809581756592e+00 1.458098747330421219e+00
1.599705469608307062e+00 1.197278889634701304e+00
1.602843129634857089e+00 9.674829723029242379e-01
1.605980789661407560e+00 7.747460189682456866e-01
1.609118449687957586e+00 6.162166927882963829e-01
1.612256109714508057e+00 4.895744934726296016e-01
1.615393769741058527e+00 3.786930113667686393e-01
1.618531429767608554e+00 2.875255854906223485e-01
1.621669089794159024e+00 2.166134030350801432e-01
1.624806749820709051e+00 1.663869161580341927e-01
1.627944409847259521e+00 1.256189263310834303e-01
1.631082069873809992e+00 9.127471559314999372e-02
1.634219729900360019e+00 6.893555328717287933e-02
1.637357389926910489e+00 5.147250745527594956e-02
1.640495049953460516e+00 3.525747250575426983e-02
1.643632709980010986e+00 2.475623527678803143e-02
1.646770370006561457e+00 1.731560202042816202e-02
1.649908030033111483e+00 1.309356518323888385e-02
1.653045690059661954e+00 8.119269927011386195e-03
1.656183350086211981e+00 6.888907521106374734e-03
1.659321010112762451e+00 4.517390634956879210e-03
1.662458670139312922e+00 2.753769928375774789e-03
1.665596330165862948e+00 1.524079356839039235e-03
1.668733990192413419e+00 1.307282157753450165e-03
1.671871650218963445e+00 8.246739668220600707e-04
1.675009310245513916e+00 2.803495455604651803e-04
1.678146970272064387e+00 2.270617770816247421e-04
1.681284630298614413e+00 1.087186756542655260e-04
