9.293473637104034957e-01 5.803323780331728259e-04
9.296570050716399525e-01 1.267841561636560413e-03
9.299666464328766313e-01 2.609910311824137699e-03
9.302762877941130881e-01 3.332307030065984055e-03
9.305859291553497670e-01 4.336728988707186198e-03
9.308955705165862238e-01 9.954628920019385416e-03
9.312052118778229026e-01 2.574698753623850048e-02
9.315148532390593594e-01 4.559003202920543923e-02
9.318244946002960383e-01 7.536979985919199654e-02
9.321341359615324951e-01 1.214550429772442153e-01
9.324437773227691739e-01 2.317088888101160871e-01
9.327534186840056307e-01 2.988651868474793694e-01
9.330630600452423096e-01 4.329904704020874906e-01
9.333727014064789884e-01 6.759916242419403698e-01
9.336823427677154452e-01 9.901165088351815413e-01
9.339919841289521241e-01 1.405289269459647050e+00
9.343016254901885809e-01 1.942736571442138516e+00
9.346112668514252597e-01 2.327666050663348418e+00
9.349209082126617165e-01 3.846870319781589664e+00
9.352305495738983954e-01 4.654951881409838066e+00
9.355401909351348522e-01 6.179346087358351447e+00
9.358498322963715310e-01 7.577498925054807266e+00
9.361594736576079878e-01 9.426951517846935857e+00
9.364691150188446667e-01 1.230872978067312395e+01
9.367787563800811235e-01 1.561964306526536284e+01
9.370883977413178023e-01 1.507836849385937050e+01
9.373980391025542591e-01 1.793398727467722509e+01
9.377076804637909380e-01 1.988876293670989881e+01
9.380173218250273948e-01 2.242068518768784813e+01
9.383269631862640736e-01 2.883495906903499062e+01
9.386366045475005304e-01 3.249209047502540670e+01
9.389462459087372093e-01 3.180434522429426281e+01
9.392558872699736661e-01 3.909863310270358738e+01
9.395655286312103449e-01 4.269702881484150225e+01
9.398751699924468017e-01 4.235866790531958515e+01
9.401848113536834806e-01 4.906056914535296443e+01
9.404944527149199374e-01 5.753724878841421742e+01
9.408040940761566162e-01 6.395170158435343666e+01
9.411137354373932951e-01 6.189712413100980370e+01
9.414233767986297519e-01 7.055789117444420810e+01
9.417330181598664307e-01 7.588598771667285803e+01
9.420426595211028875e-01 7.636944637524229051e+01
9.423523008823395664e-01 6.712572370859221849e+01
9.426619422435760232e-01 7.912974720789001992e+01
9.429715836048127020e-01 7.796490895398856935e+01
9.432812249660491588e-01 7.832708772015436693e+01
9.435908663272858377e-01 9.979441056711877422e+01
9.439005076885222945e-01 1.102678511558374339e+02
9.442101490497589733e-01 9.438450253379792798e+01
9.445197904109954301e-01 9.419914235695962645e+01
9.448294317722321090e-01 8.270324902503530495e+01
9.451390731334685658e-01 9.165839931455404610e+01
9.454487144947052446e-01 9.262631165360933494e+01
9.457583558559417014e-01 9.609856727067129611e+01
9.460679972171783803e-01 8.376252241514960417e+01
9.463776385784148371e-01 8.053808428742571834e+01
9.466872799396515159e-01 8.426761370283888652e+01
9.469969213008879727e-01 8.661382031334741782e+01
9.473065626621246516e-01 7.440828934565105612e+01
9.476162040233611084e-01 8.387407589771036953e+01
9.479258453845977872e-01 7.818566739529005361e+01
9.482354867458342440e-01 6.759968151099533884e+01
9.485451281070709229e-01 6.265818323096498688e+01
9.488547694683076017e-01 6.556592906097543505e+01
9.491644108295440585e-01 6.518770733011977825e+01
9.494740521907807373e-01 5.632613634249202050e+01
9.497836935520171942e-01 4.846939005622026997e+01
9.500933349132538730e-01 5.101802937356880818e+01
9.504029762744903298e-01 4.172485208763734477e+01
9.507126176357270086e-01 3.711529516885242685e+01
9.510222589969634654e-01 3.478837644505365034e+01
9.513319003582001443e-01 3.357195058791884179e+01
9.516415417194366011e-01 2.945855370086625058e+01
9.519511830806732799e-01 2.617549287004288061e+01
9.522608244419097367e-01 2.030811088031296663e+01
9.525704658031464156e-01 2.033918359543291388e+01
9.528801071643828724e-01 1.709445036785401228e+01
9.531897485256195512e-01 1.443336697038234817e+01
9.534993898868560080e-01 1.171438869369339741e+01
9.538090312480926869e-01 9.737135499381309955e+00
9.541186726093291437e-01 7.728824139085771705e+00
9.544283139705658225e-01 6.698698285453715151e+00
9.547379553318022793e-01 4.301159317084562339e+00
9.550475966930389582e-01 3.611204168612920373e+00
9.553572380542754150e-01 3.084414854458243926e+00
9.556668794155120938e-01 1.977469605488926696e+00
9.559765207767485506e-01 1.480518111791170099e+00
9.562861621379852295e-01 1.044282437080532144e+00
9.565958034992219083e-01 7.103349692651452774e-01
9.569054448604583651e-01 4.937047657887473906e-01
9.572150862216950440e-01 3.456631844015743971e-01
9.575247275829315008e-01 2.084734107423573957e-01
9.578343689441681796e-01 1.160859430875616494e-01
9.581440103054046364e-01 7.190535811483443618e-02
9.584536516666413153e-01 4.209540561541473547e-02
9.587632930278777721e-01 2.462207946062730177e-02
9.590729343891144509e-01 1.136762453951257849e-02
9.593825757503509077e-01 7.350452663530340422e-03
9.596922171115875866e-01 3.176962196698314075e-03
9.600018584728240434e-01 7.364790329873833943e-04
