1.200000056996941566e-02 0.000000000000000000e+00
3.600000170990824699e-02 0.000000000000000000e+00
6.000000052154064178e-02 0.000000000000000000e+00
8.400000631809234619e-02 0.000000000000000000e+00
1.080000028014183044e-01 0.000000000000000000e+00
1.319999992847442627e-01 0.000000000000000000e+00
1.560000143945217133e-01 0.000000000000000000e+00
1.800000108778476715e-01 0.000000000000000000e+00
2.040000073611736298e-01 0.000000000000000000e+00
2.280000038444995880e-01 0.000000000000000000e+00
2.520000189542770386e-01 0.000000000000000000e+00
2.760000154376029968e-01 0.000000000000000000e+00
3.000000119209289551e-01 0.000000000000000000e+00
3.240000084042549133e-01 0.000000000000000000e+00
3.480000048875808716e-01 0.000000000000000000e+00
3.720000386238098145e-01 0.000000000000000000e+00
3.959999978542327881e-01 0.000000000000000000e+00
4.200000315904617310e-01 0.000000000000000000e+00
4.439999908208847046e-01 0.000000000000000000e+00
4.680000245571136475e-01 0.000000000000000000e+00
4.920000210404396057e-01 0.000000000000000000e+00
5.160000175237655640e-01 0.000000000000000000e+00
5.400000512599945068e-01 0.000000000000000000e+00
5.640000104904174805e-01 0.000000000000000000e+00
5.880000442266464233e-01 0.000000000000000000e+00
6.120000034570693970e-01 0.000000000000000000e+00
6.360000371932983398e-01 0.000000000000000000e+00
6.599999964237213135e-01 0.000000000000000000e+00
6.840000301599502563e-01 0.000000000000000000e+00
7.080000638961791992e-01 0.000000000000000000e+00
7.320000231266021729e-01 0.000000000000000000e+00
7.559999823570251465e-01 0.000000000000000000e+00
7.800000905990600586e-01 0.000000000000000000e+00
8.040000498294830322e-01 0.000000000000000000e+00
8.280000090599060059e-01 0.000000000000000000e+00
8.520000427961349487e-01 3.014081926266953815e-06
8.760000765323638916e-01 1.217689103896191227e-04
9.000000357627868652e-01 2.750048326561227441e-03
9.239999949932098389e-01 2.851683204062283039e-02
9.480000287294387817e-01 1.458562463521957397e-01
9.720000624656677246e-01 4.581172373145818710e-01
9.960000216960906982e-01 1.025063328444957733e+00
1.020000055432319641e+00 1.815640144050121307e+00
1.044000089168548584e+00 2.740220621228218079e+00
1.068000048398971558e+00 3.694155558943748474e+00
1.092000007629394531e+00 4.605105757713317871e+00
1.116000041365623474e+00 5.434096753597259521e+00
1.140000075101852417e+00 6.172562479972839355e+00
1.164000034332275391e+00 6.834654390811920166e+00
1.188000068068504333e+00 7.432027071714401245e+00
1.212000101804733276e+00 7.976832926273345947e+00
1.236000061035156250e+00 8.477023959159851074e+00
1.260000020265579224e+00 8.942501008510589600e+00
1.283999979496002197e+00 9.376629710197448730e+00
1.308000087738037109e+00 9.789253950119018555e+00
1.332000046968460083e+00 1.018362158536911011e+01
1.356000006198883057e+00 1.056365960836410522e+01
1.380000114440917969e+00 1.093528240919113159e+01
1.404000073671340942e+00 1.130045169591903687e+01
1.428000032901763916e+00 1.166233652830123901e+01
1.452000141143798828e+00 1.202622878551483154e+01
1.475999951362609863e+00 1.239519381523132324e+01
1.500000059604644775e+00 1.277287787199020386e+01
1.524000167846679688e+00 1.316286051273345947e+01
1.547999978065490723e+00 1.356940829753875732e+01
1.572000086307525635e+00 1.399628072977066040e+01
1.596000194549560547e+00 1.444964593648910522e+01
1.620000004768371582e+00 1.493377089500427246e+01
1.644000113010406494e+00 1.545537680387496948e+01
1.668000072240829468e+00 1.601923441886901855e+01
1.692000031471252441e+00 1.663318622112274170e+01
1.716000139713287354e+00 1.730218911170959473e+01
1.740000098943710327e+00 1.803213524818420410e+01
1.764000058174133301e+00 1.882626056671142578e+01
1.788000166416168213e+00 1.969002723693847656e+01
1.811999976634979248e+00 2.062172436714172363e+01
1.836000084877014160e+00 2.162390375137329102e+01
1.860000193119049072e+00 2.269213712215423584e+01
1.884000003337860107e+00 2.382830655574798584e+01
1.908000111579895020e+00 2.502768731117248535e+01
1.932000070810317993e+00 2.628846788406372070e+01
1.956000030040740967e+00 2.760867094993591309e+01
1.980000138282775879e+00 2.898448812961578369e+01
2.004000097513198853e+00 3.040905070304870605e+01
2.028000056743621826e+00 3.187142765522003174e+01
2.052000164985656738e+00 3.336050581932067871e+01
2.075999975204467773e+00 3.486206078529357910e+01
2.100000083446502686e+00 3.636496973037719727e+01
2.124000191688537598e+00 3.785920739173889160e+01
2.148000001907348633e+00 3.933560776710510254e+01
2.172000110149383545e+00 4.078991055488586426e+01
2.196000218391418457e+00 4.221928834915161133e+01
2.220000028610229492e+00 4.362714552879333496e+01
2.244000136852264404e+00 4.501419234275817871e+01
2.268000096082687378e+00 4.638245987892150879e+01
2.292000055313110352e+00 4.773798203468322754e+01
2.316000163555145264e+00 4.908474373817443848e+01
2.340000122785568237e+00 5.042529749870300293e+01
2.364000082015991211e+00 5.176956009864807129e+01
2.388000190258026123e+00 5.312053680419921875e+01
2.412000000476837158e+00 5.448621416091918945e+01
2.436000108718872070e+00 5.587302017211914062e+01
2.460000216960906982e+00 5.728718137741088867e+01
2.484000027179718018e+00 5.873705363273620605e+01
2.508000135421752930e+00 6.022672295570373535e+01
2.531999945640563965e+00 6.176239252090454102e+01
2.556000351905822754e+00 6.335334134101867676e+01
2.580000162124633789e+00 6.500253391265869141e+01
2.603999972343444824e+00 6.671849060058593750e+01
2.628000080585479736e+00 6.850622940063476562e+01
2.652000188827514648e+00 7.036632919311523438e+01
2.675999999046325684e+00 7.230371046066284180e+01
2.700000107288360596e+00 7.431748485565185547e+01
2.724000215530395508e+00 7.640836858749389648e+01
2.748000025749206543e+00 7.857701873779296875e+01
2.772000133991241455e+00 8.081932067871093750e+01
2.796000242233276367e+00 8.313231468200683594e+01
2.820000052452087402e+00 8.551180076599121094e+01
2.844000160694122314e+00 8.795132589340209961e+01
2.868000268936157227e+00 9.044672584533691406e+01
2.892000079154968262e+00 9.298912858963012695e+01
2.916000187397003174e+00 9.557584095001220703e+01
2.940000295639038086e+00 9.819911527633666992e+01
2.964000105857849121e+00 1.008552188873291016e+02
2.987999916076660156e+00 1.035388445854187012e+02
3.012000322341918945e+00 1.062430047988891602e+02
3.036000132560729980e+00 1.089672722816467285e+02
3.059999942779541016e+00 1.117068939208984375e+02
3.084000349044799805e+00 1.144568648338317871e+02
3.108000159263610840e+00 1.172154974937438965e+02
3.131999969482421875e+00 1.199852499961853027e+02
3.156000375747680664e+00 1.227592082023620605e+02
3.180000185966491699e+00 1.255432686805725098e+02
3.203999996185302734e+00 1.283364057540893555e+02
3.228000104427337646e+00 1.311424064636230469e+02
3.252000212669372559e+00 1.339627895355224609e+02
3.276000022888183594e+00 1.368013162612915039e+02
3.300000131130218506e+00 1.396588802337646484e+02
3.324000239372253418e+00 1.425476255416870117e+02
3.348000049591064453e+00 1.454653863906860352e+02
3.372000157833099365e+00 1.484229059219360352e+02
3.396000266075134277e+00 1.514210863113403320e+02
3.420000076293945312e+00 1.544723453521728516e+02
3.444000184535980225e+00 1.575799188613891602e+02
3.468000292778015137e+00 1.607458772659301758e+02
3.492000102996826172e+00 1.639778604507446289e+02
3.516000211238861084e+00 1.672752618789672852e+02
3.540000319480895996e+00 1.706466169357299805e+02
3.564000129699707031e+00 1.740929975509643555e+02
3.587999939918518066e+00 1.776182451248168945e+02
3.612000346183776855e+00 1.812205286026000977e+02
3.636000156402587891e+00 1.849011640548706055e+02
3.659999966621398926e+00 1.886575469970703125e+02
3.684000372886657715e+00 1.924932308197021484e+02
3.708000183105468750e+00 1.964055080413818359e+02
3.731999993324279785e+00 2.003884706497192383e+02
3.756000399589538574e+00 2.044367513656616211e+02
3.780000209808349609e+00 2.085507478713989258e+02
3.804000020027160645e+00 2.127248487472534180e+02
3.828000128269195557e+00 2.169533777236938477e+02
3.852000236511230469e+00 2.212340517044067383e+02
3.876000046730041504e+00 2.255601949691772461e+02
3.900000154972076416e+00 2.299275064468383789e+02
3.924000263214111328e+00 2.343348464965820312e+02
3.948000073432922363e+00 2.387799577713012695e+02
3.972000181674957275e+00 2.432581901550292969e+02
3.996000289916992188e+00 2.477694644927978516e+02
4.020000100135803223e+00 2.523111162185668945e+02
4.044000208377838135e+00 2.568840160369873047e+02
4.068000316619873047e+00 2.614826087951660156e+02
4.092000126838684082e+00 2.661124973297119141e+02
4.116000235080718994e+00 2.707774658203125000e+02
4.140000343322753906e+00 2.754764671325683594e+02
4.164000153541564941e+00 2.802093296051025391e+02
4.187999963760375977e+00 2.849795703887939453e+02
4.212000370025634766e+00 2.897911758422851562e+02
4.236000180244445801e+00 2.946477756500244141e+02
4.259999990463256836e+00 2.995527687072753906e+02
4.284000396728515625e+00 3.045100231170654297e+02
4.308000206947326660e+00 3.095225276947021484e+02
4.332000017166137695e+00 3.145931453704833984e+02
4.356000423431396484e+00 3.197319335937500000e+02
4.380000233650207520e+00 3.249352512359619141e+02
4.404000043869018555e+00 3.302125701904296875e+02
4.428000450134277344e+00 3.355609664916992188e+02
4.452000260353088379e+00 3.409817085266113281e+02
4.476000070571899414e+00 3.464844741821289062e+02
4.500000178813934326e+00 3.520639820098876953e+02
4.524000287055969238e+00 3.577232894897460938e+02
4.548000097274780273e+00 3.634607772827148438e+02
4.572000205516815186e+00 3.692810058593750000e+02
4.596000313758850098e+00 3.751805896759033203e+02
4.620000123977661133e+00 3.811616992950439453e+02
4.644000232219696045e+00 3.872205715179443359e+02
4.668000340461730957e+00 3.933444004058837891e+02
4.692000150680541992e+00 3.995459060668945312e+02
4.716000258922576904e+00 4.058162746429443359e+02
4.740000367164611816e+00 4.121557159423828125e+02
4.764000177383422852e+00 4.185618686676025391e+02
4.787999987602233887e+00 4.250253105163574219e+02
4.812000393867492676e+00 4.315500354766845703e+02
4.836000204086303711e+00 4.381312484741210938e+02
4.860000014305114746e+00 4.447668380737304688e+02
4.884000420570373535e+00 4.514541091918945312e+02
4.908000230789184570e+00 4.581891574859619141e+02
4.932000041007995605e+00 4.649756145477294922e+02
4.956000447273254395e+00 4.718152599334716797e+02
4.980000257492065430e+00 4.787049446105957031e+02
5.004000067710876465e+00 4.856437473297119141e+02
5.027999877929687500e+00 4.926352977752685547e+02
5.052000284194946289e+00 4.996810665130615234e+02
5.076000690460205078e+00 5.067803859710693359e+02
5.099999904632568359e+00 5.139345321655273438e+02
5.124000310897827148e+00 5.211496353149414062e+02
5.148000717163085938e+00 5.284220275878906250e+02
5.171999931335449219e+00 5.357597808837890625e+02
5.196000337600708008e+00 5.431590499877929688e+02
5.220000743865966797e+00 5.506280593872070312e+02
5.243999958038330078e+00 5.581714096069335938e+02
5.268000364303588867e+00 5.657826309204101562e+02
5.292000174522399902e+00 5.734707031250000000e+02
5.315999984741210938e+00 5.812375297546386719e+02
5.340000391006469727e+00 5.890825614929199219e+02
5.364000201225280762e+00 5.970094032287597656e+02
5.388000011444091797e+00 6.050202980041503906e+02
5.412000417709350586e+00 6.131155509948730469e+02
5.436000227928161621e+00 6.212921409606933594e+02
5.460000038146972656e+00 6.295589904785156250e+02
5.484000444412231445e+00 6.379138336181640625e+02
5.508000254631042480e+00 6.463508644104003906e+02
5.532000064849853516e+00 6.548691215515136719e+02
5.556000471115112305e+00 6.634736900329589844e+02
5.580000281333923340e+00 6.721631736755371094e+02
5.604000091552734375e+00 6.809291725158691406e+02
5.628000497817993164e+00 6.897764053344726562e+02
5.652000308036804199e+00 6.987013549804687500e+02
5.676000118255615234e+00 7.077104492187500000e+02
5.700000524520874023e+00 7.167897262573242188e+02
5.724000334739685059e+00 7.259419708251953125e+02
5.748000144958496094e+00 7.351644515991210938e+02
5.772000551223754883e+00 7.444594879150390625e+02
5.796000361442565918e+00 7.538236045837402344e+02
5.820000171661376953e+00 7.632548713684082031e+02
5.844000577926635742e+00 7.727579994201660156e+02
5.867999792098999023e+00 7.823290214538574219e+02
5.892000198364257812e+00 7.919631576538085938e+02
5.916000604629516602e+00 8.016743927001953125e+02
5.939999818801879883e+00 8.114489250183105469e+02
5.964000225067138672e+00 8.212988853454589844e+02
5.988000631332397461e+00 8.312141227722167969e+02
