1.342765316963195676e+00 1.601885524273574310e-05
1.346714215278625559e+00 1.524573904746513488e-05
1.350663113594054998e+00 2.768701558702168076e-06
1.354612011909484881e+00 8.150525281572160434e-05
1.358560910224914542e+00 8.135758741107486022e-05
1.362509808540344203e+00 7.139420472925126686e-05
1.366458706855774086e+00 1.177532510566914363e-04
1.370407605171203524e+00 2.095441343696117760e-04
1.374356503486633407e+00 4.032899419195946022e-04
1.378305401802062846e+00 5.052502889304618609e-04
1.382254300117492729e+00 7.452245227140510313e-04
1.386203198432922168e+00 1.840834472982603347e-03
1.390152096748352051e+00 7.360558148571358893e-03
1.394100995063781934e+00 1.256974863292278401e-02
1.398049893379211372e+00 1.789186370458691056e-02
1.401998791694641255e+00 2.693392371594736587e-02
1.405947690010070694e+00 3.961120685181569734e-02
1.409896588325500577e+00 5.648626705892764721e-02
1.413845486640930016e+00 7.796782723069316245e-02
1.417794384956359899e+00 1.064699899815553241e-01
1.421743283271789560e+00 1.439374899751593162e-01
1.425692181587219221e+00 1.938513311845353471e-01
1.429641079902649103e+00 2.596301962439628297e-01
1.433589978218078542e+00 3.448579890053407593e-01
1.437538876533508425e+00 4.515014349333828503e-01
1.441487774848937864e+00 5.891165770288571135e-01
1.445436673164367747e+00 7.457424818310447456e-01
1.449385571479797186e+00 9.421149489484558215e-01
1.453334469795227069e+00 1.176539186249165647e+00
1.457283368110656729e+00 1.466458234420203732e+00
1.461232266426086390e+00 1.792707791124507732e+00
1.465181164741516273e+00 2.175826433578901042e+00
1.469130063056945712e+00 2.607129152958510332e+00
1.473078961372375595e+00 3.095051116734340635e+00
1.477027859687805034e+00 3.636422462903825537e+00
1.480976758003234917e+00 4.199970697756420179e+00
1.484925656318664577e+00 4.827298518102882241e+00
1.488874554634094238e+00 5.456227191110590624e+00
1.492823452949524121e+00 6.114212592208007280e+00
1.496772351264953560e+00 6.790694786802089489e+00
1.500721249580383443e+00 7.433591520270338648e+00
1.504670147895812882e+00 8.064268586780778847e+00
1.508619046211242765e+00 8.659096867687731347e+00
1.512567944526672203e+00 9.206335988359894529e+00
1.516516842842102086e+00 9.643566828867321306e+00
1.520465741157531747e+00 9.976559153440328842e+00
1.524414639472961408e+00 1.025047751445963584e+01
1.528363537788391291e+00 1.042965398798064136e+01
1.532312436103820730e+00 1.049682441012547862e+01
1.536261334419250613e+00 1.041732624771031546e+01
1.540210232734680051e+00 1.021296480203536206e+01
1.544159131050109934e+00 9.911980601065604191e+00
1.548108029365539373e+00 9.567359179381085710e+00
1.552056927680969256e+00 9.084560026229606677e+00
1.556005825996398917e+00 8.532239591594757755e+00
1.559954724311828578e+00 7.941567571104568124e+00
1.563903622627258461e+00 7.329224725677115693e+00
1.567852520942687899e+00 6.662146542713729858e+00
1.571801419258117782e+00 5.981850240915772332e+00
1.575750317573547221e+00 5.316772572455601420e+00
1.579699215888977104e+00 4.684794341835053721e+00
1.583648114204406765e+00 4.104900949677006139e+00
1.587597012519836426e+00 3.539630677813960791e+00
1.591545910835266309e+00 3.012470728527991692e+00
1.595494809150695747e+00 2.528590878333902392e+00
1.599443707466125630e+00 2.123626161405606005e+00
1.603392605781555069e+00 1.748344872031203812e+00
1.607341504096984952e+00 1.425707332819746709e+00
1.611290402412414391e+00 1.152270092354231501e+00
1.615239300727844274e+00 9.190633524353633010e-01
1.619188199043273935e+00 7.215291082446144699e-01
1.623137097358703596e+00 5.693623563353801265e-01
1.627085995674133478e+00 4.425221054525738662e-01
1.631034893989562917e+00 3.345068831821110811e-01
1.634983792304992800e+00 2.562221058296604292e-01
1.638932690620422239e+00 1.878351923691877201e-01
1.642881588935852122e+00 1.368724684912010214e-01
1.646830487251281783e+00 1.039340690942857082e-01
1.650779385566711444e+00 7.248849784489676262e-02
1.654728283882141104e+00 5.345951495966817096e-02
1.658677182197570765e+00 3.831260487227246270e-02
1.662626080513000648e+00 2.510501578216716573e-02
1.666574978828430087e+00 1.773656496311505626e-02
1.670523877143859970e+00 4.650619516554098040e-03
1.674472775459289409e+00 2.153820325604077421e-03
1.678421673774719292e+00 1.150792695907972398e-03
1.682370572090148952e+00 5.695545755330145860e-04
1.686319470405578613e+00 3.409310749323946456e-04
1.690268368721008496e+00 2.537420802017158715e-04
1.694217267036437935e+00 1.294979805182206367e-04
1.698166165351867818e+00 1.118964578999787312e-04
1.702115063667297257e+00 5.642023337439075405e-05
1.706063961982727140e+00 2.556990566699478406e-05
1.710012860298156800e+00 1.999709321234549784e-05
1.713961758613586461e+00 2.303990399442118388e-05
1.717910656929016122e+00 3.360972789092895094e-08
1.721859555244445783e+00 7.870890667493638494e-15
1.725808453559875666e+00 2.299583148853216047e-13
1.729757351875305105e+00 1.722459784985338066e-07
1.733706250190734988e+00 1.564284524636259404e-05
