9.153029063344002569e-01 9.625124665266982641e-06
9.189041671156883417e-01 1.449375699360811989e-09
9.225054278969764265e-01 1.770227093759499219e-06
9.261066886782646224e-01 1.278341329309360235e-05
9.297079494595528182e-01 3.357610755847398689e-05
9.333092102408409030e-01 2.347778526068197526e-05
9.369104710221289878e-01 9.996334120293469904e-05
9.405117318034171836e-01 9.259315322044636676e-05
9.441129925847053794e-01 1.388788714674070478e-04
9.477142533659934642e-01 2.892816974427798635e-04
9.513155141472816601e-01 4.767375009222496701e-04
9.549167749285698559e-01 9.325826242096455030e-04
9.585180357098579407e-01 1.134149635213707683e-03
9.621192964911460255e-01 2.161260706277257949e-03
9.657205572724342213e-01 7.233924104435960831e-03
9.693218180537224171e-01 1.554790490649123752e-02
9.729230788350105019e-01 2.272941039050654921e-02
9.765243396162986977e-01 3.467973052667990691e-02
9.801256003975868936e-01 4.906092035138397145e-02
9.837268611788749784e-01 6.904040721371390577e-02
9.873281219601630632e-01 9.696541014727656782e-02
9.909293827414512590e-01 1.327097754316056977e-01
9.945306435227394548e-01 1.838408738230139505e-01
9.981319043040275396e-01 2.484362589931711218e-01
1.001733165085315624e+00 3.299803537118372598e-01
1.005334425866603709e+00 4.371210512805643877e-01
1.008935686647892016e+00 5.732069942591258016e-01
1.012536947429180323e+00 7.377714720822662331e-01
1.016138208210468186e+00 9.420757139193931540e-01
1.019739468991756492e+00 1.188298050817332197e+00
1.023340729773044577e+00 1.488926693295765658e+00
1.026941990554332662e+00 1.837090891796296699e+00
1.030543251335620969e+00 2.235676337645426059e+00
1.034144512116909054e+00 2.703198847948518946e+00
1.037745772898197139e+00 3.226945613281203329e+00
1.041347033679485445e+00 3.801227926888441910e+00
1.044948294460773308e+00 4.444513732855170929e+00
1.048549555242061615e+00 5.117645794828012740e+00
1.052150816023349922e+00 5.832975958015685691e+00
1.055752076804637785e+00 6.579975344024860284e+00
1.059353337585926091e+00 7.344681167532212562e+00
1.062954598367214176e+00 8.073065807208001488e+00
1.066555859148502261e+00 8.810584730283677501e+00
1.070157119929790568e+00 9.489204674537180750e+00
1.073758380711078653e+00 1.011015156650116076e+01
1.077359641492366737e+00 1.063631316362638302e+01
1.080960902273655044e+00 1.107734145533563819e+01
1.084562163054942907e+00 1.141329308459041236e+01
1.088163423836231214e+00 1.161185472675561314e+01
1.091764684617519521e+00 1.168695853830418407e+01
1.095365945398807384e+00 1.163607681429691176e+01
1.098967206180095690e+00 1.146299115424641357e+01
1.102568466961383775e+00 1.111391944935137666e+01
1.106169727742671860e+00 1.071340550226664057e+01
1.109770988523960167e+00 1.017507750259729349e+01
1.113372249305248252e+00 9.565226788821814097e+00
1.116973510086536336e+00 8.893725243134293024e+00
1.120574770867824643e+00 8.172344303741990501e+00
1.124176031649112728e+00 7.420650339605551871e+00
1.127777292430400813e+00 6.668110606931924700e+00
1.131378553211689120e+00 5.934337118687227353e+00
1.134979813992976982e+00 5.203885585666863989e+00
1.138581074774265289e+00 4.522831558937118857e+00
1.142182335555553596e+00 3.883625646780145768e+00
1.145783596336841459e+00 3.289831445767250173e+00
1.149384857118129766e+00 2.756617322098239953e+00
1.152986117899417851e+00 2.293193217842378395e+00
1.156587378680705935e+00 1.875194497393797510e+00
1.160188639461994242e+00 1.526052534124525462e+00
1.163789900243282327e+00 1.227068718623377519e+00
1.167391161024570412e+00 9.720024015074320012e-01
1.170992421805858719e+00 7.618611112250217587e-01
1.174593682587146803e+00 5.903500017558861446e-01
1.178194943368434888e+00 4.520473487667779344e-01
1.181796204149723195e+00 3.425807066761386022e-01
1.185397464931011058e+00 2.573999965717487792e-01
1.188998725712299365e+00 1.911350667913009893e-01
1.192599986493587449e+00 1.393029954417086269e-01
1.196201247274875534e+00 1.013856045577057746e-01
1.199802508056163841e+00 7.242960131705687699e-02
1.203403768837451926e+00 4.947916703522981657e-02
1.207005029618740011e+00 3.517687305072898091e-02
1.210606290400028318e+00 2.385118165030317150e-02
1.214207551181316402e+00 1.191325543639430544e-02
1.217808811962604487e+00 2.895087032357925548e-03
1.221410072743892794e+00 2.007475902983129126e-03
1.225011333525180657e+00 1.251574478103729439e-03
1.228612594306468964e+00 6.640717186844039997e-04
1.232213855087757048e+00 5.315943532466599298e-04
1.235815115869045133e+00 2.844084864644468415e-04
1.239416376650333440e+00 2.006493473637594837e-04
1.243017637431621525e+00 9.254412450046004478e-05
1.246618898212909610e+00 4.933889270824222238e-05
1.250220158994197917e+00 3.227664637426127847e-05
1.253821419775486001e+00 8.329035320155131979e-06
1.257422680556774086e+00 2.441091236557017027e-05
1.261023941338062393e+00 5.306231187098666487e-06
1.264625202119350256e+00 7.025798736605548302e-06
1.268226462900638563e+00 9.185645169086809362e-09
1.271827723681926869e+00 4.814077816630544234e-06
