1.232296115159988492e+00 3.389285583064121201e-05
1.235868829488754095e+00 4.673226222065246986e-07
1.239441543817520142e+00 1.970149275624026232e-06
1.243014258146286188e+00 3.940660960225358608e-05
1.246586972475051791e+00 4.280454316995998404e-05
1.250159686803817838e+00 6.459693031334306102e-05
1.253732401132583441e+00 1.275745578332069358e-04
1.257305115461349487e+00 5.101603793108865006e-05
1.260877829790115534e+00 2.710635177796583313e-04
1.264450544118881137e+00 3.128420558252460347e-04
1.268023258447647184e+00 4.662371365871923368e-04
1.271595972776412786e+00 8.727881238889510654e-04
1.275168687105178833e+00 1.529711845297181648e-03
1.278741401433944880e+00 2.390785087551815496e-03
1.282314115762710482e+00 7.245328126601787745e-03
1.285886830091476529e+00 1.320226933887629940e-02
1.289459544420242132e+00 1.804681764703435984e-02
1.293032258749008179e+00 2.748958479811557110e-02
1.296604973077774225e+00 3.700490589597978802e-02
1.300177687406539828e+00 5.406326131865593632e-02
1.303750401735305875e+00 7.787170519031853810e-02
1.307323116064071478e+00 1.104693808585010262e-01
1.310895830392837524e+00 1.508775942531838110e-01
1.314468544721603571e+00 1.981535373732866701e-01
1.318041259050369174e+00 2.627747454837026098e-01
1.321613973379135221e+00 3.480254921787652722e-01
1.325186687707900823e+00 4.574061745148876867e-01
1.328759402036666870e+00 5.909282363000292193e-01
1.332332116365432917e+00 7.497803896247320354e-01
1.335904830694198520e+00 9.454369760447614013e-01
1.339477545022964566e+00 1.174471970003887034e+00
1.343050259351730169e+00 1.473310578184092501e+00
1.346622973680496216e+00 1.798742881743482069e+00
1.350195688009262263e+00 2.170391163930923906e+00
1.353768402338027865e+00 2.600628344274894310e+00
1.357341116666793912e+00 3.091251838554031739e+00
1.360913830995559515e+00 3.635625675179954719e+00
1.364486545324325562e+00 4.224959445130116897e+00
1.368059259653091608e+00 4.861310925081966161e+00
1.371631973981857211e+00 5.525931163767184628e+00
1.375204688310623258e+00 6.220479613545572661e+00
1.378777402639388860e+00 6.926644628006704885e+00
1.382350116968154907e+00 7.620822763889999685e+00
1.385922831296920954e+00 8.291780521777246449e+00
1.389495545625686557e+00 8.943466032838246704e+00
1.393068259954452603e+00 9.569962007193016262e+00
1.396640974283218206e+00 1.012458873076803734e+01
1.400213688611984253e+00 1.054549161299768123e+01
1.403786402940750300e+00 1.091126504744535275e+01
1.407359117269515902e+00 1.121034643854732415e+01
1.410931831598281949e+00 1.135124793033577184e+01
1.414504545927047552e+00 1.137586971900842236e+01
1.418077260255813599e+00 1.125144328775082769e+01
1.421649974584579645e+00 1.100281403839282923e+01
1.425222688913345248e+00 1.069017671991527862e+01
1.428795403242111295e+00 1.028189581970211464e+01
1.432368117570876898e+00 9.785049899850926991e+00
1.435940831899642944e+00 9.184280685383017229e+00
1.439513546228408991e+00 8.594448068405352359e+00
1.443086260557174594e+00 7.890508567692450015e+00
1.446658974885940641e+00 7.197092719683057638e+00
1.450231689214706243e+00 6.494526273908188152e+00
1.453804403543472290e+00 5.787910702551951836e+00
1.457377117872238337e+00 5.122343836907088388e+00
1.460949832201003940e+00 4.458669516859720794e+00
1.464522546529769986e+00 3.858744282492752919e+00
1.468095260858535589e+00 3.308269809731533506e+00
1.471667975187301636e+00 2.800157502659175179e+00
1.475240689516067683e+00 2.360739495349934547e+00
1.478813403844833285e+00 1.944699850867059876e+00
1.482386118173599332e+00 1.585909328791467399e+00
1.485958832502364935e+00 1.300871512610062286e+00
1.489531546831130981e+00 1.044190595832381607e+00
1.493104261159897028e+00 8.288851905222001104e-01
1.496676975488662631e+00 6.540958996610668486e-01
1.500249689817428678e+00 5.039534506997207508e-01
1.503822404146194280e+00 3.881286419091352635e-01
1.507395118474960327e+00 2.942178852031513414e-01
1.510967832803726374e+00 2.236547619652877739e-01
1.514540547132491977e+00 1.661922330202340869e-01
1.518113261461258023e+00 1.238078590053094397e-01
1.521685975790023626e+00 8.944352917323195040e-02
1.525258690118789673e+00 6.413909090202267460e-02
1.528831404447555720e+00 4.493147021558957510e-02
1.532404118776321322e+00 3.296702061530262101e-02
1.535976833105087369e+00 2.279817597009824517e-02
1.539549547433852972e+00 7.370604076781123344e-03
1.543122261762619019e+00 3.658361282570832349e-03
1.546694976091385065e+00 2.384428307549345000e-03
1.550267690420150668e+00 9.175475810529858936e-04
1.553840404748916715e+00 1.016008712917078338e-03
1.557413119077682317e+00 7.795683169868333892e-04
1.560985833406448364e+00 3.335876488701469472e-04
1.564558547735214411e+00 1.167271270291266201e-04
1.568131262063980014e+00 1.481070849633031269e-04
1.571703976392746060e+00 8.715226686261362641e-05
1.575276690721511663e+00 4.777508814797690987e-05
1.578849405050277710e+00 1.239913812830064072e-07
1.582422119379043757e+00 2.223498971765153394e-07
1.585994833707809359e+00 1.695105995472949908e-05
