8.230219691991805808e-01 2.162813296739154301e-05
8.257448703050613847e-01 3.635260110846844572e-07
8.284677714109420776e-01 1.828913418508463105e-05
8.311906725168227705e-01 1.035108864854189021e-04
8.339135736227035745e-01 1.033471656087007014e-04
8.366364747285842673e-01 1.242884182817262720e-04
8.393593758344650713e-01 1.397425506179323165e-04
8.420822769403457642e-01 2.010306223266867295e-04
8.448051780462264571e-01 6.013339497767207151e-04
8.475280791521072610e-01 2.189295181534459296e-03
8.502509802579879539e-01 5.510004049271415710e-03
8.529738813638687578e-01 8.824857147487791265e-03
8.556967824697494507e-01 1.371428020227352836e-02
8.584196835756301436e-01 1.803486492144789829e-02
8.611425846815109475e-01 2.649319896534304067e-02
8.638654857873916404e-01 3.729205236611204954e-02
8.665883868932724443e-01 5.256864174225646391e-02
8.693112879991531372e-01 7.380054694748175437e-02
8.720341891050338301e-01 1.014181763823726740e-01
8.747570902109146340e-01 1.375057655482662400e-01
8.774799913167953269e-01 1.878100179845228757e-01
8.802028924226761308e-01 2.498940820828607912e-01
8.829257935285568237e-01 3.290277436882299011e-01
8.856486946344375166e-01 4.381565871219066377e-01
8.883715957403183205e-01 5.632744152406163884e-01
8.910944968461990134e-01 7.199018229868588969e-01
8.938173979520798174e-01 9.192859960986679013e-01
8.965402990579605103e-01 1.154495252265423932e+00
8.992632001638412031e-01 1.435706645426324757e+00
9.019861012697220071e-01 1.779881238274926947e+00
9.047090023756027000e-01 2.166115293375681095e+00
9.074319034814835039e-01 2.636019366983537449e+00
9.101548045873641968e-01 3.137958992329781260e+00
9.128777056932448897e-01 3.724695783940625837e+00
9.156006067991256936e-01 4.366111566652295828e+00
9.183235079050063865e-01 5.083867409861119846e+00
9.210464090108871904e-01 5.840268641967173657e+00
9.237693101167678833e-01 6.660134035251885187e+00
9.264922112226485762e-01 7.500671223801454346e+00
9.292151123285293801e-01 8.381768202337786633e+00
9.319380134344100730e-01 9.228713947773043103e+00
9.346609145402908769e-01 1.008736537854680471e+01
9.373838156461715698e-01 1.093405814003573440e+01
9.401067167520522627e-01 1.175345068268445914e+01
9.428296178579330666e-01 1.246838630610931986e+01
9.455525189638137595e-01 1.309841165917455363e+01
9.482754200696945635e-01 1.361431230672443782e+01
9.509983211755752563e-01 1.403477033113819239e+01
9.537212222814559492e-01 1.430725457459427474e+01
9.564441233873367532e-01 1.446596989959212998e+01
9.591670244932174461e-01 1.445321876219012580e+01
9.618899255990982500e-01 1.432163210315861157e+01
9.646128267049789429e-01 1.402017313494497941e+01
9.673357278108596358e-01 1.361689297768906393e+01
9.700586289167404397e-01 1.307110374933791519e+01
9.727815300226211326e-01 1.242918787870568131e+01
9.755044311285019365e-01 1.172384673350532758e+01
9.782273322343826294e-01 1.091121022241145511e+01
9.809502333402633223e-01 1.010171376135346399e+01
9.836731344461441262e-01 9.235523524910682625e+00
9.863960355520248191e-01 8.394628641681022074e+00
9.891189366579056230e-01 7.531552461726495729e+00
9.918418377637863159e-01 6.657969376502911985e+00
9.945647388696670088e-01 5.858536803734240905e+00
9.972876399755478127e-01 5.084316131833102048e+00
1.000010541081428617e+00 4.376606061512969603e+00
1.002733442187309088e+00 3.725652705812295462e+00
1.005456343293190002e+00 3.154618463855410226e+00
1.008179244399070917e+00 2.662069976776035851e+00
1.010902145504951388e+00 2.197192494818884345e+00
1.013625046610832303e+00 1.797881494674292480e+00
1.016347947716712774e+00 1.461345213026420620e+00
1.019070848822593689e+00 1.165450447178877136e+00
1.021793749928474604e+00 9.269250546663040380e-01
1.024516651034355075e+00 7.421913257333310199e-01
1.027239552140235990e+00 5.808756501656985316e-01
1.029962453246116461e+00 4.487181403360980259e-01
1.032685354351997375e+00 3.436500288262315794e-01
1.035408255457878290e+00 2.679646268438143353e-01
1.038131156563758761e+00 1.873180424619856621e-01
1.040854057669639676e+00 1.400283703977723004e-01
1.043576958775520147e+00 7.156881142128609929e-02
1.046299859881401062e+00 4.753191238814181291e-02
1.049022760987281977e+00 3.312424837787969478e-02
1.051745662093162448e+00 2.487727178200754494e-02
1.054468563199043363e+00 1.719607592652260333e-02
1.057191464304923834e+00 1.196835767797445847e-02
1.059914365410804749e+00 7.878974663112969443e-03
1.062637266516685663e+00 6.597384012556651439e-03
1.065360167622566134e+00 4.387208781037353796e-03
1.068083068728447049e+00 2.496868202481464499e-03
1.070805969834327520e+00 1.830223196993502419e-03
1.073528870940208435e+00 9.216606438924634720e-04
1.076251772046089350e+00 8.377559610959510114e-04
1.078974673151969821e+00 5.423710572262056958e-04
1.081697574257850736e+00 5.469206548806559987e-04
1.084420475363731207e+00 2.956456622712734452e-04
1.087143376469612122e+00 2.323093346307296620e-04
1.089866277575493037e+00 1.118201521842230922e-04
1.092589178681373507e+00 6.556942583976584278e-05
