2.499999944120645523e-02 0.000000000000000000e+00
7.499999832361936569e-02 0.000000000000000000e+00
1.249999925494194031e-01 0.000000000000000000e+00
1.750000007450580597e-01 0.000000000000000000e+00
2.249999903142452240e-01 0.000000000000000000e+00
2.749999985098838806e-01 0.000000000000000000e+00
3.249999880790710449e-01 0.000000000000000000e+00
3.750000149011611938e-01 0.000000000000000000e+00
4.249999672174453735e-01 0.000000000000000000e+00
4.749999940395355225e-01 0.000000000000000000e+00
5.249999836087226868e-01 0.000000000000000000e+00
5.749999731779098511e-01 0.000000000000000000e+00
6.250000000000000000e-01 0.000000000000000000e+00
6.749999523162841797e-01 0.000000000000000000e+00
7.249999791383743286e-01 0.000000000000000000e+00
7.750000059604644775e-01 0.000000000000000000e+00
8.249999582767486572e-01 0.000000000000000000e+00
8.749999850988388062e-01 0.000000000000000000e+00
9.250000119209289551e-01 0.000000000000000000e+00
9.749999642372131348e-01 0.000000000000000000e+00
1.024999916553497314e+00 0.000000000000000000e+00
1.075000017881393433e+00 0.000000000000000000e+00
1.124999970197677612e+00 0.000000000000000000e+00
1.174999922513961792e+00 0.000000000000000000e+00
1.225000023841857910e+00 0.000000000000000000e+00
1.274999976158142090e+00 0.000000000000000000e+00
1.324999928474426270e+00 0.000000000000000000e+00
1.374999880790710449e+00 0.000000000000000000e+00
1.424999982118606567e+00 0.000000000000000000e+00
1.474999934434890747e+00 0.000000000000000000e+00
1.525000035762786865e+00 0.000000000000000000e+00
1.574999988079071045e+00 0.000000000000000000e+00
1.624999940395355225e+00 0.000000000000000000e+00
1.674999892711639404e+00 0.000000000000000000e+00
1.724999994039535522e+00 0.000000000000000000e+00
1.774999946355819702e+00 0.000000000000000000e+00
1.825000047683715820e+00 0.000000000000000000e+00
1.875000000000000000e+00 0.000000000000000000e+00
1.924999952316284180e+00 0.000000000000000000e+00
1.974999904632568359e+00 0.000000000000000000e+00
2.024999856948852539e+00 0.000000000000000000e+00
2.074999958276748657e+00 0.000000000000000000e+00
2.124999910593032837e+00 0.000000000000000000e+00
2.175000011920928955e+00 0.000000000000000000e+00
2.224999964237213135e+00 0.000000000000000000e+00
2.274999916553497314e+00 0.000000000000000000e+00
2.324999868869781494e+00 0.000000000000000000e+00
2.374999970197677612e+00 1.316106590820709243e-05
2.424999922513961792e+00 4.811654043805901892e-04
2.475000023841857910e+00 1.224667072528973222e-02
2.524999976158142090e+00 1.091313208453357220e-01
2.574999928474426270e+00 5.192975662648677826e-01
2.624999880790710449e+00 1.476229950785636902e+00
2.674999833106994629e+00 2.799411714076995850e+00
2.724999785423278809e+00 3.988543629646301270e+00
2.775000035762786865e+00 4.565505534410476685e+00
2.824999988079071045e+00 4.496093899011611938e+00
2.874999940395355225e+00 3.956354796886444092e+00
2.924999892711639404e+00 3.223417401313781738e+00
2.974999845027923584e+00 2.515220135450363159e+00
3.025000095367431641e+00 1.905242584645748138e+00
3.075000047683715820e+00 1.412023447453975677e+00
3.125000000000000000e+00 1.057850413024425507e+00
3.174999952316284180e+00 7.957319468259811401e-01
3.224999904632568359e+00 6.111083552241325378e-01
3.274999856948852539e+00 4.828339293599128723e-01
3.324999809265136719e+00 3.866440709680318832e-01
3.374999761581420898e+00 3.294344954192638397e-01
3.425000011920928955e+00 2.876773085445165634e-01
3.474999964237213135e+00 2.631717156618833542e-01
3.524999916553497314e+00 2.474533598870038986e-01
3.574999868869781494e+00 2.427907409146428108e-01
3.624999821186065674e+00 2.423128997907042503e-01
3.675000071525573730e+00 2.493614833801984787e-01
3.725000023841857910e+00 2.573401024565100670e-01
3.774999976158142090e+00 2.727858126163482666e-01
3.824999928474426270e+00 2.889335919171571732e-01
3.874999880790710449e+00 3.103091381490230560e-01
3.924999833106994629e+00 3.298325687646865845e-01
3.974999785423278809e+00 3.558065015822649002e-01
4.024999737739562988e+00 3.862187489867210388e-01
4.074999988079071045e+00 4.175547976046800613e-01
4.124999940395355225e+00 4.487183038145303726e-01
4.174999892711639404e+00 4.851397946476936340e-01
4.224999845027923584e+00 5.230844840407371521e-01
4.274999797344207764e+00 5.706655457615852356e-01
4.325000047683715820e+00 6.162727102637290955e-01
4.375000000000000000e+00 6.687127612531185150e-01
4.424999952316284180e+00 7.252739034593105316e-01
4.474999904632568359e+00 7.833988741040229797e-01
4.524999856948852539e+00 8.380769342184066772e-01
4.574999809265136719e+00 8.911433741450309753e-01
4.624999761581420898e+00 9.321506582200527191e-01
4.675000011920928955e+00 9.681317731738090515e-01
4.724999964237213135e+00 9.943818040192127228e-01
4.774999916553497314e+00 1.015927568078041077e+00
4.824999868869781494e+00 1.031149342656135559e+00
4.874999821186065674e+00 1.039055019617080688e+00
4.924999773502349854e+00 1.048848375678062439e+00
4.975000023841857910e+00 1.048428259789943695e+00
5.024999976158142090e+00 1.047329999506473541e+00
5.074999928474426270e+00 1.051056101918220520e+00
5.124999880790710449e+00 1.042897388339042664e+00
5.174999833106994629e+00 1.034971535205841064e+00
5.224999785423278809e+00 1.033347137272357941e+00
5.274999737739562988e+00 1.021351493895053864e+00
5.324999690055847168e+00 1.007378753274679184e+00
5.374999642372131348e+00 9.957513995468616486e-01
5.425000190734863281e+00 9.801774695515632629e-01
5.475000143051147461e+00 9.641456492245197296e-01
5.525000095367431641e+00 9.513504207134246826e-01
5.575000047683715820e+00 9.401667006313800812e-01
5.625000000000000000e+00 9.300654120743274689e-01
5.674999952316284180e+00 9.215615876019001007e-01
5.724999904632568359e+00 9.144119061529636383e-01
5.774999856948852539e+00 9.117850922048091888e-01
5.824999809265136719e+00 9.065946601331233978e-01
5.874999761581420898e+00 9.064407348632812500e-01
5.924999713897705078e+00 9.027652889490127563e-01
5.974999666213989258e+00 9.017826877534389496e-01
6.024999618530273438e+00 9.037515223026275635e-01
6.074999570846557617e+00 9.051309078931808472e-01
6.125000119209289551e+00 9.093445464968681335e-01
6.175000071525573730e+00 9.100739285349845886e-01
6.225000023841857910e+00 9.151526838541030884e-01
6.274999976158142090e+00 9.227710738778114319e-01
6.324999928474426270e+00 9.245299659669399261e-01
6.374999880790710449e+00 9.339793361723423004e-01
6.424999833106994629e+00 9.394381418824195862e-01
6.474999785423278809e+00 9.473327472805976868e-01
6.524999737739562988e+00 9.588409401476383209e-01
6.574999690055847168e+00 9.643862470984458923e-01
6.624999642372131348e+00 9.767028018832206726e-01
6.674999594688415527e+00 9.863115772604942322e-01
6.725000143051147461e+00 9.944123215973377228e-01
6.775000095367431641e+00 1.008771549910306931e+00
6.825000047683715820e+00 1.016962792724370956e+00
6.875000000000000000e+00 1.026931509375572205e+00
6.924999952316284180e+00 1.034874781966209412e+00
6.974999904632568359e+00 1.038732320070266724e+00
7.024999856948852539e+00 1.046189203858375549e+00
7.074999809265136719e+00 1.055106446146965027e+00
7.124999761581420898e+00 1.054026223719120026e+00
7.174999713897705078e+00 1.056836955249309540e+00
7.224999666213989258e+00 1.060490734875202179e+00
7.274999618530273438e+00 1.060116752982139587e+00
7.324999570846557617e+00 1.056882739067077637e+00
7.374999523162841797e+00 1.059559047222137451e+00
7.425000071525573730e+00 1.056120343506336212e+00
7.475000023841857910e+00 1.053096190094947815e+00
7.524999976158142090e+00 1.048281677067279816e+00
7.574999928474426270e+00 1.046397060155868530e+00
7.624999880790710449e+00 1.042265385389328003e+00
7.674999833106994629e+00 1.038137651979923248e+00
7.724999785423278809e+00 1.033029668033123016e+00
7.774999737739562988e+00 1.032486699521541595e+00
7.824999690055847168e+00 1.026539534330368042e+00
7.874999642372131348e+00 1.023736730217933655e+00
7.924999594688415527e+00 1.021091260015964508e+00
7.974999547004699707e+00 1.019184067845344543e+00
8.025000095367431641e+00 1.017815947532653809e+00
8.075000047683715820e+00 1.017044439911842346e+00
8.125000000000000000e+00 1.015011034905910492e+00
8.174999952316284180e+00 1.014357671141624451e+00
8.224999904632568359e+00 1.013956133276224136e+00
8.274999856948852539e+00 1.011588554829359055e+00
8.324999809265136719e+00 1.013758972287178040e+00
8.374999761581420898e+00 1.013214726001024246e+00
8.424999713897705078e+00 1.013552762567996979e+00
8.474999666213989258e+00 1.013910070061683655e+00
8.524999618530273438e+00 1.012277349829673767e+00
8.574999570846557617e+00 1.013591315597295761e+00
8.624999523162841797e+00 1.013408798724412918e+00
8.675000071525573730e+00 1.015509687364101410e+00
8.725000023841857910e+00 1.017631955444812775e+00
8.774999976158142090e+00 1.013960935175418854e+00
8.824999928474426270e+00 1.019382432103157043e+00
8.874999880790710449e+00 1.019079543650150299e+00
8.924999833106994629e+00 1.017721220850944519e+00
8.974999785423278809e+00 1.018715456128120422e+00
9.024999737739562988e+00 1.020495980978012085e+00
9.074999690055847168e+00 1.019823990762233734e+00
9.124999642372131348e+00 1.020273715257644653e+00
9.174999594688415527e+00 1.019128367304801941e+00
9.224999547004699707e+00 1.020863644778728485e+00
9.275000095367431641e+00 1.019877351820468903e+00
9.325000047683715820e+00 1.020758442580699921e+00
9.375000000000000000e+00 1.017496049404144287e+00
9.424999952316284180e+00 1.018912434577941895e+00
9.474999904632568359e+00 1.017706885933876038e+00
9.524999856948852539e+00 1.014151692390441895e+00
9.574999809265136719e+00 1.014769691973924637e+00
9.624999761581420898e+00 1.013212263584136963e+00
9.674999713897705078e+00 1.011905863881111145e+00
9.724999666213989258e+00 1.010511804372072220e+00
9.774999618530273438e+00 1.009127497673034668e+00
9.824999570846557617e+00 1.005981720983982086e+00
9.874999523162841797e+00 1.004502721130847931e+00
9.924999475479125977e+00 1.003905333578586578e+00
9.975000023841857910e+00 1.002585668116807938e+00
1.002500057220458984e+01 1.002200398594141006e+00
1.007499933242797852e+01 9.984885975718498230e-01
1.012500047683715820e+01 9.986255131661891937e-01
1.017499923706054688e+01 9.964677989482879639e-01
1.022500038146972656e+01 9.935724027454853058e-01
1.027499914169311523e+01 9.937348216772079468e-01
1.032500028610229492e+01 9.924102947115898132e-01
1.037499904632568359e+01 9.941388852894306183e-01
1.042500019073486328e+01 9.905589334666728973e-01
1.047499895095825195e+01 9.918849579989910126e-01
1.052500009536743164e+01 9.882519617676734924e-01
1.057499885559082031e+01 9.895989708602428436e-01
1.062500000000000000e+01 9.886880628764629364e-01
1.067499876022338867e+01 9.873188063502311707e-01
1.072499990463256836e+01 9.876301400363445282e-01
1.077499866485595703e+01 9.873137399554252625e-01
1.082499980926513672e+01 9.886089712381362915e-01
1.087499976158142090e+01 9.883743003010749817e-01
1.092499971389770508e+01 9.878504127264022827e-01
1.097500085830688477e+01 9.891074784100055695e-01
1.102499961853027344e+01 9.894132241606712341e-01
1.107500076293945312e+01 9.873505868017673492e-01
1.112499952316284180e+01 9.879021011292934418e-01
1.117500066757202148e+01 9.879527613520622253e-01
1.122499942779541016e+01 9.886721782386302948e-01
1.127500057220458984e+01 9.890473596751689911e-01
1.132499933242797852e+01 9.889748543500900269e-01
1.137500047683715820e+01 9.892313703894615173e-01
1.142499923706054688e+01 9.900223240256309509e-01
1.147500038146972656e+01 9.890072681009769440e-01
1.152499914169311523e+01 9.910458028316497803e-01
1.157500028610229492e+01 9.899752698838710785e-01
1.162499904632568359e+01 9.912205114960670471e-01
1.167500019073486328e+01 9.920120798051357269e-01
1.172499895095825195e+01 9.913069531321525574e-01
1.177500009536743164e+01 9.924434237182140350e-01
1.182499885559082031e+01 9.912588559091091156e-01
1.187500000000000000e+01 9.921150878071784973e-01
1.192499876022338867e+01 9.925020113587379456e-01
1.197499990463256836e+01 9.924405626952648163e-01
1.202499866485595703e+01 9.925498738884925842e-01
1.207499980926513672e+01 9.935869239270687103e-01
1.212499856948852539e+01 9.928067438304424286e-01
1.217499971389770508e+01 9.927725531160831451e-01
1.222500085830688477e+01 9.929702691733837128e-01
1.227499961853027344e+01 9.933677688241004944e-01
1.232500076293945312e+01 9.933109655976295471e-01
1.237499952316284180e+01 9.929927177727222443e-01
1.242500066757202148e+01 9.933534264564514160e-01
1.247499942779541016e+01 9.938131272792816162e-01
