2.499999944120645523e-02 0.000000000000000000e+00
7.499999832361936569e-02 0.000000000000000000e+00
1.249999925494194031e-01 0.000000000000000000e+00
1.750000007450580597e-01 0.000000000000000000e+00
2.249999903142452240e-01 0.000000000000000000e+00
2.749999985098838806e-01 0.000000000000000000e+00
3.249999880790710449e-01 0.000000000000000000e+00
3.750000149011611938e-01 0.000000000000000000e+00
4.249999672174453735e-01 0.000000000000000000e+00
4.749999940395355225e-01 0.000000000000000000e+00
5.249999836087226868e-01 0.000000000000000000e+00
5.749999731779098511e-01 0.000000000000000000e+00
6.250000000000000000e-01 0.000000000000000000e+00
6.749999523162841797e-01 0.000000000000000000e+00
7.249999791383743286e-01 0.000000000000000000e+00
7.750000059604644775e-01 0.000000000000000000e+00
8.249999582767486572e-01 0.000000000000000000e+00
8.749999850988388062e-01 0.000000000000000000e+00
9.250000119209289551e-01 0.000000000000000000e+00
9.749999642372131348e-01 0.000000000000000000e+00
1.024999916553497314e+00 0.000000000000000000e+00
1.075000017881393433e+00 0.000000000000000000e+00
1.124999970197677612e+00 0.000000000000000000e+00
1.174999922513961792e+00 0.000000000000000000e+00
1.225000023841857910e+00 0.000000000000000000e+00
1.274999976158142090e+00 0.000000000000000000e+00
1.324999928474426270e+00 0.000000000000000000e+00
1.374999880790710449e+00 0.000000000000000000e+00
1.424999982118606567e+00 0.000000000000000000e+00
1.474999934434890747e+00 0.000000000000000000e+00
1.525000035762786865e+00 0.000000000000000000e+00
1.574999988079071045e+00 0.000000000000000000e+00
1.624999940395355225e+00 0.000000000000000000e+00
1.674999892711639404e+00 0.000000000000000000e+00
1.724999994039535522e+00 0.000000000000000000e+00
1.774999946355819702e+00 0.000000000000000000e+00
1.825000047683715820e+00 0.000000000000000000e+00
1.875000000000000000e+00 0.000000000000000000e+00
1.924999952316284180e+00 0.000000000000000000e+00
1.974999904632568359e+00 0.000000000000000000e+00
2.024999856948852539e+00 0.000000000000000000e+00
2.074999958276748657e+00 0.000000000000000000e+00
2.124999910593032837e+00 0.000000000000000000e+00
2.175000011920928955e+00 0.000000000000000000e+00
2.224999964237213135e+00 0.000000000000000000e+00
2.274999916553497314e+00 0.000000000000000000e+00
2.324999868869781494e+00 0.000000000000000000e+00
2.374999970197677612e+00 4.990019988326821476e-07
2.424999922513961792e+00 1.946107795447460376e-05
2.475000023841857910e+00 5.214570810494478792e-04
2.524999976158142090e+00 5.177644721698015928e-03
2.574999928474426270e+00 2.821906202007085085e-02
2.624999880790710449e+00 9.629191644489765167e-02
2.674999833106994629e+00 2.303430624306201935e-01
2.724999785423278809e+00 4.285429120063781738e-01
2.775000035762786865e+00 6.638141199946403503e-01
2.824999988079071045e+00 9.039311446249485016e-01
2.874999940395355225e+00 1.122765965759754181e+00
2.924999892711639404e+00 1.307318851351737976e+00
2.974999845027923584e+00 1.456288419663906097e+00
3.025000095367431641e+00 1.572956085205078125e+00
3.075000047683715820e+00 1.662303403019905090e+00
3.125000000000000000e+00 1.731434136629104614e+00
3.174999952316284180e+00 1.785112276673316956e+00
3.224999904632568359e+00 1.827643707394599915e+00
3.274999856948852539e+00 1.862297400832176208e+00
3.324999809265136719e+00 1.890901684761047363e+00
3.374999761581420898e+00 1.916012704372406006e+00
3.425000011920928955e+00 1.938594788312911987e+00
3.474999964237213135e+00 1.959861740469932556e+00
3.524999916553497314e+00 1.980438090860843658e+00
3.574999868869781494e+00 2.001203067600727081e+00
3.624999821186065674e+00 2.022511959075927734e+00
3.675000071525573730e+00 2.045049414038658142e+00
3.725000023841857910e+00 2.068944141268730164e+00
3.774999976158142090e+00 2.094957619905471802e+00
3.824999928474426270e+00 2.123247027397155762e+00
3.874999880790710449e+00 2.154426172375679016e+00
3.924999833106994629e+00 2.188428670167922974e+00
3.974999785423278809e+00 2.226050421595573425e+00
4.024999737739562988e+00 2.267920464277267456e+00
4.074999988079071045e+00 2.314319148659706116e+00
4.124999940395355225e+00 2.365412682294845581e+00
4.174999892711639404e+00 2.422000527381896973e+00
4.224999845027923584e+00 2.484486550092697144e+00
4.274999797344207764e+00 2.554276496171951294e+00
4.325000047683715820e+00 2.631415233016014099e+00
4.375000000000000000e+00 2.717067927122116089e+00
4.424999952316284180e+00 2.812098905444145203e+00
4.474999904632568359e+00 2.917081445455551147e+00
4.524999856948852539e+00 3.031911239027976990e+00
4.574999809265136719e+00 3.156728610396385193e+00
4.624999761581420898e+00 3.290156260132789612e+00
4.675000011920928955e+00 3.431749060750007629e+00
4.724999964237213135e+00 3.580305427312850952e+00
4.774999916553497314e+00 3.735308423638343811e+00
4.824999868869781494e+00 3.895950108766555786e+00
4.874999821186065674e+00 4.061198145151138306e+00
4.924999773502349854e+00 4.231441140174865723e+00
4.975000023841857910e+00 4.405088901519775391e+00
5.024999976158142090e+00 4.582059472799301147e+00
5.074999928474426270e+00 4.763210386037826538e+00
5.124999880790710449e+00 4.946516007184982300e+00
5.174999833106994629e+00 5.131992846727371216e+00
5.224999785423278809e+00 5.320778250694274902e+00
5.274999737739562988e+00 5.510953634977340698e+00
5.324999690055847168e+00 5.702103912830352783e+00
5.374999642372131348e+00 5.894612908363342285e+00
5.425000190734863281e+00 6.087657570838928223e+00
5.475000143051147461e+00 6.281057804822921753e+00
5.525000095367431641e+00 6.475390583276748657e+00
5.575000047683715820e+00 6.670930504798889160e+00
5.625000000000000000e+00 6.867853850126266479e+00
5.674999952316284180e+00 7.066460609436035156e+00
5.724999904632568359e+00 7.267015457153320312e+00
5.774999856948852539e+00 7.470503956079483032e+00
5.824999809265136719e+00 7.676355779170989990e+00
5.874999761581420898e+00 7.885719269514083862e+00
5.924999713897705078e+00 8.097793340682983398e+00
5.974999666213989258e+00 8.313230931758880615e+00
6.024999618530273438e+00 8.532764911651611328e+00
6.074999570846557617e+00 8.756304800510406494e+00
6.125000119209289551e+00 8.984593272209167480e+00
6.175000071525573730e+00 9.216804862022399902e+00
6.225000023841857910e+00 9.454112112522125244e+00
6.274999976158142090e+00 9.697255373001098633e+00
6.324999928474426270e+00 9.944758355617523193e+00
6.374999880790710449e+00 1.019876307249069214e+01
6.424999833106994629e+00 1.045827376842498779e+01
6.474999785423278809e+00 1.072405475378036499e+01
6.524999737739562988e+00 1.099723124504089355e+01
6.574999690055847168e+00 1.127622008323669434e+01
6.624999642372131348e+00 1.156308060884475708e+01
6.674999594688415527e+00 1.185714966058731079e+01
6.725000143051147461e+00 1.215809935331344604e+01
6.775000095367431641e+00 1.246795040369033813e+01
6.825000047683715820e+00 1.278494316339492798e+01
6.875000000000000000e+00 1.310975623130798340e+01
6.924999952316284180e+00 1.344185328483581543e+01
6.974999904632568359e+00 1.378002190589904785e+01
7.024999856948852539e+00 1.412551808357238770e+01
7.074999809265136719e+00 1.447893542051315308e+01
7.124999761581420898e+00 1.483700281381607056e+01
7.174999713897705078e+00 1.520107972621917725e+01
7.224999666213989258e+00 1.557152259349822998e+01
7.274999618530273438e+00 1.594697976112365723e+01
7.324999570846557617e+00 1.632645678520202637e+01
7.374999523162841797e+00 1.671210718154907227e+01
7.425000071525573730e+00 1.710173106193542480e+01
7.475000023841857910e+00 1.749549734592437744e+01
7.524999976158142090e+00 1.789271974563598633e+01
7.574999928474426270e+00 1.829451322555541992e+01
7.624999880790710449e+00 1.870002150535583496e+01
7.674999833106994629e+00 1.910923528671264648e+01
7.724999785423278809e+00 1.952175891399383545e+01
7.774999737739562988e+00 1.993941819667816162e+01
7.824999690055847168e+00 2.036003565788269043e+01
7.874999642372131348e+00 2.078488528728485107e+01
7.924999594688415527e+00 2.121403527259826660e+01
7.974999547004699707e+00 2.164779734611511230e+01
8.025000095367431641e+00 2.208643531799316406e+01
8.075000047683715820e+00 2.253021776676177979e+01
8.125000000000000000e+00 2.297860944271087646e+01
8.174999952316284180e+00 2.343224561214447021e+01
8.224999904632568359e+00 2.389126253128051758e+01
8.274999856948852539e+00 2.435479605197906494e+01
8.324999809265136719e+00 2.482495272159576416e+01
8.374999761581420898e+00 2.530051827430725098e+01
8.424999713897705078e+00 2.578194391727447510e+01
8.474999666213989258e+00 2.626926147937774658e+01
8.524999618530273438e+00 2.676155579090118408e+01
8.574999570846557617e+00 2.726029002666473389e+01
8.624999523162841797e+00 2.776477229595184326e+01
8.675000071525573730e+00 2.827617263793945312e+01
8.725000023841857910e+00 2.879456746578216553e+01
8.774999976158142090e+00 2.931703293323516846e+01
8.824999928474426270e+00 2.984828865528106689e+01
8.874999880790710449e+00 3.038542282581329346e+01
8.924999833106994629e+00 3.092790496349334717e+01
8.974999785423278809e+00 3.147702181339263916e+01
9.024999737739562988e+00 3.203323817253112793e+01
9.074999690055847168e+00 3.259527254104614258e+01
9.124999642372131348e+00 3.316375970840454102e+01
9.174999594688415527e+00 3.373784947395324707e+01
9.224999547004699707e+00 3.431919884681701660e+01
9.275000095367431641e+00 3.490630865097045898e+01
9.325000047683715820e+00 3.550027441978454590e+01
9.375000000000000000e+00 3.609870696067810059e+01
9.424999952316284180e+00 3.670438051223754883e+01
9.474999904632568359e+00 3.731577634811401367e+01
9.524999856948852539e+00 3.793148732185363770e+01
9.574999809265136719e+00 3.855405282974243164e+01
9.624999761581420898e+00 3.918216562271118164e+01
9.674999713897705078e+00 3.981600689888000488e+01
9.724999666213989258e+00 4.045553517341613770e+01
9.774999618530273438e+00 4.110077810287475586e+01
9.824999570846557617e+00 4.175060462951660156e+01
9.874999523162841797e+00 4.240609574317932129e+01
9.924999475479125977e+00 4.306784486770629883e+01
9.975000023841857910e+00 4.373539710044860840e+01
1.002500057220458984e+01 4.440939784049987793e+01
1.007499933242797852e+01 4.508762550354003906e+01
1.012500047683715820e+01 4.577268552780151367e+01
1.017499923706054688e+01 4.646304082870483398e+01
1.022500038146972656e+01 4.715817570686340332e+01
1.027499914169311523e+01 4.786023497581481934e+01
1.032500028610229492e+01 4.856819677352905273e+01
1.037499904632568359e+01 4.928427410125732422e+01
1.042500019073486328e+01 5.000467181205749512e+01
1.047499895095825195e+01 5.073296976089477539e+01
1.052500009536743164e+01 5.146554708480834961e+01
1.057499885559082031e+01 5.220610523223876953e+01
1.062500000000000000e+01 5.295298790931701660e+01
1.067499876022338867e+01 5.370587563514709473e+01
1.072499990463256836e+01 5.446607804298400879e+01
1.077499866485595703e+01 5.523314023017883301e+01
1.082499980926513672e+01 5.600835323333740234e+01
1.087499976158142090e+01 5.679058146476745605e+01
1.092499971389770508e+01 5.757957291603088379e+01
1.097500085830688477e+01 5.837681674957275391e+01
1.102499961853027344e+01 5.918158793449401855e+01
1.107500076293945312e+01 5.999198579788208008e+01
1.112499952316284180e+01 6.081016540527343750e+01
1.117500066757202148e+01 6.163576102256774902e+01
1.122499942779541016e+01 6.246937227249145508e+01
1.127500057220458984e+01 6.331074380874633789e+01
1.132499933242797852e+01 6.415953493118286133e+01
1.137500047683715820e+01 6.501606845855712891e+01
1.142499923706054688e+01 6.588082599639892578e+01
1.147500038146972656e+01 6.675228404998779297e+01
1.152499914169311523e+01 6.763316249847412109e+01
1.157500028610229492e+01 6.852073574066162109e+01
1.162499904632568359e+01 6.941712951660156250e+01
1.167500019073486328e+01 7.032196474075317383e+01
1.172499895095825195e+01 7.123391532897949219e+01
1.177500009536743164e+01 7.215472269058227539e+01
1.182499885559082031e+01 7.308224153518676758e+01
1.187500000000000000e+01 7.401844072341918945e+01
1.192499876022338867e+01 7.496291494369506836e+01
1.197499990463256836e+01 7.591525745391845703e+01
1.202499866485595703e+01 7.687567853927612305e+01
1.207499980926513672e+01 7.784510898590087891e+01
1.212499856948852539e+01 7.882182598114013672e+01
1.217499971389770508e+01 7.980660581588745117e+01
1.222500085830688477e+01 8.079966640472412109e+01
1.227499961853027344e+01 8.180125951766967773e+01
1.232500076293945312e+01 8.281098413467407227e+01
1.237499952316284180e+01 8.382858324050903320e+01
1.242500066757202148e+01 8.485479402542114258e+01
1.247499942779541016e+01 8.588976097106933594e+01
