9.310684716701507213e-01 6.364229711838413411e-06
9.342307198047637984e-01 5.674419324520202368e-06
9.373929679393768755e-01 4.403878895764701008e-06
9.405552160739898415e-01 2.652122331293878455e-05
9.437174642086029186e-01 5.905737455552831719e-05
9.468797123432159957e-01 3.989895718580580567e-05
9.500419604778289617e-01 6.286694908973372868e-05
9.532042086124419278e-01 1.842067125703163286e-04
9.563664567470551159e-01 1.573747099175168093e-04
9.595287048816680819e-01 2.231533045577913901e-04
9.626909530162810480e-01 6.232640685092685718e-04
9.658532011508942361e-01 1.839169220535438742e-03
9.690154492855072021e-01 3.717604423246428577e-03
9.721776974201201682e-01 5.519946428902034949e-03
9.753399455547333563e-01 8.671053559122300289e-03
9.785021936893463224e-01 1.243246827427267782e-02
9.816644418239592884e-01 1.847717063993721889e-02
9.848266899585724765e-01 2.691064052663146716e-02
9.879889380931854426e-01 3.779756734341482155e-02
9.911511862277984086e-01 5.527975115196355482e-02
9.943134343624115967e-01 7.674804654056925635e-02
9.974756824970245628e-01 1.060619762549044193e-01
1.000637930631637529e+00 1.454080538787532739e-01
1.003800178766250717e+00 1.986978245660875608e-01
1.006962426900863683e+00 2.673961688271396797e-01
1.010124675035476649e+00 3.538457544873207516e-01
1.013286923170089615e+00 4.688076598623289737e-01
1.016449171304702803e+00 6.108653162346484589e-01
1.019611419439315769e+00 7.904236866703747699e-01
1.022773667573928957e+00 1.003605014793385264e+00
1.025935915708541923e+00 1.260482713597577575e+00
1.029098163843154889e+00 1.575297274130794012e+00
1.032260411977767856e+00 1.940790077201184571e+00
1.035422660112381044e+00 2.362063218181974289e+00
1.038584908246994010e+00 2.853920889451604825e+00
1.041747156381607198e+00 3.414486474175195241e+00
1.044909404516220164e+00 4.019168976060226051e+00
1.048071652650833130e+00 4.689501445811522728e+00
1.051233900785446096e+00 5.420530239537727724e+00
1.054396148920059062e+00 6.193621678293495414e+00
1.057558397054672250e+00 6.996075914295087905e+00
1.060720645189285438e+00 7.825468116854899847e+00
1.063882893323898404e+00 8.661441992626091491e+00
1.067045141458511370e+00 9.455839045737659987e+00
1.070207389593124336e+00 1.023427531104490029e+01
1.073369637727737302e+00 1.095887000769726960e+01
1.076531885862350491e+00 1.157660910210400296e+01
1.079694133996963457e+00 1.212418676372425530e+01
1.082856382131576645e+00 1.257662893370012469e+01
1.086018630266189611e+00 1.285857016834080468e+01
1.089180878400802577e+00 1.301498685378715336e+01
1.092343126535415543e+00 1.305810343627291914e+01
1.095505374670028731e+00 1.294633012473496692e+01
1.098667622804641697e+00 1.268594451109149190e+01
1.101829870939254885e+00 1.229273176719865823e+01
1.104992119073867851e+00 1.180474025786955039e+01
1.108154367208480817e+00 1.117333402882698223e+01
1.111316615343093783e+00 1.051444418008042980e+01
1.114478863477706971e+00 9.738548626510315387e+00
1.117641111612319937e+00 8.945858419145967133e+00
1.120803359746933126e+00 8.111457262648968936e+00
1.123965607881546092e+00 7.292143770905593847e+00
1.127127856016159058e+00 6.475094168424807783e+00
1.130290104150772024e+00 5.679837720478938756e+00
1.133452352285384990e+00 4.940557447765811183e+00
1.136614600419998178e+00 4.261911817089455212e+00
1.139776848554611366e+00 3.615998380859868355e+00
1.142939096689224332e+00 3.044869833297959794e+00
1.146101344823837298e+00 2.535354976376602565e+00
1.149263592958450264e+00 2.084013401875229654e+00
1.152425841093063230e+00 1.688390388513048901e+00
1.155588089227676418e+00 1.361746033295103908e+00
1.158750337362289384e+00 1.087653199854944575e+00
1.161912585496902572e+00 8.572372567354122896e-01
1.165074833631515538e+00 6.716442121563483969e-01
1.168237081766128505e+00 5.123273015456949464e-01
1.171399329900741471e+00 3.929184391384881736e-01
1.174561578035354659e+00 2.967451178952886792e-01
1.177723826169967625e+00 2.204995658081456145e-01
1.180886074304580813e+00 1.617974223648279697e-01
1.184048322439193779e+00 1.174585548148064235e-01
1.187210570573806745e+00 8.480376147395093933e-02
1.190372818708419711e+00 6.030413811542816027e-02
1.193535066843032677e+00 4.287299848441299827e-02
1.196697314977645865e+00 2.986303114036916589e-02
1.199859563112259053e+00 2.083274524459666210e-02
1.203021811246872019e+00 1.429899504706323883e-02
1.206184059381484985e+00 9.573091456676785516e-03
1.209346307516097951e+00 6.503461827124296449e-03
1.212508555650710917e+00 4.152837213285267420e-03
1.215670803785324106e+00 1.108611272402751629e-03
1.218833051919937294e+00 4.872181647547645556e-04
1.221995300054550260e+00 3.691288142842331747e-04
1.225157548189163226e+00 1.755749119901457657e-04
1.228319796323776192e+00 1.188418278465642856e-04
1.231482044458389158e+00 3.539814016279332741e-05
1.234644292593002346e+00 5.042485391277317709e-05
1.237806540727615534e+00 3.479948141737328838e-05
1.240968788862228500e+00 1.451227430702828669e-05
1.244131036996841466e+00 9.439050602537511154e-06
