1.264456669092178354e+00 3.320079043808397154e-05
1.267484425306320217e+00 8.142615149259498769e-05
1.270512181520462081e+00 2.156055730955354713e-04
1.273539937734603944e+00 1.590251006024563001e-04
1.276567693948745807e+00 2.281474307513025701e-04
1.279595450162887671e+00 5.189833995258610585e-04
1.282623206377029312e+00 1.644972286964636703e-03
1.285650962591171176e+00 2.362739497301793046e-03
1.288678718805313039e+00 4.064880042170595023e-03
1.291706475019454903e+00 6.032088267031823423e-03
1.294734231233596766e+00 9.533237155937016732e-03
1.297761987447738630e+00 1.266867755786396307e-02
1.300789743661880493e+00 1.763938536495601034e-02
1.303817499876022357e+00 2.620422932684420003e-02
1.306845256090164220e+00 3.645852119761949089e-02
1.309873012304306084e+00 5.227054017898698224e-02
1.312900768518447947e+00 7.070982608114545487e-02
1.315928524732589810e+00 9.592746400121271444e-02
1.318956280946731674e+00 1.304612913742256852e-01
1.321984037160873315e+00 1.725360247058544683e-01
1.325011793375015179e+00 2.288072442573898524e-01
1.328039549589157042e+00 3.003374636017531185e-01
1.331067305803298906e+00 3.948920432816018788e-01
1.334095062017440769e+00 5.128041133468447255e-01
1.337122818231582633e+00 6.431435286452985567e-01
1.340150574445724496e+00 8.003371676871606777e-01
1.343178330659866360e+00 1.018121822211261351e+00
1.346206086874008223e+00 1.260446139265423815e+00
1.349233843088150087e+00 1.551430060417387846e+00
1.352261599302291950e+00 1.885231552491811513e+00
1.355289355516433814e+00 2.254455585294522280e+00
1.358317111730575455e+00 2.676051380648126976e+00
1.361344867944717318e+00 3.189335261395987775e+00
1.364372624158859182e+00 3.736230766983414053e+00
1.367400380373001045e+00 4.320647035749793474e+00
1.370428136587142909e+00 4.971292449647390477e+00
1.373455892801284772e+00 5.624068586514478163e+00
1.376483649015426636e+00 6.352590791233827971e+00
1.379511405229568499e+00 7.080617083641440601e+00
1.382539161443710363e+00 7.820698505544990908e+00
1.385566917657852226e+00 8.598675956615387861e+00
1.388594673871994090e+00 9.308899198188250068e+00
1.391622430086135953e+00 9.968782147318124842e+00
1.394650186300277594e+00 1.067643332701942072e+01
1.397677942514419458e+00 1.119744731277537753e+01
1.400705698728561321e+00 1.172300310562315495e+01
1.403733454942703185e+00 1.211894825500283446e+01
1.406761211156845048e+00 1.241875691468062470e+01
1.409788967370986912e+00 1.259769138809091871e+01
1.412816723585128775e+00 1.268165039392760285e+01
1.415844479799270639e+00 1.262025104890165395e+01
1.418872236013412502e+00 1.248459184179866810e+01
1.421899992227554366e+00 1.222538814140640717e+01
1.424927748441696229e+00 1.180326606961738278e+01
1.427955504655838093e+00 1.131343090521592565e+01
1.430983260869979956e+00 1.074507460380463542e+01
1.434011017084121598e+00 1.011719301834788709e+01
1.437038773298263461e+00 9.447416524530405368e+00
1.440066529512405324e+00 8.736368355330723645e+00
1.443094285726547188e+00 7.945937690684615973e+00
1.446122041940689051e+00 7.255008888271624379e+00
1.449149798154830915e+00 6.495813542831675669e+00
1.452177554368972778e+00 5.772751749819597933e+00
1.455205310583114642e+00 5.075737631928669558e+00
1.458233066797256505e+00 4.433128678143479995e+00
1.461260823011398369e+00 3.831197812413432935e+00
1.464288579225540232e+00 3.293149987624175434e+00
1.467316335439682096e+00 2.786968399272919061e+00
1.470344091653823737e+00 2.336715338940972941e+00
1.473371847867965601e+00 1.952065268403721410e+00
1.476399604082107464e+00 1.617287582694039161e+00
1.479427360296249327e+00 1.311361951401303294e+00
1.482455116510391191e+00 1.065383645295812531e+00
1.485482872724533054e+00 8.476046896208726533e-01
1.488510628938674918e+00 6.832784782877235896e-01
1.491538385152816781e+00 5.306325541375938037e-01
1.494566141366958645e+00 4.189669792027954642e-01
1.497593897581100508e+00 3.233177722244944818e-01
1.500621653795242372e+00 2.421680350056466258e-01
1.503649410009384235e+00 1.891217209077644124e-01
1.506677166223526099e+00 1.405653304096411704e-01
1.509704922437667740e+00 1.015117831570840207e-01
1.512732678651809604e+00 7.666608265656757459e-02
1.515760434865951467e+00 5.730932923590971451e-02
1.518788191080093330e+00 4.153807237896862264e-02
1.521815947294235194e+00 3.039671411205814230e-02
1.524843703508377057e+00 2.163640839757131201e-02
1.527871459722518921e+00 1.364191443106410433e-02
1.530899215936660784e+00 8.161733048767248061e-03
1.533926972150802648e+00 7.536682568877533031e-03
1.536954728364944511e+00 3.533778024541437898e-03
1.539982484579086375e+00 1.377650140504606009e-03
1.543010240793228238e+00 9.880225687276173764e-04
1.546037997007369880e+00 6.195493576643365703e-04
1.549065753221511743e+00 2.524258425577221286e-04
1.552093509435653607e+00 2.977974456552043986e-04
1.555121265649795470e+00 1.544078224760749452e-04
1.558149021863937334e+00 2.282764531643595202e-05
1.561176778078079197e+00 1.730802427567923932e-05
1.564204534292221060e+00 3.785540559787053217e-05
