2.499999944120645523e-02 0.000000000000000000e+00
7.499999832361936569e-02 0.000000000000000000e+00
1.249999925494194031e-01 0.000000000000000000e+00
1.750000007450580597e-01 0.000000000000000000e+00
2.249999903142452240e-01 0.000000000000000000e+00
2.749999985098838806e-01 0.000000000000000000e+00
3.249999880790710449e-01 0.000000000000000000e+00
3.750000149011611938e-01 0.000000000000000000e+00
4.249999672174453735e-01 0.000000000000000000e+00
4.749999940395355225e-01 0.000000000000000000e+00
5.249999836087226868e-01 0.000000000000000000e+00
5.749999731779098511e-01 0.000000000000000000e+00
6.250000000000000000e-01 0.000000000000000000e+00
6.749999523162841797e-01 0.000000000000000000e+00
7.249999791383743286e-01 0.000000000000000000e+00
7.750000059604644775e-01 0.000000000000000000e+00
8.249999582767486572e-01 0.000000000000000000e+00
8.749999850988388062e-01 0.000000000000000000e+00
9.250000119209289551e-01 0.000000000000000000e+00
9.749999642372131348e-01 0.000000000000000000e+00
1.024999916553497314e+00 0.000000000000000000e+00
1.075000017881393433e+00 0.000000000000000000e+00
1.124999970197677612e+00 0.000000000000000000e+00
1.174999922513961792e+00 0.000000000000000000e+00
1.225000023841857910e+00 0.000000000000000000e+00
1.274999976158142090e+00 0.000000000000000000e+00
1.324999928474426270e+00 0.000000000000000000e+00
1.374999880790710449e+00 0.000000000000000000e+00
1.424999982118606567e+00 0.000000000000000000e+00
1.474999934434890747e+00 0.000000000000000000e+00
1.525000035762786865e+00 0.000000000000000000e+00
1.574999988079071045e+00 0.000000000000000000e+00
1.624999940395355225e+00 0.000000000000000000e+00
1.674999892711639404e+00 0.000000000000000000e+00
1.724999994039535522e+00 0.000000000000000000e+00
1.774999946355819702e+00 0.000000000000000000e+00
1.825000047683715820e+00 0.000000000000000000e+00
1.875000000000000000e+00 0.000000000000000000e+00
1.924999952316284180e+00 0.000000000000000000e+00
1.974999904632568359e+00 0.000000000000000000e+00
2.024999856948852539e+00 0.000000000000000000e+00
2.074999958276748657e+00 0.000000000000000000e+00
2.124999910593032837e+00 0.000000000000000000e+00
2.175000011920928955e+00 0.000000000000000000e+00
2.224999964237213135e+00 0.000000000000000000e+00
2.274999916553497314e+00 0.000000000000000000e+00
2.324999868869781494e+00 0.000000000000000000e+00
2.374999970197677612e+00 1.353119841951411217e-04
2.424999922513961792e+00 2.571762539446353912e-03
2.475000023841857910e+00 2.586224011611193419e-02
2.524999976158142090e+00 1.375736678019165993e-01
2.574999928474426270e+00 4.614196028560400009e-01
2.624999880790710449e+00 1.024504423141479492e+00
2.674999833106994629e+00 1.756203584372997284e+00
2.724999785423278809e+00 2.417232960462570190e+00
2.775000035762786865e+00 2.833765998482704163e+00
2.824999988079071045e+00 2.995366632938385010e+00
2.874999940395355225e+00 2.905931696295738220e+00
2.924999892711639404e+00 2.677023530006408691e+00
2.974999845027923584e+00 2.374830096960067749e+00
3.025000095367431641e+00 2.056705512106418610e+00
3.075000047683715820e+00 1.783939480781555176e+00
3.125000000000000000e+00 1.530278652906417847e+00
3.174999952316284180e+00 1.308949068188667297e+00
3.224999904632568359e+00 1.125523827970027924e+00
3.274999856948852539e+00 9.752137996256351471e-01
3.324999809265136719e+00 8.629615120589733124e-01
3.374999761581420898e+00 7.680496647953987122e-01
3.425000011920928955e+00 7.015324085950851440e-01
3.474999964237213135e+00 6.389506421983242035e-01
3.524999916553497314e+00 6.033976599574089050e-01
3.574999868869781494e+00 5.615421794354915619e-01
3.624999821186065674e+00 5.438241586089134216e-01
3.675000071525573730e+00 5.200766846537590027e-01
3.725000023841857910e+00 5.151450820267200470e-01
3.774999976158142090e+00 5.106733124703168869e-01
3.824999928474426270e+00 5.099733918905258179e-01
3.874999880790710449e+00 5.119957830756902695e-01
3.924999833106994629e+00 5.234271921217441559e-01
3.974999785423278809e+00 5.340174920856952667e-01
4.024999737739562988e+00 5.525421909987926483e-01
4.074999988079071045e+00 5.645973533391952515e-01
4.124999940395355225e+00 5.812191218137741089e-01
4.174999892711639404e+00 6.068770252168178558e-01
4.224999845027923584e+00 6.266657002270221710e-01
4.274999797344207764e+00 6.630523130297660828e-01
4.325000047683715820e+00 6.942405365407466888e-01
4.375000000000000000e+00 7.330370172858238220e-01
4.424999952316284180e+00 7.698587961494922638e-01
4.474999904632568359e+00 8.001903779804706573e-01
4.524999856948852539e+00 8.353964276611804962e-01
4.574999809265136719e+00 8.532905392348766327e-01
4.624999761581420898e+00 8.736275546252727509e-01
4.675000011920928955e+00 8.981029912829399109e-01
4.724999964237213135e+00 9.137603007256984711e-01
4.774999916553497314e+00 9.254027605056762695e-01
4.824999868869781494e+00 9.331058785319328308e-01
4.874999821186065674e+00 9.424388371407985687e-01
4.924999773502349854e+00 9.493814222514629364e-01
4.975000023841857910e+00 9.514381550252437592e-01
5.024999976158142090e+00 9.580674581229686737e-01
5.074999928474426270e+00 9.600178748369216919e-01
5.124999880790710449e+00 9.635091833770275116e-01
5.174999833106994629e+00 9.658658914268016815e-01
5.224999785423278809e+00 9.641850814223289490e-01
5.274999737739562988e+00 9.659702703356742859e-01
5.324999690055847168e+00 9.689443223178386688e-01
5.374999642372131348e+00 9.665289744734764099e-01
5.425000190734863281e+00 9.599894322454929352e-01
5.475000143051147461e+00 9.650862663984298706e-01
5.525000095367431641e+00 9.650821685791015625e-01
5.575000047683715820e+00 9.632161483168601990e-01
5.625000000000000000e+00 9.576258920133113861e-01
5.674999952316284180e+00 9.551084153354167938e-01
5.724999904632568359e+00 9.502022750675678253e-01
5.774999856948852539e+00 9.472632817924022675e-01
5.824999809265136719e+00 9.489400833845138550e-01
5.874999761581420898e+00 9.461925551295280457e-01
5.924999713897705078e+00 9.440653659403324127e-01
5.974999666213989258e+00 9.388907253742218018e-01
6.024999618530273438e+00 9.332384206354618073e-01
6.074999570846557617e+00 9.366144649684429169e-01
6.125000119209289551e+00 9.320535361766815186e-01
6.175000071525573730e+00 9.290280789136886597e-01
6.225000023841857910e+00 9.301934242248535156e-01
6.274999976158142090e+00 9.299198687076568604e-01
6.324999928474426270e+00 9.307474121451377869e-01
6.374999880790710449e+00 9.336393736302852631e-01
6.424999833106994629e+00 9.318785853683948517e-01
6.474999785423278809e+00 9.396535158157348633e-01
6.524999737739562988e+00 9.421143159270286560e-01
6.574999690055847168e+00 9.404356367886066437e-01
6.624999642372131348e+00 9.515073895454406738e-01
6.674999594688415527e+00 9.576322920620441437e-01
6.725000143051147461e+00 9.576048329472541809e-01
6.775000095367431641e+00 9.651335850358009338e-01
6.825000047683715820e+00 9.716555625200271606e-01
6.875000000000000000e+00 9.762808196246623993e-01
6.924999952316284180e+00 9.805211126804351807e-01
6.974999904632568359e+00 9.836695194244384766e-01
7.024999856948852539e+00 9.920894466340541840e-01
7.074999809265136719e+00 9.966515265405178070e-01
7.124999761581420898e+00 9.985570944845676422e-01
7.174999713897705078e+00 1.001073561608791351e+00
7.224999666213989258e+00 1.000785019248723984e+00
7.274999618530273438e+00 1.001316457986831665e+00
7.324999570846557617e+00 1.006159730255603790e+00
7.374999523162841797e+00 1.004742756485939026e+00
7.425000071525573730e+00 1.009440325200557709e+00
7.475000023841857910e+00 1.008105333894491196e+00
7.524999976158142090e+00 1.008815385401248932e+00
7.574999928474426270e+00 1.006073839962482452e+00
7.624999880790710449e+00 1.006770234555006027e+00
7.674999833106994629e+00 1.008666250854730606e+00
7.724999785423278809e+00 1.008781783282756805e+00
7.774999737739562988e+00 1.005077812820672989e+00
7.824999690055847168e+00 1.007170435041189194e+00
7.874999642372131348e+00 1.004758425056934357e+00
7.924999594688415527e+00 1.002509340643882751e+00
7.974999547004699707e+00 1.006789613515138626e+00
8.025000095367431641e+00 1.003806974738836288e+00
8.075000047683715820e+00 1.007712893187999725e+00
8.125000000000000000e+00 1.006256025284528732e+00
8.174999952316284180e+00 1.001827646046876907e+00
8.224999904632568359e+00 1.005704723298549652e+00
8.274999856948852539e+00 1.004666816443204880e+00
8.324999809265136719e+00 1.002555515617132187e+00
8.374999761581420898e+00 1.005206383764743805e+00
8.424999713897705078e+00 1.005663126707077026e+00
8.474999666213989258e+00 1.005405556410551071e+00
8.524999618530273438e+00 1.005497753620147705e+00
8.574999570846557617e+00 1.006057884544134140e+00
8.624999523162841797e+00 1.005904510617256165e+00
8.675000071525573730e+00 1.005706280469894409e+00
8.725000023841857910e+00 1.004151154309511185e+00
8.774999976158142090e+00 1.008413124829530716e+00
8.824999928474426270e+00 1.007893003523349762e+00
8.874999880790710449e+00 1.006375972181558609e+00
8.924999833106994629e+00 1.007929638028144836e+00
8.974999785423278809e+00 1.007083635777235031e+00
9.024999737739562988e+00 1.007311757653951645e+00
9.074999690055847168e+00 1.009390316903591156e+00
9.124999642372131348e+00 1.007887773215770721e+00
9.174999594688415527e+00 1.011303123086690903e+00
9.224999547004699707e+00 1.012294676154851913e+00
9.275000095367431641e+00 1.009455822408199310e+00
9.325000047683715820e+00 1.009513210505247116e+00
9.375000000000000000e+00 1.009781584143638611e+00
9.424999952316284180e+00 1.009683910757303238e+00
9.474999904632568359e+00 1.009471673518419266e+00
9.524999856948852539e+00 1.007981956005096436e+00
9.574999809265136719e+00 1.007277902215719223e+00
9.624999761581420898e+00 1.011485621333122253e+00
9.674999713897705078e+00 1.005136042833328247e+00
9.724999666213989258e+00 1.007727969437837601e+00
9.774999618530273438e+00 1.010180976241827011e+00
9.824999570846557617e+00 1.003966782242059708e+00
9.874999523162841797e+00 1.006435703486204147e+00
9.924999475479125977e+00 1.005578573793172836e+00
9.975000023841857910e+00 1.002849470824003220e+00
1.002500057220458984e+01 1.005526594817638397e+00
1.007499933242797852e+01 1.000859048217535019e+00
1.012500047683715820e+01 1.003810171037912369e+00
1.017499923706054688e+01 1.000089872628450394e+00
1.022500038146972656e+01 9.986327812075614929e-01
1.027499914169311523e+01 9.987014792859554291e-01
1.032500028610229492e+01 9.979665540158748627e-01
1.037499904632568359e+01 9.988292418420314789e-01
1.042500019073486328e+01 9.953395649790763855e-01
1.047499895095825195e+01 9.953756295144557953e-01
1.052500009536743164e+01 9.959976747632026672e-01
1.057499885559082031e+01 9.972420558333396912e-01
1.062500000000000000e+01 9.932580739259719849e-01
1.067499876022338867e+01 9.939479008316993713e-01
1.072499990463256836e+01 9.905853942036628723e-01
1.077499866485595703e+01 9.935885891318321228e-01
1.082499980926513672e+01 9.923193342983722687e-01
1.087499976158142090e+01 9.913730025291442871e-01
1.092499971389770508e+01 9.912031963467597961e-01
1.097500085830688477e+01 9.901855885982513428e-01
1.102499961853027344e+01 9.917175099253654480e-01
1.107500076293945312e+01 9.919559583067893982e-01
1.112499952316284180e+01 9.923213869333267212e-01
1.117500066757202148e+01 9.886276870965957642e-01
1.122499942779541016e+01 9.909826628863811493e-01
1.127500057220458984e+01 9.918403141200542450e-01
1.132499933242797852e+01 9.891795702278614044e-01
1.137500047683715820e+01 9.899272173643112183e-01
1.142499923706054688e+01 9.918010979890823364e-01
1.147500038146972656e+01 9.887749217450618744e-01
1.152499914169311523e+01 9.900274910032749176e-01
1.157500028610229492e+01 9.915502518415451050e-01
1.162499904632568359e+01 9.899419285356998444e-01
1.167500019073486328e+01 9.910544157028198242e-01
1.172499895095825195e+01 9.910494908690452576e-01
1.177500009536743164e+01 9.904762618243694305e-01
1.182499885559082031e+01 9.902343489229679108e-01
1.187500000000000000e+01 9.903647638857364655e-01
1.192499876022338867e+01 9.906575120985507965e-01
1.197499990463256836e+01 9.913747794926166534e-01
1.202499866485595703e+01 9.903201162815093994e-01
1.207499980926513672e+01 9.917798899114131927e-01
1.212499856948852539e+01 9.898918941617012024e-01
1.217499971389770508e+01 9.891387596726417542e-01
1.222500085830688477e+01 9.897058606147766113e-01
1.227499961853027344e+01 9.915175251662731171e-01
1.232500076293945312e+01 9.891598559916019440e-01
1.237499952316284180e+01 9.884108491241931915e-01
1.242500066757202148e+01 9.910056814551353455e-01
1.247499942779541016e+01 9.897824488580226898e-01
