2.499999944120645523e-02 0.000000000000000000e+00
7.499999832361936569e-02 0.000000000000000000e+00
1.249999925494194031e-01 0.000000000000000000e+00
1.750000007450580597e-01 0.000000000000000000e+00
2.249999903142452240e-01 0.000000000000000000e+00
2.749999985098838806e-01 0.000000000000000000e+00
3.249999880790710449e-01 0.000000000000000000e+00
3.750000149011611938e-01 0.000000000000000000e+00
4.249999672174453735e-01 0.000000000000000000e+00
4.749999940395355225e-01 0.000000000000000000e+00
5.249999836087226868e-01 0.000000000000000000e+00
5.749999731779098511e-01 0.000000000000000000e+00
6.250000000000000000e-01 0.000000000000000000e+00
6.749999523162841797e-01 0.000000000000000000e+00
7.249999791383743286e-01 0.000000000000000000e+00
7.750000059604644775e-01 0.000000000000000000e+00
8.249999582767486572e-01 0.000000000000000000e+00
8.749999850988388062e-01 0.000000000000000000e+00
9.250000119209289551e-01 0.000000000000000000e+00
9.749999642372131348e-01 0.000000000000000000e+00
1.024999916553497314e+00 0.000000000000000000e+00
1.075000017881393433e+00 0.000000000000000000e+00
1.124999970197677612e+00 0.000000000000000000e+00
1.174999922513961792e+00 0.000000000000000000e+00
1.225000023841857910e+00 0.000000000000000000e+00
1.274999976158142090e+00 0.000000000000000000e+00
1.324999928474426270e+00 0.000000000000000000e+00
1.374999880790710449e+00 0.000000000000000000e+00
1.424999982118606567e+00 0.000000000000000000e+00
1.474999934434890747e+00 0.000000000000000000e+00
1.525000035762786865e+00 0.000000000000000000e+00
1.574999988079071045e+00 0.000000000000000000e+00
1.624999940395355225e+00 0.000000000000000000e+00
1.674999892711639404e+00 0.000000000000000000e+00
1.724999994039535522e+00 0.000000000000000000e+00
1.774999946355819702e+00 0.000000000000000000e+00
1.825000047683715820e+00 0.000000000000000000e+00
1.875000000000000000e+00 0.000000000000000000e+00
1.924999952316284180e+00 0.000000000000000000e+00
1.974999904632568359e+00 0.000000000000000000e+00
2.024999856948852539e+00 0.000000000000000000e+00
2.074999958276748657e+00 0.000000000000000000e+00
2.124999910593032837e+00 0.000000000000000000e+00
2.175000011920928955e+00 0.000000000000000000e+00
2.224999964237213135e+00 0.000000000000000000e+00
2.274999916553497314e+00 0.000000000000000000e+00
2.324999868869781494e+00 0.000000000000000000e+00
2.374999970197677612e+00 4.166666712990263477e-06
2.424999922513961792e+00 8.645833509035583120e-05
2.475000023841857910e+00 9.468750140513293445e-04
2.524999976158142090e+00 5.713541730074211955e-03
2.574999928474426270e+00 2.233645855449140072e-02
2.624999880790710449e+00 6.070208456367254257e-02
2.674999833106994629e+00 1.289999997243285179e-01
2.724999785423278809e+00 2.265395857393741608e-01
2.775000035762786865e+00 3.451197948306798935e-01
2.824999988079071045e+00 4.750177152454853058e-01
2.874999940395355225e+00 6.055510491132736206e-01
2.924999892711639404e+00 7.300187647342681885e-01
2.974999845027923584e+00 8.442317843437194824e-01
3.025000095367431641e+00 9.465000182390213013e-01
3.075000047683715820e+00 1.038163565099239349e+00
3.125000000000000000e+00 1.119375027716159821e+00
3.174999952316284180e+00 1.191077105700969696e+00
3.224999904632568359e+00 1.254687510430812836e+00
3.274999856948852539e+00 1.311526052653789520e+00
3.324999809265136719e+00 1.363363556563854218e+00
3.374999761581420898e+00 1.410905197262763977e+00
3.425000011920928955e+00 1.455628104507923126e+00
3.474999964237213135e+00 1.497555196285247803e+00
3.524999916553497314e+00 1.538297899067401886e+00
3.574999868869781494e+00 1.577300004661083221e+00
3.624999821186065674e+00 1.616131246089935303e+00
3.675000071525573730e+00 1.654297903180122375e+00
3.725000023841857910e+00 1.693135417997837067e+00
3.774999976158142090e+00 1.732683323323726654e+00
3.824999928474426270e+00 1.773232281208038330e+00
3.874999880790710449e+00 1.815003126859664917e+00
3.924999833106994629e+00 1.858826041221618652e+00
3.974999785423278809e+00 1.904676042497158051e+00
4.024999737739562988e+00 1.953323952853679657e+00
4.074999988079071045e+00 2.004277080297470093e+00
4.124999940395355225e+00 2.058025524020195007e+00
4.174999892711639404e+00 2.115503087639808655e+00
4.224999845027923584e+00 2.176287457346916199e+00
4.274999797344207764e+00 2.242137446999549866e+00
4.325000047683715820e+00 2.312707215547561646e+00
4.375000000000000000e+00 2.388954594731330872e+00
4.424999952316284180e+00 2.470859304070472717e+00
4.474999904632568359e+00 2.557933226227760315e+00
4.524999856948852539e+00 2.650882184505462646e+00
4.574999809265136719e+00 2.747935295104980469e+00
4.624999761581420898e+00 2.849494680762290955e+00
4.675000011920928955e+00 2.956160813570022583e+00
4.724999964237213135e+00 3.067014992237091064e+00
4.774999916553497314e+00 3.181668654084205627e+00
4.824999868869781494e+00 3.299704566597938538e+00
4.874999821186065674e+00 3.421414464712142944e+00
4.924999773502349854e+00 3.546542078256607056e+00
4.975000023841857910e+00 3.674507170915603638e+00
5.024999976158142090e+00 3.805974379181861877e+00
5.074999928474426270e+00 3.940338954329490662e+00
5.124999880790710449e+00 4.077869683504104614e+00
5.174999833106994629e+00 4.218422770500183105e+00
5.224999785423278809e+00 4.361456602811813354e+00
5.274999737739562988e+00 4.507516503334045410e+00
5.324999690055847168e+00 4.656820118427276611e+00
5.374999642372131348e+00 4.808552891016006470e+00
5.425000190734863281e+00 4.962083578109741211e+00
5.475000143051147461e+00 5.119280964136123657e+00
5.525000095367431641e+00 5.279358118772506714e+00
5.575000047683715820e+00 5.442048698663711548e+00
5.625000000000000000e+00 5.606686711311340332e+00
5.674999952316284180e+00 5.773844569921493530e+00
5.724999904632568359e+00 5.943071663379669189e+00
5.774999856948852539e+00 6.114742010831832886e+00
5.824999809265136719e+00 6.289717555046081543e+00
5.874999761581420898e+00 6.467176944017410278e+00
5.924999713897705078e+00 6.647267609834671021e+00
5.974999666213989258e+00 6.829397797584533691e+00
6.024999618530273438e+00 7.013483315706253052e+00
6.074999570846557617e+00 7.201321870088577271e+00
6.125000119209289551e+00 7.391325443983078003e+00
6.175000071525573730e+00 7.583825469017028809e+00
6.225000023841857910e+00 7.779696822166442871e+00
6.274999976158142090e+00 7.978676497936248779e+00
6.324999928474426270e+00 8.181021809577941895e+00
6.374999880790710449e+00 8.387196302413940430e+00
6.424999833106994629e+00 8.596237897872924805e+00
6.474999785423278809e+00 8.810319781303405762e+00
6.524999737739562988e+00 9.028269350528717041e+00
6.574999690055847168e+00 9.249201118946075439e+00
6.624999642372131348e+00 9.476139247417449951e+00
6.674999594688415527e+00 9.707998096942901611e+00
6.725000143051147461e+00 9.943353235721588135e+00
6.775000095367431641e+00 1.018408131599426270e+01
6.825000047683715820e+00 1.043000376224517822e+01
6.875000000000000000e+00 1.068077147006988525e+01
6.924999952316284180e+00 1.093628615140914917e+01
6.974999904632568359e+00 1.119632059335708618e+01
7.024999856948852539e+00 1.146238571405410767e+01
7.074999809265136719e+00 1.173346525430679321e+01
7.124999761581420898e+00 1.200892406702041626e+01
7.174999713897705078e+00 1.228894799947738647e+01
7.224999666213989258e+00 1.257282882928848267e+01
7.274999618530273438e+00 1.286079502105712891e+01
7.324999570846557617e+00 1.315415543317794800e+01
7.374999523162841797e+00 1.345111423730850220e+01
7.425000071525573730e+00 1.375352782011032104e+01
7.475000023841857910e+00 1.405958926677703857e+01
7.524999976158142090e+00 1.437001156806945801e+01
7.574999928474426270e+00 1.468370687961578369e+01
7.624999880790710449e+00 1.500179386138916016e+01
7.674999833106994629e+00 1.532467609643936157e+01
7.724999785423278809e+00 1.565179735422134399e+01
7.774999737739562988e+00 1.598193591833114624e+01
7.824999690055847168e+00 1.631705355644226074e+01
7.874999642372131348e+00 1.665566134452819824e+01
7.924999594688415527e+00 1.699780833721160889e+01
7.974999547004699707e+00 1.734574890136718750e+01
8.025000095367431641e+00 1.769703662395477295e+01
8.075000047683715820e+00 1.805407989025115967e+01
8.125000000000000000e+00 1.841505289077758789e+01
8.174999952316284180e+00 1.877888822555541992e+01
8.224999904632568359e+00 1.914859223365783691e+01
8.274999856948852539e+00 1.952243185043334961e+01
8.324999809265136719e+00 1.989997982978820801e+01
8.374999761581420898e+00 2.028311979770660400e+01
8.424999713897705078e+00 2.067101824283599854e+01
8.474999666213989258e+00 2.106341302394866943e+01
8.524999618530273438e+00 2.146049940586090088e+01
8.574999570846557617e+00 2.186248564720153809e+01
8.624999523162841797e+00 2.226911425590515137e+01
8.675000071525573730e+00 2.268039929866790771e+01
8.725000023841857910e+00 2.309579157829284668e+01
8.774999976158142090e+00 2.351774108409881592e+01
8.824999928474426270e+00 2.394428098201751709e+01
8.874999880790710449e+00 2.437502133846282959e+01
8.924999833106994629e+00 2.481129980087280273e+01
8.974999785423278809e+00 2.525212025642395020e+01
9.024999737739562988e+00 2.569795346260070801e+01
9.074999690055847168e+00 2.614967930316925049e+01
9.124999642372131348e+00 2.660572052001953125e+01
9.174999594688415527e+00 2.706832683086395264e+01
9.224999547004699707e+00 2.753646850585937500e+01
9.275000095367431641e+00 2.800837242603302002e+01
9.325000047683715820e+00 2.848538064956665039e+01
9.375000000000000000e+00 2.896766185760498047e+01
9.424999952316284180e+00 2.945504057407379150e+01
9.474999904632568359e+00 2.994750297069549561e+01
9.524999856948852539e+00 3.044444870948791504e+01
9.574999809265136719e+00 3.094626343250274658e+01
9.624999761581420898e+00 3.145544719696044922e+01
9.674999713897705078e+00 3.196670591831207275e+01
9.724999666213989258e+00 3.248459148406982422e+01
9.774999618530273438e+00 3.300909829139709473e+01
9.824999570846557617e+00 3.353572702407836914e+01
9.874999523162841797e+00 3.406902956962585449e+01
9.924999475479125977e+00 3.460729265213012695e+01
9.975000023841857910e+00 3.514951300621032715e+01
1.002500057220458984e+01 3.569864535331726074e+01
1.007499933242797852e+01 3.625071239471435547e+01
1.012500047683715820e+01 3.680988979339599609e+01
1.017499923706054688e+01 3.737253475189208984e+01
1.022500038146972656e+01 3.793987560272216797e+01
1.027499914169311523e+01 3.851282119750976562e+01
1.032500028610229492e+01 3.909094429016113281e+01
1.037499904632568359e+01 3.967517137527465820e+01
1.042500019073486328e+01 4.026299142837524414e+01
1.047499895095825195e+01 4.085648941993713379e+01
1.052500009536743164e+01 4.145603561401367188e+01
1.057499885559082031e+01 4.206203579902648926e+01
1.062500000000000000e+01 4.267132592201232910e+01
1.067499876022338867e+01 4.328680682182312012e+01
1.072499990463256836e+01 4.390598154067993164e+01
1.077499866485595703e+01 4.453280735015869141e+01
1.082499980926513672e+01 4.516466593742370605e+01
1.087499976158142090e+01 4.580180191993713379e+01
1.092499971389770508e+01 4.644466876983642578e+01
1.097500085830688477e+01 4.709277153015136719e+01
1.102499961853027344e+01 4.774781250953674316e+01
1.107500076293945312e+01 4.840897178649902344e+01
1.112499952316284180e+01 4.907633900642395020e+01
1.117500066757202148e+01 4.974722146987915039e+01
1.122499942779541016e+01 5.042574453353881836e+01
1.127500057220458984e+01 5.111090278625488281e+01
1.132499933242797852e+01 5.180031800270080566e+01
1.137500047683715820e+01 5.249635243415832520e+01
1.142499923706054688e+01 5.319982457160949707e+01
1.147500038146972656e+01 5.390732288360595703e+01
1.152499914169311523e+01 5.462186932563781738e+01
1.157500028610229492e+01 5.534376287460327148e+01
1.162499904632568359e+01 5.607071876525878906e+01
1.167500019073486328e+01 5.680478835105895996e+01
1.172499895095825195e+01 5.754512596130371094e+01
1.177500009536743164e+01 5.829136800765991211e+01
1.182499885559082031e+01 5.904378008842468262e+01
1.187500000000000000e+01 5.980270576477050781e+01
1.192499876022338867e+01 6.056821799278259277e+01
1.197499990463256836e+01 6.134073734283447266e+01
1.202499866485595703e+01 6.211888837814331055e+01
1.207499980926513672e+01 6.290468358993530273e+01
1.212499856948852539e+01 6.369548296928405762e+01
1.217499971389770508e+01 6.449223852157592773e+01
1.222500085830688477e+01 6.529599523544311523e+01
1.227499961853027344e+01 6.610782670974731445e+01
1.232500076293945312e+01 6.692429780960083008e+01
1.237499952316284180e+01 6.774682235717773438e+01
1.242500066757202148e+01 6.857819414138793945e+01
1.247499942779541016e+01 6.941521692276000977e+01
