1.375594413876533473e+00 2.114007314370005487e-05
1.378767122626304520e+00 6.227224795328503639e-05
1.381939831376075789e+00 7.055045501104639902e-05
1.385112540125846836e+00 1.088024445068137282e-04
1.388285248875618105e+00 2.635340175001573033e-04
1.391457957625389152e+00 6.032068699157570619e-04
1.394630666375160200e+00 1.011434376011346049e-03
1.397803375124931247e+00 1.648527639341821997e-03
1.400976083874702516e+00 2.942397855122465267e-03
1.404148792624473563e+00 3.750287227985530780e-03
1.407321501374244832e+00 5.868093038056538396e-03
1.410494210124015879e+00 9.238286669599712550e-03
1.413666918873786926e+00 1.342203207955730906e-02
1.416839627623557973e+00 1.798535855859269630e-02
1.420012336373329020e+00 2.751424046407325089e-02
1.423185045123100290e+00 3.942490321470521614e-02
1.426357753872871337e+00 5.476585535850637954e-02
1.429530462622642606e+00 7.227210089477163757e-02
1.432703171372413653e+00 1.029953009916076689e-01
1.435875880122184700e+00 1.402142634720692782e-01
1.439048588871955747e+00 1.927018133224489282e-01
1.442221297621727016e+00 2.510568590721836690e-01
1.445394006371498064e+00 3.292348016946524125e-01
1.448566715121269333e+00 4.358659974687900118e-01
1.451739423871040380e+00 5.640288430163854505e-01
1.454912132620811427e+00 7.205267552476497528e-01
1.458084841370582474e+00 9.089171842565637593e-01
1.461257550120353743e+00 1.139722067758758950e+00
1.464430258870124790e+00 1.406420720944259850e+00
1.467602967619896059e+00 1.734790091027525349e+00
1.470775676369667107e+00 2.111634707579168158e+00
1.473948385119438154e+00 2.525712673786104201e+00
1.477121093869209201e+00 3.045423356574073370e+00
1.480293802618980470e+00 3.564863136209974748e+00
1.483466511368751517e+00 4.152477363362318208e+00
1.486639220118522786e+00 4.811720126390020447e+00
1.489811928868293833e+00 5.488150983837330799e+00
1.492984637618064880e+00 6.189463649977770210e+00
1.496157346367835927e+00 6.972552538325972549e+00
1.499330055117606975e+00 7.731007274429456899e+00
1.502502763867378244e+00 8.456951337850389550e+00
1.505675472617149513e+00 9.210399528666005864e+00
1.508848181366920560e+00 9.945337941219701605e+00
1.512020890116691607e+00 1.055405727403688410e+01
1.515193598866462654e+00 1.114324212831590977e+01
1.518366307616233701e+00 1.163706752447943593e+01
1.521539016366004970e+00 1.202613303729158822e+01
1.524711725115776018e+00 1.231621303747983021e+01
1.527884433865547287e+00 1.241330733934823449e+01
1.531057142615318334e+00 1.250866271278995434e+01
1.534229851365089381e+00 1.240331567860688367e+01
1.537402560114860428e+00 1.220248765301124472e+01
1.540575268864631697e+00 1.185958835294963087e+01
1.543747977614402744e+00 1.141969264338120205e+01
1.546920686364174014e+00 1.092921633151208205e+01
1.550093395113945061e+00 1.027986660112588524e+01
1.553266103863716108e+00 9.628343445623055885e+00
1.556438812613487155e+00 8.869740997870463772e+00
1.559611521363258424e+00 8.112786889888488062e+00
1.562784230113029471e+00 7.372066075544692509e+00
1.565956938862800740e+00 6.638842462446582715e+00
1.569129647612571787e+00 5.906736280207049106e+00
1.572302356362342834e+00 5.180200334624143643e+00
1.575475065112113882e+00 4.520650959929058743e+00
1.578647773861884929e+00 3.875434025020585871e+00
1.581820482611656198e+00 3.308605735650114621e+00
1.584993191361427467e+00 2.804888843347461247e+00
1.588165900111198514e+00 2.350915728110881897e+00
1.591338608860969561e+00 1.950558298124019263e+00
1.594511317610740608e+00 1.581818690586734633e+00
1.597684026360511655e+00 1.302670187657019030e+00
1.600856735110282925e+00 1.049369987792684089e+00
1.604029443860053972e+00 8.269263909148915070e-01
1.607202152609825241e+00 6.459894340921281675e-01
1.610374861359596288e+00 5.031959578425964086e-01
1.613547570109367335e+00 3.885116505365894257e-01
1.616720278859138382e+00 2.941355766336911648e-01
1.619892987608909651e+00 2.269356963660721094e-01
1.623065696358680698e+00 1.727393120454252529e-01
1.626238405108451968e+00 1.272944802292194089e-01
1.629411113858223015e+00 8.999281143034566777e-02
1.632583822607994062e+00 6.752426607486126942e-02
1.635756531357765109e+00 5.014977114539816150e-02
1.638929240107536156e+00 3.467607751672512756e-02
1.642101948857307425e+00 2.492561595134605568e-02
1.645274657607078694e+00 1.708147725138331116e-02
1.648447366356849741e+00 1.098275992566925298e-02
1.651620075106620789e+00 7.771117742613940088e-03
1.654792783856391836e+00 6.178596860585967680e-03
1.657965492606162883e+00 3.677031261036905075e-03
1.661138201355934152e+00 2.470617518314444355e-03
1.664310910105705421e+00 1.228791268085648427e-03
1.667483618855476468e+00 7.981986720898687476e-04
1.670656327605247515e+00 2.825671624694766270e-04
1.673829036355018562e+00 9.812237864821974633e-05
1.677001745104789610e+00 1.818972772736199544e-04
1.680174453854560879e+00 3.698341278803814788e-05
1.683347162604332148e+00 3.364633765582120687e-05
1.686519871354103195e+00 1.066495217253732054e-05
1.689692580103874242e+00 1.865249519713643665e-05
