9.371168738603592452e-01 1.717068995208030440e-05
9.401877301931380604e-01 1.422148597496939137e-05
9.432585865259170976e-01 2.078917237336322339e-05
9.463294428586959128e-01 1.644812635271862105e-06
9.494002991914749501e-01 5.869473017450734838e-05
9.524711555242537653e-01 1.284041018227150265e-05
9.555420118570328025e-01 4.929367495740716201e-05
9.586128681898116177e-01 1.199141485698650329e-04
9.616837245225906550e-01 1.546027527609437696e-04
9.647545808553694702e-01 2.368400905602157281e-04
9.678254371881485074e-01 1.198572738369956068e-03
9.708962935209273226e-01 1.693629813611399054e-03
9.739671498537063599e-01 2.549741930935961898e-03
9.770380061864853971e-01 4.221593193490771195e-03
9.801088625192642123e-01 7.069311586829822580e-03
9.831797188520432496e-01 9.659801479114694944e-03
9.862505751848220648e-01 1.412519104835061566e-02
9.893214315176011020e-01 2.090166227164934679e-02
9.923922878503799172e-01 3.171252502223165931e-02
9.954631441831589544e-01 4.578534044766335853e-02
9.985340005159377696e-01 6.619558661703742186e-02
1.001604856848716807e+00 9.455631271489692291e-02
1.004675713181495622e+00 1.326671961811858591e-01
1.007746569514274437e+00 1.830919433214742431e-01
1.010817425847053475e+00 2.506946645824371100e-01
1.013888282179832512e+00 3.364833180365598975e-01
1.016959138512611549e+00 4.502344155896932931e-01
1.020029994845390364e+00 5.949493213878952469e-01
1.023100851178169179e+00 7.825300716210864538e-01
1.026171707510948217e+00 1.001006219611059400e+00
1.029242563843727254e+00 1.275489322719197460e+00
1.032313420176506069e+00 1.610681477708350240e+00
1.035384276509284884e+00 2.012794597543252184e+00
1.038455132842063922e+00 2.472320387395959163e+00
1.041525989174842959e+00 3.024319039060749503e+00
1.044596845507621774e+00 3.619620169921879516e+00
1.047667701840400589e+00 4.300782887610780314e+00
1.050738558173179626e+00 5.053891851668611324e+00
1.053809414505958664e+00 5.863689804577337128e+00
1.056880270838737479e+00 6.724587371884861220e+00
1.059951127171516294e+00 7.616139373331004769e+00
1.063021983504295331e+00 8.534079903176696291e+00
1.066092839837074369e+00 9.462687088856453599e+00
1.069163696169853184e+00 1.034069982641812580e+01
1.072234552502631999e+00 1.119222235357014483e+01
1.075305408835411036e+00 1.194954519989756214e+01
1.078376265168190073e+00 1.264339336836252237e+01
1.081447121500968889e+00 1.317669145693907140e+01
1.084517977833747704e+00 1.359236086396654741e+01
1.087588834166526741e+00 1.386109884176289953e+01
1.090659690499305778e+00 1.395650188033221539e+01
1.093730546832084816e+00 1.388799952013168060e+01
1.096801403164863409e+00 1.367210656069951291e+01
1.099872259497642446e+00 1.330663615149279622e+01
1.102943115830421483e+00 1.279324850747527087e+01
1.106013972163200521e+00 1.212378042352157159e+01
1.109084828495979336e+00 1.138872696238753690e+01
1.112155684828758151e+00 1.056841590705236555e+01
1.115226541161537188e+00 9.686349238526952732e+00
1.118297397494316225e+00 8.794343685888856399e+00
1.121368253827095041e+00 7.866110580358028237e+00
1.124439110159873856e+00 6.947794099692972125e+00
1.127509966492652893e+00 6.091659578350184567e+00
1.130580822825431930e+00 5.266625791812477253e+00
1.133651679158210746e+00 4.492641140817188905e+00
1.136722535490989561e+00 3.796039614654739491e+00
1.139793391823768598e+00 3.171816175303664220e+00
1.142864248156547635e+00 2.613292661641785308e+00
1.145935104489326450e+00 2.129989037577515898e+00
1.149005960822105266e+00 1.713337863571447572e+00
1.152076817154884303e+00 1.366616543385562821e+00
1.155147673487663340e+00 1.073912838921386781e+00
1.158218529820442155e+00 8.326526189454880322e-01
1.161289386153220970e+00 6.437933539261063709e-01
1.164360242486000008e+00 4.851478769720134476e-01
1.167431098818779045e+00 3.655214125581855433e-01
1.170501955151558082e+00 2.702403959395178745e-01
1.173572811484336675e+00 1.988577931684767652e-01
1.176643667817115713e+00 1.430821400725547921e-01
1.179714524149894750e+00 1.009033315985259638e-01
1.182785380482673787e+00 7.439477137098976511e-02
1.185856236815452380e+00 4.969141810803444359e-02
1.188927093148231418e+00 3.462503673223472217e-02
1.191997949481010455e+00 2.414648823162406782e-02
1.195068805813789492e+00 1.690266675696295434e-02
1.198139662146568307e+00 1.106477786479136138e-02
1.201210518479347122e+00 7.397904759721393719e-03
1.204281374812126160e+00 4.674759164969263629e-03
1.207352231144905197e+00 3.459384676639278705e-03
1.210423087477684012e+00 1.770350486539307719e-03
1.213493943810462827e+00 1.245050838395854410e-03
1.216564800143241865e+00 3.042413434410176664e-04
1.219635656476020902e+00 1.466498506901828453e-04
1.222706512808799717e+00 4.824062423070057612e-05
1.225777369141578532e+00 3.253774981201665187e-05
1.228848225474357569e+00 3.476522488396464368e-05
1.231919081807136607e+00 1.211264748726507798e-05
1.234989938139915644e+00 1.007344778709383918e-05
1.238060794472694237e+00 9.599020096117666820e-07
1.241131650805473274e+00 5.744845268804190790e-06
