1.241552569866180455e+00 2.022705776574825436e-05
1.244826014041900741e+00 1.138364210087589092e-07
1.248099458217620805e+00 3.151103073880457102e-06
1.251372902393341091e+00 8.796864325028756429e-06
1.254646346569061155e+00 7.773517078284051946e-10
1.257919790744781441e+00 2.174360731132575357e-18
1.261193234920501727e+00 1.023542292087048772e-24
1.264466679096222013e+00 1.095873619718761100e-13
1.267740123271942076e+00 3.879775571997103473e-07
1.271013567447662362e+00 8.579325771265421921e-05
1.274287011623382426e+00 1.816698268434700466e-04
1.277560455799102712e+00 1.192962766166820248e-04
1.280833899974822998e+00 3.370450907496077078e-04
1.284107344150543284e+00 7.984136204861521377e-04
1.287380788326263570e+00 1.052532430936500797e-03
1.290654232501983634e+00 1.974598546455678168e-03
1.293927676677703920e+00 3.486517189434139557e-03
1.297201120853423983e+00 5.506115490043263574e-03
1.300474565029144269e+00 7.435122577212924765e-03
1.303748009204864555e+00 1.200614868439099821e-02
1.307021453380584841e+00 1.818677442358239416e-02
1.310294897556304905e+00 2.951330428913580967e-02
1.313568341732025191e+00 4.018036232661647417e-02
1.316841785907745255e+00 5.928894869293709069e-02
1.320115230083465541e+00 8.494259257612263303e-02
1.323388674259185827e+00 1.268555691086989679e-01
1.326662118434906112e+00 1.671006566395830395e-01
1.329935562610626176e+00 2.361056432885810519e-01
1.333209006786346462e+00 3.174337432823414185e-01
1.336482450962066526e+00 4.334915045894735530e-01
1.339755895137786812e+00 5.810183862440637670e-01
1.343029339313507098e+00 7.693077894216377999e-01
1.346302783489227384e+00 1.006820845335863135e+00
1.349576227664947448e+00 1.291102779902000952e+00
1.352849671840667733e+00 1.626022425202331423e+00
1.356123116016387797e+00 2.042493701018100793e+00
1.359396560192108083e+00 2.546917437287062658e+00
1.362670004367828369e+00 3.101081547214256773e+00
1.365943448543548655e+00 3.720943484337980056e+00
1.369216892719268941e+00 4.433725916553077795e+00
1.372490336894989005e+00 5.209730748680155621e+00
1.375763781070709069e+00 6.053170482505276340e+00
1.379037225246429355e+00 6.969404306113655245e+00
1.382310669422149640e+00 7.853014159194497523e+00
1.385584113597869926e+00 8.761091778865672808e+00
1.388857557773590212e+00 9.667590189565764547e+00
1.392131001949310276e+00 1.053943463568077021e+01
1.395404446125030562e+00 1.132022322985855389e+01
1.398677890300750626e+00 1.205878682652235945e+01
1.401951334476470912e+00 1.265164197017749537e+01
1.405224778652191198e+00 1.313140524767051076e+01
1.408498222827911484e+00 1.341747376023383787e+01
1.411771667003631547e+00 1.353269094773357217e+01
1.415045111179351833e+00 1.353726951276787460e+01
1.418318555355071897e+00 1.332308145016981449e+01
1.421591999530792183e+00 1.297885549585877385e+01
1.424865443706512469e+00 1.242071584474465062e+01
1.428138887882232755e+00 1.179246274877142220e+01
1.431412332057952819e+00 1.103273520010296593e+01
1.434685776233673105e+00 1.023261499826446119e+01
1.437959220409393168e+00 9.303737434757906044e+00
1.441232664585113454e+00 8.371741973907761647e+00
1.444506108760833740e+00 7.521358587372589000e+00
1.447779552936554026e+00 6.608678590655781449e+00
1.451052997112274312e+00 5.699156511419616322e+00
1.454326441287994376e+00 4.918375107101559784e+00
1.457599885463714440e+00 4.158176548011555340e+00
1.460873329639434726e+00 3.484852596553051463e+00
1.464146773815155012e+00 2.858849495816660813e+00
1.467420217990875297e+00 2.340125143128051644e+00
1.470693662166595583e+00 1.891029624616930915e+00
1.473967106342315647e+00 1.500395454085626357e+00
1.477240550518035933e+00 1.168544186146120989e+00
1.480513994693755997e+00 9.133016815229175744e-01
1.483787438869476283e+00 6.923274194787529812e-01
1.487060883045196569e+00 5.245817766768369195e-01
1.490334327220916855e+00 3.835395636279778087e-01
1.493607771396636918e+00 2.875412671052393621e-01
1.496881215572357204e+00 2.061778745328857743e-01
1.500154659748077268e+00 1.503069260794468731e-01
1.503428103923797554e+00 1.042745061921982741e-01
1.506701548099517840e+00 7.208834148144836751e-02
1.509974992275238126e+00 5.283373384632008424e-02
1.513248436450958412e+00 3.490918679712216866e-02
1.516521880626678476e+00 2.410547770411395133e-02
1.519795324802398540e+00 1.646828882159589308e-02
1.523068768978118825e+00 9.100010863747842738e-03
1.526342213153839111e+00 5.818403883783567800e-03
1.529615657329559397e+00 4.699906847736633718e-03
1.532889101505279683e+00 2.402691605470522445e-03
1.536162545680999747e+00 1.219122081926783284e-03
1.539435989856719811e+00 6.640575652608959401e-04
1.542709434032440097e+00 3.041129643345812550e-04
1.545982878208160383e+00 3.036654671175513997e-04
1.549256322383880669e+00 1.398023303296227462e-04
1.552529766559600954e+00 3.453050502053726028e-05
1.555803210735321018e+00 9.966948463667864517e-05
1.559076654911041082e+00 2.040040575242295909e-07
1.562350099086761368e+00 1.138007083584188953e-07
1.565623543262481654e+00 2.022705776574824080e-05
