8.554367583990096779e-01 3.544971408082787240e-04
8.576329833269118463e-01 5.491871850708822562e-04
8.598292082548141257e-01 8.431277683331687284e-04
8.620254331827164052e-01 1.282719602256438603e-03
8.642216581106185735e-01 1.933906221293590433e-03
8.664178830385207419e-01 2.889378452737801847e-03
8.686141079664230213e-01 4.277980388578828640e-03
8.708103328943253008e-01 6.276802867642101123e-03
8.730065578222274691e-01 9.126484685994230850e-03
8.752027827501296375e-01 1.315024699100480858e-02
8.773990076780319169e-01 1.877714806065079040e-02
8.795952326059341964e-01 2.656994723349465765e-02
8.817914575338363647e-01 3.725779024800852934e-02
8.839876824617385331e-01 5.177365616808266013e-02
8.861839073896408125e-01 7.129612353531129820e-02
8.883801323175430920e-01 9.729451102517458483e-02
8.905763572454452603e-01 1.315758252237902992e-01
8.927725821733474287e-01 1.763312172751563267e-01
8.949688071012497081e-01 2.341788392477961167e-01
8.971650320291519876e-01 3.081991472374119301e-01
8.993612569570541559e-01 4.019578890282706762e-01
9.015574818849563243e-01 5.195113271496174523e-01
9.037537068128586037e-01 6.653877878347566055e-01
9.059499317407608832e-01 8.445395077942374762e-01
9.081461566686630515e-01 1.062259089951492097e+00
9.103423815965652199e-01 1.324055780760304168e+00
9.125386065244673883e-01 1.635488322999764099e+00
9.147348314523696677e-01 2.001953353515648626e+00
9.169310563802719471e-01 2.428431181100787040e+00
9.191272813081741155e-01 2.919194200152323670e+00
9.213235062360762839e-01 3.477486996862699353e+00
9.235197311639785633e-01 4.105191134080114601e+00
9.257159560918808427e-01 4.802491337443334452e+00
9.279121810197830111e-01 5.567562978893517034e+00
9.301084059476851795e-01 6.396302975045061956e+00
9.323046308755874589e-01 7.282127116927105348e+00
9.345008558034897383e-01 8.215856115968152906e+00
9.366970807313919067e-01 9.185710085878167064e+00
9.388933056592940751e-01 1.017742672243637791e+01
9.410895305871963545e-01 1.117451220652223576e+01
9.432857555150986339e-01 1.215862613833172823e+01
9.454819804430008023e-01 1.311009308912709947e+01
9.476782053709029707e-01 1.400852425810790258e+01
9.498744302988052501e-01 1.483352397566681269e+01
9.520706552267075296e-01 1.556544816798807496e+01
9.542668801546096979e-01 1.618617612212428369e+01
9.564631050825118663e-01 1.667985358117823580e+01
9.586593300104141457e-01 1.703356478638297844e+01
9.608555549383164252e-01 1.723789375642322597e+01
9.630517798662185935e-01 1.728734077134384606e+01
9.652480047941207619e-01 1.718056834951933709e+01
9.674442297220229303e-01 1.692046136185788896e+01
9.696404546499253208e-01 1.651399751195308241e+01
9.718366795778274891e-01 1.597193629871680010e+01
9.740329045057296575e-01 1.530834581384536719e+01
9.762291294336318259e-01 1.453999641883392968e+01
9.784253543615342164e-01 1.368565775370224102e+01
9.806215792894363847e-01 1.276534012968940601e+01
9.828178042173385531e-01 1.179952289174520530e+01
9.850140291452407215e-01 1.080841082301754241e+01
9.872102540731430009e-01 9.811255385975997001e+00
9.894064790010452803e-01 8.825771059311811939e+00
9.916027039289474487e-01 7.867668903073877118e+00
9.937989288568496171e-01 6.950320519831199029e+00
9.959951537847518965e-01 6.084556538940961268e+00
9.981913787126541759e-01 5.278595332871648615e+00
1.000387603640556344e+00 4.538090455229101039e+00
1.002583828568458513e+00 3.866279682753802849e+00
1.004780053496360903e+00 3.264214778108003756e+00
1.006976278424263072e+00 2.731049214429663419e+00
1.009172503352165240e+00 2.264361000629218523e+00
1.011368728280067408e+00 1.860489171710866252e+00
1.013564953207969577e+00 1.514865124783046024e+00
1.015761178135871967e+00 1.222323406886015817e+00
1.017957403063774136e+00 9.773804091352621404e-01
1.020153627991676304e+00 7.744733379138973861e-01
1.022349852919578472e+00 6.081555202977834140e-01
1.024546077847480863e+00 4.732473333685346950e-01
1.026742302775383031e+00 3.649446808420814814e-01
1.028938527703285200e+00 2.788889074769539955e-01
1.031134752631187368e+00 2.112033411180784803e-01
1.033330977559089758e+00 1.585023361972982547e-01
1.035527202486991927e+00 1.178788503523305886e-01
1.037723427414894095e+00 8.687632789622480589e-02
1.039919652342796264e+00 6.345010721763533201e-02
1.042115877270698654e+00 4.592282592434385191e-02
1.044312102198600822e+00 3.293746645582817240e-02
1.046508327126502991e+00 2.341084640978991285e-02
1.048704552054405159e+00 1.648957193065649779e-02
1.050900776982307328e+00 1.150977907450749516e-02
1.053097001910209718e+00 7.961408974385316903e-03
1.055293226838111886e+00 5.457304928172299063e-03
1.057489451766014055e+00 3.707079056594740456e-03
1.059685676693916445e+00 2.495461162420043160e-03
1.061881901621818614e+00 1.664696716444038658e-03
1.064078126549720782e+00 1.100486630809365159e-03
1.066274351477622950e+00 7.209410575319794056e-04
1.068470576405525119e+00 4.680368932604966198e-04
1.070666801333427509e+00 3.011104007658248725e-04
1.072863026261329678e+00 1.919715034765164820e-04
