8.458461412787436906e-01 4.987079569961906341e-05
8.483190682530403759e-01 2.905979719832988228e-05
8.507919952273368391e-01 7.135715825555228665e-05
8.532649222016335244e-01 1.758104164864218331e-04
8.557378491759299877e-01 3.200199578619052445e-04
8.582107761502266730e-01 4.977061742983782426e-04
8.606837031245231362e-01 9.382411463345155002e-04
8.631566300988198215e-01 1.421964080068129164e-03
8.656295570731162847e-01 2.224474453670482847e-03
8.681024840474129700e-01 3.517029697656812604e-03
8.705754110217094333e-01 4.570302602304023541e-03
8.730483379960061185e-01 7.769265467575926787e-03
8.755212649703025818e-01 1.187346001884067269e-02
8.779941919445990450e-01 1.744121477854675487e-02
8.804671189188957303e-01 2.640576567597106503e-02
8.829400458931921936e-01 3.835363196916031364e-02
8.854129728674888788e-01 5.615839573129714768e-02
8.878858998417853421e-01 8.174633150513074820e-02
8.903588268160820274e-01 1.177674663926185084e-01
8.928317537903784906e-01 1.614122079964835088e-01
8.953046807646751759e-01 2.199067443477232264e-01
8.977776077389716392e-01 3.027727836887237900e-01
9.002505347132683244e-01 4.175321463403481315e-01
9.027234616875647877e-01 5.439923600591249908e-01
9.051963886618614730e-01 7.248840419514070987e-01
9.076693156361579362e-01 9.556992294365066476e-01
9.101422426104546215e-01 1.228079184883124064e+00
9.126151695847510847e-01 1.559219601493051943e+00
9.150880965590477700e-01 1.965941820664118600e+00
9.175610235333442333e-01 2.459052266687244526e+00
9.200339505076409186e-01 3.026527108038993497e+00
9.225068774819373818e-01 3.663646182851794997e+00
9.249798044562340671e-01 4.414778651701112722e+00
9.274527314305305303e-01 5.262295525241833083e+00
9.299256584048272156e-01 6.170814462698615444e+00
9.323985853791236789e-01 7.175140726002426916e+00
9.348715123534203641e-01 8.220853097606529047e+00
9.373444393277168274e-01 9.333438826779557829e+00
9.398173663020134017e-01 1.047408834886171647e+01
9.422902932763099759e-01 1.162531363959736375e+01
9.447632202506064392e-01 1.269639480782379160e+01
9.472361472249031245e-01 1.376009886746286526e+01
9.497090741991995877e-01 1.473052751453990084e+01
9.521820011734962730e-01 1.557044408417409187e+01
9.546549281477927362e-01 1.626020734679371671e+01
9.571278551220894215e-01 1.677835449792778633e+01
9.596007820963858848e-01 1.716682882643882380e+01
9.620737090706825700e-01 1.727324755054970851e+01
9.645466360449790333e-01 1.720120528239955604e+01
9.670195630192757186e-01 1.694462369091140275e+01
9.694924899935721818e-01 1.654624651673728408e+01
9.719654169678688671e-01 1.591912169544488265e+01
9.744383439421653303e-01 1.520532646350277162e+01
9.769112709164620156e-01 1.424289226768535599e+01
9.793841978907584789e-01 1.325873139377961074e+01
9.818571248650551642e-01 1.214446547690219091e+01
9.843300518393516274e-01 1.101014694717824582e+01
9.868029788136483127e-01 9.913451734295971818e+00
9.892759057879447759e-01 8.817587252331509973e+00
9.917488327622414612e-01 7.699299122152011954e+00
9.942217597365379245e-01 6.674028687151547956e+00
9.966946867108344987e-01 5.702152243757082850e+00
9.991676136851310730e-01 4.814612889432704712e+00
1.001640540659427536e+00 4.037729743153931850e+00
1.004113467633724222e+00 3.331438588642618992e+00
1.006586394608020907e+00 2.754291910090411744e+00
1.009059321582317370e+00 2.220336978742289524e+00
1.011532248556613833e+00 1.763703564481400976e+00
1.014005175530910519e+00 1.369958056927296441e+00
1.016478102505207204e+00 1.072383460819688050e+00
1.018951029479503667e+00 8.305118424310125036e-01
1.021423956453800130e+00 6.406107646077481288e-01
1.023896883428096816e+00 4.765338681936050480e-01
1.026369810402393501e+00 3.505873467000730215e-01
1.028842737376689964e+00 2.591159462719014872e-01
1.031315664350986427e+00 1.945513450812409728e-01
1.033788591325282891e+00 1.415161441609541770e-01
1.036261518299579798e+00 9.847580785029261263e-02
1.038734445273876261e+00 6.826432545617951153e-02
1.041207372248172724e+00 4.715364348487626617e-02
1.043680299222469188e+00 2.860946454351471699e-02
1.046153226196765873e+00 1.999974439240344293e-02
1.048626153171062558e+00 1.220561612666519816e-02
1.051099080145359022e+00 9.607212189067453056e-03
1.053572007119655485e+00 6.925077951505230478e-03
1.056044934093952170e+00 3.761596365106972730e-03
1.058517861068248855e+00 2.646150698167299472e-03
1.060990788042545319e+00 1.498223330941573107e-03
1.063463715016841782e+00 9.927306264003045010e-04
1.065936641991138467e+00 1.065203257192576507e-03
1.068409568965435152e+00 4.497640143179083621e-04
1.070882495939731616e+00 1.057076800851073256e-04
1.073355422914028079e+00 7.226053335972170680e-05
1.075828349888324764e+00 8.641426503577291992e-06
1.078301276862621449e+00 7.955650841426645194e-05
1.080774203836917913e+00 7.017912995134269961e-07
1.083247130811214376e+00 6.593620565451463120e-05
1.085720057785511061e+00 1.161544204787542587e-05
1.088192984759807747e+00 6.261885274239933808e-06
1.090665911734104210e+00 1.657211197146247637e-04
