2.499999944120645523e-02 0.000000000000000000e+00
7.499999832361936569e-02 0.000000000000000000e+00
1.249999925494194031e-01 0.000000000000000000e+00
1.750000007450580597e-01 0.000000000000000000e+00
2.249999903142452240e-01 0.000000000000000000e+00
2.749999985098838806e-01 0.000000000000000000e+00
3.249999880790710449e-01 0.000000000000000000e+00
3.750000149011611938e-01 0.000000000000000000e+00
4.249999672174453735e-01 0.000000000000000000e+00
4.749999940395355225e-01 0.000000000000000000e+00
5.249999836087226868e-01 0.000000000000000000e+00
5.749999731779098511e-01 0.000000000000000000e+00
6.250000000000000000e-01 0.000000000000000000e+00
6.749999523162841797e-01 0.000000000000000000e+00
7.249999791383743286e-01 0.000000000000000000e+00
7.750000059604644775e-01 0.000000000000000000e+00
8.249999582767486572e-01 0.000000000000000000e+00
8.749999850988388062e-01 0.000000000000000000e+00
9.250000119209289551e-01 0.000000000000000000e+00
9.749999642372131348e-01 0.000000000000000000e+00
1.024999916553497314e+00 0.000000000000000000e+00
1.075000017881393433e+00 0.000000000000000000e+00
1.124999970197677612e+00 0.000000000000000000e+00
1.174999922513961792e+00 0.000000000000000000e+00
1.225000023841857910e+00 0.000000000000000000e+00
1.274999976158142090e+00 0.000000000000000000e+00
1.324999928474426270e+00 0.000000000000000000e+00
1.374999880790710449e+00 0.000000000000000000e+00
1.424999982118606567e+00 0.000000000000000000e+00
1.474999934434890747e+00 0.000000000000000000e+00
1.525000035762786865e+00 0.000000000000000000e+00
1.574999988079071045e+00 0.000000000000000000e+00
1.624999940395355225e+00 0.000000000000000000e+00
1.674999892711639404e+00 0.000000000000000000e+00
1.724999994039535522e+00 0.000000000000000000e+00
1.774999946355819702e+00 0.000000000000000000e+00
1.825000047683715820e+00 0.000000000000000000e+00
1.875000000000000000e+00 0.000000000000000000e+00
1.924999952316284180e+00 0.000000000000000000e+00
1.974999904632568359e+00 0.000000000000000000e+00
2.024999856948852539e+00 0.000000000000000000e+00
2.074999958276748657e+00 0.000000000000000000e+00
2.124999910593032837e+00 0.000000000000000000e+00
2.175000011920928955e+00 0.000000000000000000e+00
2.224999964237213135e+00 0.000000000000000000e+00
2.274999916553497314e+00 0.000000000000000000e+00
2.324999868869781494e+00 0.000000000000000000e+00
2.374999970197677612e+00 2.083333356495131738e-06
2.424999922513961792e+00 4.583333384289289825e-05
2.475000023841857910e+00 6.854166767880087718e-04
2.524999976158142090e+00 5.654166685417294502e-03
2.574999928474426270e+00 2.756041684187948704e-02
2.624999880790710449e+00 8.709895983338356018e-02
2.674999833106994629e+00 1.988406283780932426e-01
2.724999785423278809e+00 3.620052132755517960e-01
2.775000035762786865e+00 5.578489676117897034e-01
2.824999988079071045e+00 7.622666731476783752e-01
2.874999940395355225e+00 9.570312649011611938e-01
2.924999892711639404e+00 1.129389606416225433e+00
2.974999845027923584e+00 1.275005221366882324e+00
3.025000095367431641e+00 1.395729169249534607e+00
3.075000047683715820e+00 1.493625000119209290e+00
3.125000000000000000e+00 1.572684377431869507e+00
3.174999952316284180e+00 1.637342713773250580e+00
3.224999904632568359e+00 1.691102080047130585e+00
3.274999856948852539e+00 1.736178137362003326e+00
3.324999809265136719e+00 1.775093778967857361e+00
3.374999761581420898e+00 1.809420861303806305e+00
3.425000011920928955e+00 1.840388566255569458e+00
3.474999964237213135e+00 1.869696892797946930e+00
3.524999916553497314e+00 1.897676065564155579e+00
3.574999868869781494e+00 1.925116695463657379e+00
3.624999821186065674e+00 1.952385440468788147e+00
3.675000071525573730e+00 1.980582319200038910e+00
3.725000023841857910e+00 2.009569853544235229e+00
3.774999976158142090e+00 2.040190711617469788e+00
3.824999928474426270e+00 2.072766751050949097e+00
3.874999880790710449e+00 2.107969895005226135e+00
3.924999833106994629e+00 2.145782411098480225e+00
3.974999785423278809e+00 2.186364695429801941e+00
4.024999737739562988e+00 2.230621442198753357e+00
4.074999988079071045e+00 2.278371974825859070e+00
4.124999940395355225e+00 2.330875098705291748e+00
4.174999892711639404e+00 2.387712627649307251e+00
4.224999845027923584e+00 2.450571984052658081e+00
4.274999797344207764e+00 2.519255295395851135e+00
4.325000047683715820e+00 2.595073014497756958e+00
4.375000000000000000e+00 2.678583443164825439e+00
4.424999952316284180e+00 2.769556373357772827e+00
4.474999904632568359e+00 2.868788644671440125e+00
4.524999856948852539e+00 2.976233452558517456e+00
4.574999809265136719e+00 3.090837612748146057e+00
4.624999761581420898e+00 3.213013648986816406e+00
4.675000011920928955e+00 3.341667816042900085e+00
4.724999964237213135e+00 3.476089701056480408e+00
4.774999916553497314e+00 3.615725129842758179e+00
4.824999868869781494e+00 3.760433480143547058e+00
4.874999821186065674e+00 3.909765794873237610e+00
4.924999773502349854e+00 4.062406450510025024e+00
4.975000023841857910e+00 4.220161706209182739e+00
5.024999976158142090e+00 4.381224215030670166e+00
5.074999928474426270e+00 4.545723199844360352e+00
5.124999880790710449e+00 4.713594585657119751e+00
5.174999833106994629e+00 4.883181512355804443e+00
5.224999785423278809e+00 5.055629462003707886e+00
5.274999737739562988e+00 5.229851335287094116e+00
5.324999690055847168e+00 5.407627373933792114e+00
5.374999642372131348e+00 5.587137818336486816e+00
5.425000190734863281e+00 5.768782585859298706e+00
5.475000143051147461e+00 5.950333148241043091e+00
5.525000095367431641e+00 6.135233640670776367e+00
5.575000047683715820e+00 6.322027385234832764e+00
5.625000000000000000e+00 6.509226292371749878e+00
5.674999952316284180e+00 6.698926925659179688e+00
5.724999904632568359e+00 6.890182614326477051e+00
5.774999856948852539e+00 7.084329515695571899e+00
5.824999809265136719e+00 7.281245619058609009e+00
5.874999761581420898e+00 7.481128960847854614e+00
5.924999713897705078e+00 7.682909667491912842e+00
5.974999666213989258e+00 7.887550860643386841e+00
6.024999618530273438e+00 8.096626341342926025e+00
6.074999570846557617e+00 8.308795034885406494e+00
6.125000119209289551e+00 8.523627400398254395e+00
6.175000071525573730e+00 8.743080615997314453e+00
6.225000023841857910e+00 8.967431604862213135e+00
6.274999976158142090e+00 9.195441603660583496e+00
6.324999928474426270e+00 9.428920328617095947e+00
6.374999880790710449e+00 9.666676223278045654e+00
6.424999833106994629e+00 9.909716963768005371e+00
6.474999785423278809e+00 1.015845507383346558e+01
6.524999737739562988e+00 1.041460973024368286e+01
6.574999690055847168e+00 1.067513102293014526e+01
6.624999642372131348e+00 1.094250655174255371e+01
6.674999594688415527e+00 1.121590805053710938e+01
6.725000143051147461e+00 1.149653512239456177e+01
6.775000095367431641e+00 1.178419291973114014e+01
6.825000047683715820e+00 1.207883417606353760e+01
6.875000000000000000e+00 1.237889772653579712e+01
6.924999952316284180e+00 1.268653357028961182e+01
6.974999904632568359e+00 1.299998551607131958e+01
7.024999856948852539e+00 1.332121622562408447e+01
7.074999809265136719e+00 1.364770478010177612e+01
7.124999761581420898e+00 1.397972154617309570e+01
7.174999713897705078e+00 1.431719237565994263e+01
7.224999666213989258e+00 1.465997159481048584e+01
7.274999618530273438e+00 1.500953710079193115e+01
7.324999570846557617e+00 1.536318296194076538e+01
7.374999523162841797e+00 1.572249966859817505e+01
7.425000071525573730e+00 1.608518135547637939e+01
7.475000023841857910e+00 1.645186686515808105e+01
7.524999976158142090e+00 1.682321226596832275e+01
7.574999928474426270e+00 1.719774663448333740e+01
7.624999880790710449e+00 1.757817947864532471e+01
7.674999833106994629e+00 1.796284532546997070e+01
7.724999785423278809e+00 1.835144984722137451e+01
7.774999737739562988e+00 1.874358642101287842e+01
7.824999690055847168e+00 1.914014363288879395e+01
7.874999642372131348e+00 1.954138171672821045e+01
7.924999594688415527e+00 1.994773221015930176e+01
7.974999547004699707e+00 2.035920143127441406e+01
8.025000095367431641e+00 2.077380716800689697e+01
8.075000047683715820e+00 2.119461905956268311e+01
8.125000000000000000e+00 2.161879718303680420e+01
8.174999952316284180e+00 2.204910492897033691e+01
8.224999904632568359e+00 2.248378145694732666e+01
8.274999856948852539e+00 2.292377722263336182e+01
8.324999809265136719e+00 2.336919665336608887e+01
8.374999761581420898e+00 2.382028102874755859e+01
8.424999713897705078e+00 2.427840507030487061e+01
8.474999666213989258e+00 2.473957431316375732e+01
8.524999618530273438e+00 2.520685219764709473e+01
8.574999570846557617e+00 2.568018555641174316e+01
8.624999523162841797e+00 2.615736007690429688e+01
8.675000071525573730e+00 2.664227247238159180e+01
8.725000023841857910e+00 2.713313508033752441e+01
8.774999976158142090e+00 2.762968432903289795e+01
8.824999928474426270e+00 2.813234186172485352e+01
8.874999880790710449e+00 2.864139187335968018e+01
8.924999833106994629e+00 2.915676379203796387e+01
8.974999785423278809e+00 2.967848670482635498e+01
9.024999737739562988e+00 3.020373511314392090e+01
9.074999690055847168e+00 3.073742222785949707e+01
9.124999642372131348e+00 3.127435863018035889e+01
9.174999594688415527e+00 3.181845033168792725e+01
9.224999547004699707e+00 3.236994814872741699e+01
9.275000095367431641e+00 3.292681550979614258e+01
9.325000047683715820e+00 3.348954939842224121e+01
9.375000000000000000e+00 3.405853819847106934e+01
9.424999952316284180e+00 3.463237476348876953e+01
9.474999904632568359e+00 3.521294164657592773e+01
9.524999856948852539e+00 3.579855012893676758e+01
9.574999809265136719e+00 3.639031004905700684e+01
9.624999761581420898e+00 3.698587369918823242e+01
9.674999713897705078e+00 3.758708047866821289e+01
9.724999666213989258e+00 3.819402050971984863e+01
9.774999618530273438e+00 3.880843305587768555e+01
9.824999570846557617e+00 3.942777419090270996e+01
9.874999523162841797e+00 4.005229139328002930e+01
9.924999475479125977e+00 4.068159008026123047e+01
9.975000023841857910e+00 4.131490683555603027e+01
1.002500057220458984e+01 4.195560169219970703e+01
1.007499933242797852e+01 4.260013937950134277e+01
1.012500047683715820e+01 4.325170660018920898e+01
1.017499923706054688e+01 4.390794634819030762e+01
1.022500038146972656e+01 4.456979465484619141e+01
1.027499914169311523e+01 4.523618006706237793e+01
1.032500028610229492e+01 4.590883946418762207e+01
1.037499904632568359e+01 4.658808231353759766e+01
1.042500019073486328e+01 4.727210283279418945e+01
1.047499895095825195e+01 4.796283078193664551e+01
1.052500009536743164e+01 4.865785503387451172e+01
1.057499885559082031e+01 4.936120510101318359e+01
1.062500000000000000e+01 5.007255887985229492e+01
1.067499876022338867e+01 5.078762292861938477e+01
1.072499990463256836e+01 5.151082944869995117e+01
1.077499866485595703e+01 5.223875355720520020e+01
1.082499980926513672e+01 5.297411108016967773e+01
1.087499976158142090e+01 5.371626114845275879e+01
1.092499971389770508e+01 5.446438431739807129e+01
1.097500085830688477e+01 5.522082757949829102e+01
1.102499961853027344e+01 5.598483800888061523e+01
1.107500076293945312e+01 5.675186610221862793e+01
1.112499952316284180e+01 5.752825713157653809e+01
1.117500066757202148e+01 5.831175398826599121e+01
1.122499942779541016e+01 5.910094761848449707e+01
1.127500057220458984e+01 5.989667868614196777e+01
1.132499933242797852e+01 6.070091867446899414e+01
1.137500047683715820e+01 6.151338386535644531e+01
1.142499923706054688e+01 6.233343291282653809e+01
1.147500038146972656e+01 6.315899848937988281e+01
1.152499914169311523e+01 6.399049067497253418e+01
1.157500028610229492e+01 6.483272933959960938e+01
1.162499904632568359e+01 6.568223905563354492e+01
1.167500019073486328e+01 6.653867197036743164e+01
1.172499895095825195e+01 6.740222024917602539e+01
1.177500009536743164e+01 6.827179765701293945e+01
1.182499885559082031e+01 6.914857959747314453e+01
1.187500000000000000e+01 7.003385972976684570e+01
1.192499876022338867e+01 7.092632007598876953e+01
1.197499990463256836e+01 7.182755661010742188e+01
1.202499866485595703e+01 7.273693561553955078e+01
1.207499980926513672e+01 7.365307188034057617e+01
1.212499856948852539e+01 7.457810115814208984e+01
1.217499971389770508e+01 7.550828456878662109e+01
1.222500085830688477e+01 7.644700622558593750e+01
1.227499961853027344e+01 7.739440345764160156e+01
1.232500076293945312e+01 7.834965705871582031e+01
1.237499952316284180e+01 7.931142187118530273e+01
1.242500066757202148e+01 8.028139400482177734e+01
1.247499942779541016e+01 8.125961542129516602e+01
