2.499999944120645523e-02 0.000000000000000000e+00
7.499999832361936569e-02 0.000000000000000000e+00
1.249999925494194031e-01 0.000000000000000000e+00
1.750000007450580597e-01 0.000000000000000000e+00
2.249999903142452240e-01 0.000000000000000000e+00
2.749999985098838806e-01 0.000000000000000000e+00
3.249999880790710449e-01 0.000000000000000000e+00
3.750000149011611938e-01 0.000000000000000000e+00
4.249999672174453735e-01 0.000000000000000000e+00
4.749999940395355225e-01 0.000000000000000000e+00
5.249999836087226868e-01 0.000000000000000000e+00
5.749999731779098511e-01 0.000000000000000000e+00
6.250000000000000000e-01 0.000000000000000000e+00
6.749999523162841797e-01 0.000000000000000000e+00
7.249999791383743286e-01 0.000000000000000000e+00
7.750000059604644775e-01 0.000000000000000000e+00
8.249999582767486572e-01 0.000000000000000000e+00
8.749999850988388062e-01 0.000000000000000000e+00
9.250000119209289551e-01 0.000000000000000000e+00
9.749999642372131348e-01 0.000000000000000000e+00
1.024999916553497314e+00 0.000000000000000000e+00
1.075000017881393433e+00 0.000000000000000000e+00
1.124999970197677612e+00 0.000000000000000000e+00
1.174999922513961792e+00 0.000000000000000000e+00
1.225000023841857910e+00 0.000000000000000000e+00
1.274999976158142090e+00 0.000000000000000000e+00
1.324999928474426270e+00 0.000000000000000000e+00
1.374999880790710449e+00 0.000000000000000000e+00
1.424999982118606567e+00 0.000000000000000000e+00
1.474999934434890747e+00 0.000000000000000000e+00
1.525000035762786865e+00 0.000000000000000000e+00
1.574999988079071045e+00 0.000000000000000000e+00
1.624999940395355225e+00 0.000000000000000000e+00
1.674999892711639404e+00 0.000000000000000000e+00
1.724999994039535522e+00 0.000000000000000000e+00
1.774999946355819702e+00 0.000000000000000000e+00
1.825000047683715820e+00 0.000000000000000000e+00
1.875000000000000000e+00 0.000000000000000000e+00
1.924999952316284180e+00 0.000000000000000000e+00
1.974999904632568359e+00 0.000000000000000000e+00
2.024999856948852539e+00 0.000000000000000000e+00
2.074999958276748657e+00 0.000000000000000000e+00
2.124999910593032837e+00 0.000000000000000000e+00
2.175000011920928955e+00 0.000000000000000000e+00
2.224999964237213135e+00 0.000000000000000000e+00
2.274999916553497314e+00 0.000000000000000000e+00
2.324999868869781494e+00 0.000000000000000000e+00
2.374999970197677612e+00 3.000906508532352746e-05
2.424999922513961792e+00 8.463952126476215199e-04
2.475000023841857910e+00 1.515042071696370840e-02
2.524999976158142090e+00 1.284933895803987980e-01
2.574999928474426270e+00 5.299041159451007843e-01
2.624999880790710449e+00 1.359377458691596985e+00
2.674999833106994629e+00 2.462498977780342102e+00
2.724999785423278809e+00 3.474506467580795288e+00
2.775000035762786865e+00 4.018653020262718201e+00
2.824999988079071045e+00 4.067332580685615540e+00
2.874999940395355225e+00 3.714058071374893188e+00
2.924999892711639404e+00 3.193388059735298157e+00
2.974999845027923584e+00 2.606479555368423462e+00
3.025000095367431641e+00 2.100467592477798462e+00
3.075000047683715820e+00 1.645461805164813995e+00
3.125000000000000000e+00 1.294521518051624298e+00
3.174999952316284180e+00 1.028624057769775391e+00
3.224999904632568359e+00 8.268279917538166046e-01
3.274999856948852539e+00 6.721619479358196259e-01
3.324999809265136719e+00 5.703450255095958710e-01
3.374999761581420898e+00 4.908896982669830322e-01
3.425000011920928955e+00 4.302837159484624863e-01
3.474999964237213135e+00 3.870001751929521561e-01
3.524999916553497314e+00 3.630875572562217712e-01
3.574999868869781494e+00 3.456528447568416595e-01
3.624999821186065674e+00 3.358876053243875504e-01
3.675000071525573730e+00 3.378321938216686249e-01
3.725000023841857910e+00 3.413911145180463791e-01
3.774999976158142090e+00 3.452433999627828598e-01
3.824999928474426270e+00 3.596876822412014008e-01
3.874999880790710449e+00 3.718052692711353302e-01
3.924999833106994629e+00 3.923017866909503937e-01
3.974999785423278809e+00 4.117761217057704926e-01
4.024999737739562988e+00 4.360601268708705902e-01
4.074999988079071045e+00 4.649156294763088226e-01
4.124999940395355225e+00 4.947534445673227310e-01
4.174999892711639404e+00 5.225934777408838272e-01
4.224999845027923584e+00 5.645272471010684967e-01
4.274999797344207764e+00 5.970739312469959259e-01
4.325000047683715820e+00 6.456127688288688660e-01
4.375000000000000000e+00 6.938558593392372131e-01
4.424999952316284180e+00 7.405198290944099426e-01
4.474999904632568359e+00 7.887602597475051880e-01
4.524999856948852539e+00 8.346676826477050781e-01
4.574999809265136719e+00 8.761561438441276550e-01
4.624999761581420898e+00 9.084330052137374878e-01
4.675000011920928955e+00 9.384434297680854797e-01
4.724999964237213135e+00 9.616513550281524658e-01
4.774999916553497314e+00 9.794617220759391785e-01
4.824999868869781494e+00 9.906236641108989716e-01
4.874999821186065674e+00 9.955507889389991760e-01
4.924999773502349854e+00 1.004206426441669464e+00
4.975000023841857910e+00 1.004277098923921585e+00
5.024999976158142090e+00 1.013947971165180206e+00
5.074999928474426270e+00 1.012359891086816788e+00
5.124999880790710449e+00 1.009239207953214645e+00
5.174999833106994629e+00 1.001375939697027206e+00
5.224999785423278809e+00 1.004911646246910095e+00
5.274999737739562988e+00 9.969812855124473572e-01
5.324999690055847168e+00 9.882283434271812439e-01
5.374999642372131348e+00 9.813545793294906616e-01
5.425000190734863281e+00 9.746026284992694855e-01
5.475000143051147461e+00 9.621136523783206940e-01
5.525000095367431641e+00 9.574888013303279877e-01
5.575000047683715820e+00 9.475294612348079681e-01
5.625000000000000000e+00 9.386279433965682983e-01
5.674999952316284180e+00 9.316042847931385040e-01
5.724999904632568359e+00 9.254569113254547119e-01
5.774999856948852539e+00 9.220084808766841888e-01
5.824999809265136719e+00 9.186016432940959930e-01
5.874999761581420898e+00 9.203324168920516968e-01
5.924999713897705078e+00 9.112568944692611694e-01
5.974999666213989258e+00 9.120374321937561035e-01
6.024999618530273438e+00 9.121842831373214722e-01
6.074999570846557617e+00 9.112795107066631317e-01
6.125000119209289551e+00 9.146568253636360168e-01
6.175000071525573730e+00 9.100491739809513092e-01
6.225000023841857910e+00 9.173703230917453766e-01
6.274999976158142090e+00 9.227912798523902893e-01
6.324999928474426270e+00 9.213572107255458832e-01
6.374999880790710449e+00 9.285477884113788605e-01
6.424999833106994629e+00 9.396265596151351929e-01
6.474999785423278809e+00 9.414216428995132446e-01
6.524999737739562988e+00 9.497271217405796051e-01
6.574999690055847168e+00 9.584967903792858124e-01
6.624999642372131348e+00 9.632080979645252228e-01
6.674999594688415527e+00 9.743653833866119385e-01
6.725000143051147461e+00 9.860895015299320221e-01
6.775000095367431641e+00 9.951300621032714844e-01
6.825000047683715820e+00 9.999348334968090057e-01
6.875000000000000000e+00 1.011116251349449158e+00
6.924999952316284180e+00 1.017775770276784897e+00
6.974999904632568359e+00 1.024410516023635864e+00
7.024999856948852539e+00 1.030327357351779938e+00
7.074999809265136719e+00 1.033749386668205261e+00
7.124999761581420898e+00 1.037460237741470337e+00
7.174999713897705078e+00 1.043920435011386871e+00
7.224999666213989258e+00 1.045817531645298004e+00
7.274999618530273438e+00 1.050770401954650879e+00
7.324999570846557617e+00 1.048352546989917755e+00
7.374999523162841797e+00 1.046329490840435028e+00
7.425000071525573730e+00 1.044850572943687439e+00
7.475000023841857910e+00 1.042996682226657867e+00
7.524999976158142090e+00 1.042219743132591248e+00
7.574999928474426270e+00 1.038488231599330902e+00
7.624999880790710449e+00 1.038916647434234619e+00
7.674999833106994629e+00 1.038841649889945984e+00
7.724999785423278809e+00 1.035160824656486511e+00
7.774999737739562988e+00 1.030043989419937134e+00
7.824999690055847168e+00 1.031221255660057068e+00
7.874999642372131348e+00 1.028305284678936005e+00
7.924999594688415527e+00 1.026021473109722137e+00
7.974999547004699707e+00 1.025251612067222595e+00
8.025000095367431641e+00 1.025195606052875519e+00
8.075000047683715820e+00 1.022141106426715851e+00
8.125000000000000000e+00 1.020438335835933685e+00
8.174999952316284180e+00 1.020503886044025421e+00
8.224999904632568359e+00 1.022011883556842804e+00
8.274999856948852539e+00 1.018254157155752182e+00
8.324999809265136719e+00 1.021768443286418915e+00
8.374999761581420898e+00 1.021598577499389648e+00
8.424999713897705078e+00 1.021618269383907318e+00
8.474999666213989258e+00 1.019602119922637939e+00
8.524999618530273438e+00 1.022833995521068573e+00
8.574999570846557617e+00 1.024249739944934845e+00
8.624999523162841797e+00 1.022353999316692352e+00
8.675000071525573730e+00 1.024166695773601532e+00
8.725000023841857910e+00 1.023812875151634216e+00
8.774999976158142090e+00 1.023969799280166626e+00
8.824999928474426270e+00 1.023878488689661026e+00
8.874999880790710449e+00 1.027174778282642365e+00
8.924999833106994629e+00 1.024970375001430511e+00
8.974999785423278809e+00 1.026791952550411224e+00
9.024999737739562988e+00 1.026958048343658447e+00
9.074999690055847168e+00 1.028769180178642273e+00
9.124999642372131348e+00 1.027995362877845764e+00
9.174999594688415527e+00 1.027889840304851532e+00
9.224999547004699707e+00 1.025934815406799316e+00
9.275000095367431641e+00 1.028218641877174377e+00
9.325000047683715820e+00 1.030168533325195312e+00
9.375000000000000000e+00 1.027355715632438660e+00
9.424999952316284180e+00 1.028947584331035614e+00
9.474999904632568359e+00 1.026797145605087280e+00
9.524999856948852539e+00 1.024956837296485901e+00
9.574999809265136719e+00 1.025459751486778259e+00
9.624999761581420898e+00 1.025470174849033356e+00
9.674999713897705078e+00 1.022407449781894684e+00
9.724999666213989258e+00 1.019130490720272064e+00
9.774999618530273438e+00 1.018345758318901062e+00
9.824999570846557617e+00 1.016746226698160172e+00
9.874999523162841797e+00 1.016236804425716400e+00
9.924999475479125977e+00 1.014840871095657349e+00
9.975000023841857910e+00 1.013908557593822479e+00
1.002500057220458984e+01 1.012226164340972900e+00
1.007499933242797852e+01 1.007172230631113052e+00
1.012500047683715820e+01 1.008286584168672562e+00
1.017499923706054688e+01 1.007486879825592041e+00
1.022500038146972656e+01 1.007523179054260254e+00
1.027499914169311523e+01 1.006098162382841110e+00
1.032500028610229492e+01 1.003951482474803925e+00
1.037499904632568359e+01 1.003522265702486038e+00
1.042500019073486328e+01 1.001962803304195404e+00
1.047499895095825195e+01 1.002132099121809006e+00
1.052500009536743164e+01 1.001234482973814011e+00
1.057499885559082031e+01 9.987258687615394592e-01
1.062500000000000000e+01 9.993180446326732635e-01
1.067499876022338867e+01 9.980113729834556580e-01
1.072499990463256836e+01 9.966662004590034485e-01
1.077499866485595703e+01 9.983262009918689728e-01
1.082499980926513672e+01 9.981925860047340393e-01
1.087499976158142090e+01 9.980783686041831970e-01
1.092499971389770508e+01 9.983887076377868652e-01
1.097500085830688477e+01 9.983125403523445129e-01
1.102499961853027344e+01 9.961753636598587036e-01
1.107500076293945312e+01 9.981217719614505768e-01
1.112499952316284180e+01 9.969173260033130646e-01
1.117500066757202148e+01 9.951833337545394897e-01
1.122499942779541016e+01 9.960624687373638153e-01
1.127500057220458984e+01 9.973148182034492493e-01
1.132499933242797852e+01 9.977724403142929077e-01
1.137500047683715820e+01 9.977696575224399567e-01
1.142499923706054688e+01 9.974921047687530518e-01
1.147500038146972656e+01 9.982162490487098694e-01
1.152499914169311523e+01 9.982332699000835419e-01
1.157500028610229492e+01 9.976693615317344666e-01
1.162499904632568359e+01 9.984048418700695038e-01
1.167500019073486328e+01 9.972093366086483002e-01
1.172499895095825195e+01 9.964081980288028717e-01
1.177500009536743164e+01 9.989373870193958282e-01
1.182499885559082031e+01 9.971409365534782410e-01
1.187500000000000000e+01 9.986806176602840424e-01
1.192499876022338867e+01 9.990963265299797058e-01
1.197499990463256836e+01 9.963697567582130432e-01
1.202499866485595703e+01 9.965068921446800232e-01
1.207499980926513672e+01 9.987047202885150909e-01
1.212499856948852539e+01 9.976987913250923157e-01
1.217499971389770508e+01 1.000062484294176102e+00
1.222500085830688477e+01 9.979227669537067413e-01
1.227499961853027344e+01 9.988577887415885925e-01
1.232500076293945312e+01 9.985019341111183167e-01
1.237499952316284180e+01 9.988959245383739471e-01
1.242500066757202148e+01 9.971606880426406860e-01
1.247499942779541016e+01 9.998178221285343170e-01
