1.528839991092681760e+00 1.651484446913542223e-02
1.528843181133270335e+00 1.699385199173677335e-02
1.528846371173858465e+00 6.223936327054190726e-02
1.528849561214447039e+00 1.924396076507328968e-01
1.528852751255035392e+00 3.123108467574755021e-01
1.528855941295623744e+00 6.077918518053618824e-01
1.528859131336212318e+00 1.108646722273315399e+00
1.528862321376800448e+00 2.084864494996557571e+00
1.528865511417389023e+00 4.168183066946445692e+00
1.528868701457977153e+00 7.229101028543877483e+00
1.528871891498565727e+00 1.289565442316328081e+01
1.528875081539153857e+00 2.105254304593029246e+01
1.528878271579742432e+00 3.414380204079360936e+01
1.528881461620331006e+00 5.229365100164528002e+01
1.528884651660919136e+00 7.664176792815787564e+01
1.528887841701507710e+00 1.111593910944310721e+02
1.528891031742095841e+00 1.589189280974456722e+02
1.528894221782684415e+00 2.209811528907034983e+02
1.528897411823272545e+00 2.985094744963324729e+02
1.528900601863861120e+00 4.002782825082214231e+02
1.528903791904449472e+00 5.302124871453135029e+02
1.528906981945037824e+00 6.848559738188713482e+02
1.528910171985626398e+00 8.539812479582238893e+02
1.528913362026214529e+00 1.066112442994673529e+03
1.528916552066803103e+00 1.282192543554289841e+03
1.528919742107391233e+00 1.531745287365581817e+03
1.528922932147979807e+00 1.814340976774046112e+03
1.528926122188567938e+00 2.109545688016080021e+03
1.528929312229156512e+00 2.427030940786097290e+03
1.528932502269744864e+00 2.758652621428756447e+03
1.528935692310333216e+00 3.102275091094220898e+03
1.528938882350921791e+00 3.480822297502583751e+03
1.528942072391509921e+00 3.848624800780716669e+03
1.528945262432098495e+00 4.238327422047996151e+03
1.528948452472686625e+00 4.635312884852021853e+03
1.528951642513275200e+00 5.036702582188715496e+03
1.528954832553863330e+00 5.450829044513297958e+03
1.528958022594451904e+00 5.847914198653614221e+03
1.528961212635040479e+00 6.247814065505683175e+03
1.528964402675628609e+00 6.642936814282956220e+03
1.528967592716217183e+00 7.035836277946507835e+03
1.528970782756805313e+00 7.393562307835337378e+03
1.528973972797393888e+00 7.774047071382874492e+03
1.528977162837982018e+00 8.081805089997034884e+03
1.528980352878570592e+00 8.410418380332626839e+03
1.528983542919158944e+00 8.693051531522793084e+03
1.528986732959747297e+00 8.911335051380727236e+03
1.528989923000335871e+00 9.090746298000924071e+03
1.528993113040924001e+00 9.262153378603856254e+03
1.528996303081512576e+00 9.371353814832742501e+03
1.528999493122100706e+00 9.395132277225849975e+03
1.529002683162689280e+00 9.367486326868789547e+03
1.529005873203277410e+00 9.318594391008360617e+03
1.529009063243865985e+00 9.173857555720418532e+03
1.529012253284454337e+00 8.980420793700170179e+03
1.529015443325042689e+00 8.757403091420068449e+03
1.529018633365631263e+00 8.497435252367058638e+03
1.529021823406219394e+00 8.207001901949921375e+03
1.529025013446807968e+00 7.879307401225613830e+03
1.529028203487396098e+00 7.517212561171199013e+03
1.529031393527984672e+00 7.147024086899397844e+03
1.529034583568572803e+00 6.772424621586519606e+03
1.529037773609161377e+00 6.373879623393980182e+03
1.529040963649749951e+00 5.978108408509612673e+03
1.529044153690338081e+00 5.567950352212579674e+03
1.529047343730926656e+00 5.152757626489012182e+03
1.529050533771514786e+00 4.752922847043393631e+03
1.529053723812103360e+00 4.362684239344298476e+03
1.529056913852691491e+00 3.973492125281209155e+03
1.529060103893280065e+00 3.578043627626889702e+03
1.529063293933868417e+00 3.208472786427154915e+03
1.529066483974456769e+00 2.859260181119984281e+03
1.529069674015045344e+00 2.519651506397692174e+03
1.529072864055633474e+00 2.204274540361225718e+03
1.529076054096222048e+00 1.898162672866742923e+03
1.529079244136810178e+00 1.621518559439142564e+03
1.529082434177398753e+00 1.363469787128397002e+03
1.529085624217986883e+00 1.127021754588098929e+03
1.529088814258575457e+00 9.217913919762931982e+02
1.529092004299163809e+00 7.290683654956719693e+02
1.529095194339752162e+00 5.717801599205733964e+02
1.529098384380340736e+00 4.339108013878319525e+02
1.529101574420928866e+00 3.268711266790576815e+02
1.529104764461517441e+00 2.438460493981287982e+02
1.529107954502105571e+00 1.764315180350947969e+02
1.529111144542694145e+00 1.241510615475463766e+02
1.529114334583282275e+00 8.660589902166124432e+01
1.529117524623870850e+00 5.871627154558971284e+01
1.529120714664459424e+00 3.977682676902804104e+01
1.529123904705047554e+00 2.489232675708943887e+01
1.529127094745636128e+00 1.503232991560295773e+01
1.529130284786224259e+00 8.540864590008524715e+00
1.529133474826812833e+00 4.945920483874373552e+00
1.529136664867400963e+00 2.659773264615137744e+00
1.529139854907989537e+00 1.214371646112484493e+00
1.529143044948577890e+00 5.414735739688361083e-01
1.529146234989166242e+00 2.739655483499366384e-01
1.529149425029754816e+00 8.620722329102459280e-02
1.529152615070342947e+00 6.359786199624388459e-02
1.529155805110931521e+00 1.775409320029718366e-02
