1.089842830896377457e+00 1.114433553330198071e-02
1.089845999479293948e+00 3.655270229354303652e-02
1.089849168062209994e+00 7.950812202264509465e-02
1.089852336645126485e+00 2.016818744011816267e-01
1.089855505228042531e+00 5.026255577363465399e-01
1.089858673810959022e+00 9.949878951104447200e-01
1.089861842393875069e+00 1.932585952977754040e+00
1.089865010976791559e+00 3.560494810788202180e+00
1.089868179559707606e+00 6.454833310054828743e+00
1.089871348142624097e+00 1.122444501310062748e+01
1.089874516725540143e+00 1.890176917748021168e+01
1.089877685308456634e+00 3.128946815884926025e+01
1.089880853891372681e+00 4.731444633233100205e+01
1.089884022474288727e+00 7.208139108320645505e+01
1.089887191057205218e+00 1.028016105177527777e+02
1.089890359640121265e+00 1.466459710497321680e+02
1.089893528223037755e+00 2.061202428110963751e+02
1.089896696805953802e+00 2.798353818220605262e+02
1.089899865388870293e+00 3.758902780649825672e+02
1.089903033971786339e+00 4.927605358638022039e+02
1.089906202554702830e+00 6.407819822676276544e+02
1.089909371137618876e+00 8.070478562155747113e+02
1.089912539720535367e+00 1.002124309207306510e+03
1.089915708303451414e+00 1.222009279365890052e+03
1.089918876886367904e+00 1.464929899217585671e+03
1.089922045469283951e+00 1.737346633313538632e+03
1.089925214052200442e+00 2.014331668357016042e+03
1.089928382635116488e+00 2.313229826679501002e+03
1.089931551218032979e+00 2.649052568431746749e+03
1.089934719800949026e+00 2.999861493764135048e+03
1.089937888383865516e+00 3.350609338675212257e+03
1.089941056966781563e+00 3.718542611236852281e+03
1.089944225549698054e+00 4.111519909721192562e+03
1.089947394132614100e+00 4.503822248384020895e+03
1.089950562715530591e+00 4.898786849617560620e+03
1.089953731298446638e+00 5.292865344042182187e+03
1.089956899881363128e+00 5.724484121428650724e+03
1.089960068464279175e+00 6.105894210327532164e+03
1.089963237047195221e+00 6.489100438272219435e+03
1.089966405630111712e+00 6.907377875014875826e+03
1.089969574213027759e+00 7.284824385399883795e+03
1.089972742795944249e+00 7.616956513628771972e+03
1.089975911378860296e+00 7.964318566660895158e+03
1.089979079961776787e+00 8.288163630017847026e+03
1.089982248544692833e+00 8.582234457523443780e+03
1.089985417127609324e+00 8.824657260540096104e+03
1.089988585710525371e+00 9.039498617266757719e+03
1.089991754293441861e+00 9.195244825865942403e+03
1.089994922876357908e+00 9.332533781104995796e+03
1.089998091459274399e+00 9.387116409625679808e+03
1.090001260042190445e+00 9.399597448134283695e+03
1.090004428625106936e+00 9.351272502153189635e+03
1.090007597208022982e+00 9.248804173129299670e+03
1.090010765790939473e+00 9.056140125872674616e+03
1.090013934373855520e+00 8.852249100176120919e+03
1.090017102956772010e+00 8.631126651406841120e+03
1.090020271539688057e+00 8.349869484229811860e+03
1.090023440122604548e+00 8.012419571636532964e+03
1.090026608705520594e+00 7.678232902348445350e+03
1.090029777288437085e+00 7.354481715116734449e+03
1.090032945871353132e+00 6.973389839746932012e+03
1.090036114454269622e+00 6.578446909579474777e+03
1.090039283037185669e+00 6.186576368196849216e+03
1.090042451620101716e+00 5.796366870027635741e+03
1.090045620203018206e+00 5.384729477104070611e+03
1.090048788785934253e+00 4.983041997141937827e+03
1.090051957368850744e+00 4.569921164670220605e+03
1.090055125951766790e+00 4.196483048332594990e+03
1.090058294534683281e+00 3.802896631381603584e+03
1.090061463117599327e+00 3.425563905939908636e+03
1.090064631700515818e+00 3.064260125156683898e+03
1.090067800283431865e+00 2.719053556880428459e+03
1.090070968866348355e+00 2.393092334530098924e+03
1.090074137449264402e+00 2.081245750869134554e+03
1.090077306032180893e+00 1.788322600684664394e+03
1.090080474615096939e+00 1.524819490829516099e+03
1.090083643198013430e+00 1.270313825432204339e+03
1.090086811780929477e+00 1.047541629872784597e+03
1.090089980363845967e+00 8.460686388120539050e+02
1.090093148946762014e+00 6.700366606425932332e+02
1.090096317529678505e+00 5.201501522382192206e+02
1.090099486112594551e+00 3.960858685501371497e+02
1.090102654695511042e+00 2.971511511971726804e+02
1.090105823278427088e+00 2.198188551974186566e+02
1.090108991861343579e+00 1.586305685571032029e+02
1.090112160444259626e+00 1.126885093658983550e+02
1.090115329027176116e+00 7.776420827635080002e+01
1.090118497610092163e+00 5.180457903337032377e+01
1.090121666193008210e+00 3.331707192526514660e+01
1.090124834775924700e+00 2.144856355001240189e+01
1.090128003358840747e+00 1.294643789504218923e+01
1.090131171941757238e+00 7.689794026005030148e+00
1.090134340524673284e+00 4.330127706957999756e+00
1.090137509107589775e+00 2.324067647106927925e+00
1.090140677690505822e+00 1.203531829763363259e+00
1.090143846273422312e+00 5.443822483385319932e-01
1.090147014856338359e+00 2.787945592190182453e-01
1.090150183439254850e+00 1.199833126680814460e-01
1.090153352022170896e+00 3.141189127274932741e-02
1.090156520605087387e+00 5.145298376535876669e-03
