1.409844416975975179e+00 2.822971680010203169e-02
1.409847553372383100e+00 3.368133985863664553e-02
1.409850689768791021e+00 1.916117621582332786e-01
1.409853826165199386e+00 4.281885033762695136e-01
1.409856962561607308e+00 7.308033779799788521e-01
1.409860098958015451e+00 1.327795483343853444e+00
1.409863235354423594e+00 2.671143220866612378e+00
1.409866371750831515e+00 4.719063281070707383e+00
1.409869508147239658e+00 8.562361606372121514e+00
1.409872644543647802e+00 1.499825390708473627e+01
1.409875780940055723e+00 2.375004796178850697e+01
1.409878917336464088e+00 3.698500493643131648e+01
1.409882053732872009e+00 5.681133399253928928e+01
1.409885190129279930e+00 8.375148316086165323e+01
1.409888326525688296e+00 1.190600219135036326e+02
1.409891462922096217e+00 1.663500626099008741e+02
1.409894599318504360e+00 2.272955512213756606e+02
1.409897735714912503e+00 3.087142794908347696e+02
1.409900872111320425e+00 4.095091797624918399e+02
1.409904008507728568e+00 5.427305048806184686e+02
1.409907144904136711e+00 6.914130735298673471e+02
1.409910281300544632e+00 8.668698837570094611e+02
1.409913417696952997e+00 1.063829687058777381e+03
1.409916554093360919e+00 1.290798011372466817e+03
1.409919690489768840e+00 1.533906875064400083e+03
1.409922826886177205e+00 1.808410509300783360e+03
1.409925963282585126e+00 2.079787313218645068e+03
1.409929099678993047e+00 2.404904817629759691e+03
1.409932236075401413e+00 2.718921416525056884e+03
1.409935372471809334e+00 3.068010251719679673e+03
1.409938508868217477e+00 3.421158717898133546e+03
1.409941645264625620e+00 3.801041200963559731e+03
1.409944781661033542e+00 4.168498360774119647e+03
1.409947918057441685e+00 4.575930169562032461e+03
1.409951054453849828e+00 4.965758018888295737e+03
1.409954190850257749e+00 5.374652803525937998e+03
1.409957327246666114e+00 5.754231474496877127e+03
1.409960463643074036e+00 6.157251119125275181e+03
1.409963600039481957e+00 6.525445913783558353e+03
1.409966736435890322e+00 6.930842902691620111e+03
1.409969872832298243e+00 7.300502670730615137e+03
1.409973009228706387e+00 7.658899592168550953e+03
1.409976145625114530e+00 7.950429761771739322e+03
1.409979282021522451e+00 8.307728023239717004e+03
1.409982418417930594e+00 8.577101658748088084e+03
1.409985554814338737e+00 8.832710704142709801e+03
1.409988691210746659e+00 9.027147223545443921e+03
1.409991827607155024e+00 9.219370723339401593e+03
1.409994964003562945e+00 9.323659654229852094e+03
1.409998100399970866e+00 9.395445502053518794e+03
1.410001236796379231e+00 9.422291766273043322e+03
1.410004373192787153e+00 9.346029090494965203e+03
1.410007509589195074e+00 9.229076659812504658e+03
1.410010645985603439e+00 9.091436159647779277e+03
1.410013782382011360e+00 8.892713089683369617e+03
1.410016918778419504e+00 8.634448798858393275e+03
1.410020055174827647e+00 8.359923717129620854e+03
1.410023191571235568e+00 8.064487973752384278e+03
1.410026327967643711e+00 7.729779921779399956e+03
1.410029464364051854e+00 7.370868663040806496e+03
1.410032600760459776e+00 7.009150257577069169e+03
1.410035737156868141e+00 6.633572492286853048e+03
1.410038873553276062e+00 6.251107216719169628e+03
1.410042009949683983e+00 5.839868583127769853e+03
1.410045146346092348e+00 5.449073742700638832e+03
1.410048282742500270e+00 5.057285321149151059e+03
1.410051419138908413e+00 4.661679732761105697e+03
1.410054555535316556e+00 4.245748614562895455e+03
1.410057691931724477e+00 3.889453158600849292e+03
1.410060828328132621e+00 3.485314684829017096e+03
1.410063964724540764e+00 3.136595181754555142e+03
1.410067101120948685e+00 2.793223973620383731e+03
1.410070237517357050e+00 2.466954302495058073e+03
1.410073373913764971e+00 2.145421078731915713e+03
1.410076510310172893e+00 1.863055135598791821e+03
1.410079646706581258e+00 1.587235917293917737e+03
1.410082783102989179e+00 1.337394065426286488e+03
1.410085919499397100e+00 1.100331038936702271e+03
1.410089055895805465e+00 9.008506367515255988e+02
1.410092192292213387e+00 7.186048494058611595e+02
1.410095328688621530e+00 5.605954472426782331e+02
1.410098465085029673e+00 4.290473554788732145e+02
1.410101601481437594e+00 3.304182328395619948e+02
1.410104737877845738e+00 2.456389489317939763e+02
1.410107874274253881e+00 1.783460984006956664e+02
1.410111010670661802e+00 1.274010494283266013e+02
1.410114147067070167e+00 8.845394552306417779e+01
1.410117283463478088e+00 6.044806057891232598e+01
1.410120419859886010e+00 4.027420226115679469e+01
1.410123556256294375e+00 2.554898633056918200e+01
1.410126692652702296e+00 1.631361486467999100e+01
1.410129829049110439e+00 9.172361404861035794e+00
1.410132965445518582e+00 5.111199609971870395e+00
1.410136101841926504e+00 3.107273502816632504e+00
1.410139238238334647e+00 1.560551060896054221e+00
1.410142374634742790e+00 7.742637172864178519e-01
1.410145511031150711e+00 5.277324228905545533e-01
1.410148647427559077e+00 1.699301808930842317e-01
1.410151783823966998e+00 8.647170320990493764e-02
1.410154920220374919e+00 3.185510582204981872e-02
