9.448407220840453480e-01 1.476029546297065974e-02
9.448439264297485707e-01 2.693274756765663344e-02
9.448471307754515713e-01 1.029870627073174033e-01
9.448503351211547940e-01 1.571109438253633639e-01
9.448535394668579057e-01 3.288066483284858843e-01
9.448567438125610174e-01 8.598718958918337707e-01
9.448599481582642401e-01 1.484930244632952201e+00
9.448631525039672407e-01 2.651913140378302280e+00
9.448663568496704634e-01 5.376807129745736269e+00
9.448695611953734641e-01 8.672775194676519916e+00
9.448727655410766868e-01 1.507001247887140316e+01
9.448759698867796875e-01 2.442873437333482656e+01
9.448791742324829102e-01 3.920111138703762776e+01
9.448823785781861329e-01 5.808487292673191860e+01
9.448855829238891335e-01 8.648836589913904049e+01
9.448887872695923562e-01 1.261695825301466556e+02
9.448919916152953569e-01 1.760166942571910056e+02
9.448951959609985796e-01 2.441247594419358222e+02
9.448984003067015802e-01 3.313981261652056105e+02
9.449016046524048029e-01 4.373711746700151366e+02
9.449048089981079146e-01 5.717277751478678738e+02
9.449080133438110263e-01 7.359228715600625037e+02
9.449112176895142490e-01 9.204047078250384857e+02
9.449144220352172496e-01 1.131008212501174285e+03
9.449176263809204723e-01 1.365642293026189918e+03
9.449208307266234730e-01 1.628521523927191538e+03
9.449240350723266957e-01 1.909655439331696925e+03
9.449272394180296963e-01 2.213937706488641197e+03
9.449304437637329190e-01 2.538487701754085265e+03
9.449336481094360307e-01 2.884894830784356600e+03
9.449368524551391424e-01 3.243384137273533725e+03
9.449400568008423651e-01 3.608439310603305785e+03
9.449432611465453657e-01 3.978669167428978653e+03
9.449464654922485884e-01 4.389329718623291228e+03
9.449496698379515891e-01 4.788753796603447881e+03
9.449528741836548118e-01 5.206405833800695291e+03
9.449560785293578125e-01 5.599095828722963233e+03
9.449592828750610352e-01 5.998924141469912684e+03
9.449624872207642579e-01 6.400292621005085493e+03
9.449656915664672585e-01 6.803437618222047604e+03
9.449688959121704812e-01 7.180733859384688913e+03
9.449721002578734819e-01 7.556346145977811830e+03
9.449753046035767046e-01 7.888618032224865601e+03
9.449785089492797052e-01 8.226901584923105474e+03
9.449817132949829279e-01 8.512397313635699902e+03
9.449849176406860396e-01 8.760583266150264535e+03
9.449881219863891513e-01 9.018766745368920965e+03
9.449913263320923740e-01 9.178436096961260773e+03
9.449945306777953746e-01 9.315954628739911641e+03
9.449977350234985973e-01 9.392981037929272134e+03
9.450009393692015980e-01 9.399781853870104896e+03
9.450041437149048207e-01 9.345809772244745545e+03
9.450073480606078213e-01 9.260926732047819314e+03
9.450105524063110440e-01 9.090189384858611447e+03
9.450137567520141557e-01 8.870035730730978685e+03
9.450169610977172674e-01 8.659610252777642017e+03
9.450201654434204901e-01 8.356703205639858425e+03
9.450233697891234907e-01 8.058932313772016641e+03
9.450265741348267134e-01 7.704943298281066745e+03
9.450297784805297141e-01 7.347558546194662085e+03
9.450329828262329368e-01 6.957931470353550139e+03
9.450361871719359375e-01 6.573414093827813304e+03
9.450393915176391602e-01 6.175838440820875803e+03
9.450425958633423829e-01 5.777158273982455285e+03
9.450458002090453835e-01 5.364147792324217335e+03
9.450490045547486062e-01 4.956663715938830137e+03
9.450522089004516069e-01 4.541663550173720068e+03
9.450554132461548296e-01 4.155569168012641057e+03
9.450586175918578302e-01 3.769619825612696332e+03
9.450618219375610529e-01 3.389009874085470528e+03
9.450650262832641646e-01 3.023452210407465373e+03
9.450682306289672763e-01 2.666639212583451354e+03
9.450714349746704990e-01 2.340160629207081001e+03
9.450746393203734996e-01 2.025495402217904712e+03
9.450778436660767223e-01 1.743156987979759151e+03
9.450810480117797230e-01 1.473302903441267972e+03
9.450842523574829457e-01 1.225049365008277618e+03
9.450874567031859463e-01 1.001542803850902601e+03
9.450906610488891690e-01 8.013262258646547025e+02
9.450938653945922807e-01 6.322781774862828570e+02
9.450970697402953924e-01 4.901791022994077025e+02
9.451002740859986151e-01 3.676944299172669730e+02
9.451034784317016157e-01 2.772548212356466593e+02
9.451066827774048384e-01 2.014482904937126477e+02
9.451098871231078391e-01 1.443539331603591620e+02
9.451130914688110618e-01 9.971261708484732367e+01
9.451162958145140625e-01 6.847659777174239082e+01
9.451195001602172852e-01 4.666827719493083748e+01
9.451227045059205079e-01 2.883421449548028193e+01
9.451259088516235085e-01 1.836464149589799888e+01
9.451291131973267312e-01 1.067102419790481704e+01
9.451323175430297319e-01 6.225885824935169843e+00
9.451355218887329546e-01 3.493985094468254449e+00
9.451387262344359552e-01 1.661422208939276279e+00
9.451419305801391779e-01 8.072644065759517762e-01
9.451451349258422896e-01 3.593673877153159557e-01
9.451483392715454013e-01 2.062064247201286782e-01
9.451515436172486240e-01 9.375503714261863852e-02
9.451547479629516246e-01 1.286631710352388255e-02
9.451579523086548473e-01 1.462052762001727138e-02
