2.499999944120645523e-02 0.000000000000000000e+00
7.499999832361936569e-02 0.000000000000000000e+00
1.249999925494194031e-01 0.000000000000000000e+00
1.750000007450580597e-01 0.000000000000000000e+00
2.249999903142452240e-01 0.000000000000000000e+00
2.749999985098838806e-01 0.000000000000000000e+00
3.249999880790710449e-01 0.000000000000000000e+00
3.750000149011611938e-01 0.000000000000000000e+00
4.249999672174453735e-01 0.000000000000000000e+00
4.749999940395355225e-01 0.000000000000000000e+00
5.249999836087226868e-01 0.000000000000000000e+00
5.749999731779098511e-01 0.000000000000000000e+00
6.250000000000000000e-01 0.000000000000000000e+00
6.749999523162841797e-01 0.000000000000000000e+00
7.249999791383743286e-01 0.000000000000000000e+00
7.750000059604644775e-01 0.000000000000000000e+00
8.249999582767486572e-01 0.000000000000000000e+00
8.749999850988388062e-01 0.000000000000000000e+00
9.250000119209289551e-01 0.000000000000000000e+00
9.749999642372131348e-01 0.000000000000000000e+00
1.024999916553497314e+00 0.000000000000000000e+00
1.075000017881393433e+00 0.000000000000000000e+00
1.124999970197677612e+00 0.000000000000000000e+00
1.174999922513961792e+00 0.000000000000000000e+00
1.225000023841857910e+00 0.000000000000000000e+00
1.274999976158142090e+00 0.000000000000000000e+00
1.324999928474426270e+00 0.000000000000000000e+00
1.374999880790710449e+00 0.000000000000000000e+00
1.424999982118606567e+00 0.000000000000000000e+00
1.474999934434890747e+00 0.000000000000000000e+00
1.525000035762786865e+00 0.000000000000000000e+00
1.574999988079071045e+00 0.000000000000000000e+00
1.624999940395355225e+00 0.000000000000000000e+00
1.674999892711639404e+00 0.000000000000000000e+00
1.724999994039535522e+00 0.000000000000000000e+00
1.774999946355819702e+00 0.000000000000000000e+00
1.825000047683715820e+00 0.000000000000000000e+00
1.875000000000000000e+00 0.000000000000000000e+00
1.924999952316284180e+00 0.000000000000000000e+00
1.974999904632568359e+00 0.000000000000000000e+00
2.024999856948852539e+00 0.000000000000000000e+00
2.074999958276748657e+00 0.000000000000000000e+00
2.124999910593032837e+00 0.000000000000000000e+00
2.175000011920928955e+00 0.000000000000000000e+00
2.224999964237213135e+00 0.000000000000000000e+00
2.274999916553497314e+00 0.000000000000000000e+00
2.324999868869781494e+00 0.000000000000000000e+00
2.374999970197677612e+00 0.000000000000000000e+00
2.424999922513961792e+00 0.000000000000000000e+00
2.475000023841857910e+00 0.000000000000000000e+00
2.524999976158142090e+00 0.000000000000000000e+00
2.574999928474426270e+00 0.000000000000000000e+00
2.624999880790710449e+00 0.000000000000000000e+00
2.674999833106994629e+00 0.000000000000000000e+00
2.724999785423278809e+00 0.000000000000000000e+00
2.775000035762786865e+00 0.000000000000000000e+00
2.824999988079071045e+00 0.000000000000000000e+00
2.874999940395355225e+00 0.000000000000000000e+00
2.924999892711639404e+00 0.000000000000000000e+00
2.974999845027923584e+00 0.000000000000000000e+00
3.025000095367431641e+00 0.000000000000000000e+00
3.075000047683715820e+00 0.000000000000000000e+00
3.125000000000000000e+00 0.000000000000000000e+00
3.174999952316284180e+00 0.000000000000000000e+00
3.224999904632568359e+00 0.000000000000000000e+00
3.274999856948852539e+00 3.628076956374570727e-05
3.324999809265136719e+00 5.069466087661567144e-04
3.374999761581420898e+00 3.641864386736415327e-03
3.425000011920928955e+00 1.559712144080549479e-02
3.474999964237213135e+00 5.259604263119399548e-02
3.524999916553497314e+00 1.388184363022446632e-01
3.574999868869781494e+00 2.946164626628160477e-01
3.624999821186065674e+00 5.314522571861743927e-01
3.675000071525573730e+00 8.274824954569339752e-01
3.725000023841857910e+00 1.170258797705173492e+00
3.774999976158142090e+00 1.513832375407218933e+00
3.824999928474426270e+00 1.825905218720436096e+00
3.874999880790710449e+00 2.097091749310493469e+00
3.924999833106994629e+00 2.285002380609512329e+00
3.974999785423278809e+00 2.426605403423309326e+00
4.024999737739562988e+00 2.483272641897201538e+00
4.074999988079071045e+00 2.499087825417518616e+00
4.124999940395355225e+00 2.459199622273445129e+00
4.174999892711639404e+00 2.395345285534858704e+00
4.224999845027923584e+00 2.303779602050781250e+00
4.274999797344207764e+00 2.209509283304214478e+00
4.325000047683715820e+00 2.106252089142799377e+00
4.375000000000000000e+00 1.989900149405002594e+00
4.424999952316284180e+00 1.878000579774379730e+00
4.474999904632568359e+00 1.772093184292316437e+00
4.524999856948852539e+00 1.673222869634628296e+00
4.574999809265136719e+00 1.579399071633815765e+00
4.624999761581420898e+00 1.489473029971122742e+00
4.675000011920928955e+00 1.411802984774112701e+00
4.724999964237213135e+00 1.331036806106567383e+00
4.774999916553497314e+00 1.268140703439712524e+00
4.824999868869781494e+00 1.201859414577484131e+00
4.874999821186065674e+00 1.142837546765804291e+00
4.924999773502349854e+00 1.086823984980583191e+00
4.975000023841857910e+00 1.040762230753898621e+00
5.024999976158142090e+00 1.001282971352338791e+00
5.074999928474426270e+00 9.625015296041965485e-01
5.124999880790710449e+00 9.254642762243747711e-01
5.174999833106994629e+00 8.926223814487457275e-01
5.224999785423278809e+00 8.685756623744964600e-01
5.274999737739562988e+00 8.384811356663703918e-01
5.324999690055847168e+00 8.173001706600189209e-01
5.374999642372131348e+00 7.934135012328624725e-01
5.425000190734863281e+00 7.806744240224361420e-01
5.475000143051147461e+00 7.635812349617481232e-01
5.525000095367431641e+00 7.516191191971302032e-01
5.575000047683715820e+00 7.358951680362224579e-01
5.625000000000000000e+00 7.264826148748397827e-01
5.674999952316284180e+00 7.161826081573963165e-01
5.724999904632568359e+00 7.140001878142356873e-01
5.774999856948852539e+00 7.071243301033973694e-01
5.824999809265136719e+00 6.995139792561531067e-01
5.874999761581420898e+00 7.012558802962303162e-01
5.924999713897705078e+00 6.970507241785526276e-01
5.974999666213989258e+00 6.999218724668025970e-01
6.024999618530273438e+00 7.043922841548919678e-01
6.074999570846557617e+00 7.058827057480812073e-01
6.125000119209289551e+00 7.105813398957252502e-01
6.175000071525573730e+00 7.142606787383556366e-01
6.225000023841857910e+00 7.223365865647792816e-01
6.274999976158142090e+00 7.311684936285018921e-01
6.324999928474426270e+00 7.402404099702835083e-01
6.374999880790710449e+00 7.490946389734745026e-01
6.424999833106994629e+00 7.610570043325424194e-01
6.474999785423278809e+00 7.747691534459590912e-01
6.524999737739562988e+00 7.898197248578071594e-01
6.574999690055847168e+00 8.072357587516307831e-01
6.624999642372131348e+00 8.217059224843978882e-01
6.674999594688415527e+00 8.385702148079872131e-01
6.725000143051147461e+00 8.585383221507072449e-01
6.775000095367431641e+00 8.764387220144271851e-01
6.825000047683715820e+00 8.940294571220874786e-01
6.875000000000000000e+00 9.102178774774074554e-01
6.924999952316284180e+00 9.330444112420082092e-01
6.974999904632568359e+00 9.502706862986087799e-01
7.024999856948852539e+00 9.711998291313648224e-01
7.074999809265136719e+00 9.908148534595966339e-01
7.124999761581420898e+00 1.009524181485176086e+00
7.174999713897705078e+00 1.024904556572437286e+00
7.224999666213989258e+00 1.046330824494361877e+00
7.274999618530273438e+00 1.063913509249687195e+00
7.324999570846557617e+00 1.080246202647686005e+00
7.374999523162841797e+00 1.097314342856407166e+00
7.425000071525573730e+00 1.112764067947864532e+00
7.475000023841857910e+00 1.126513615250587463e+00
7.524999976158142090e+00 1.141720958054065704e+00
7.574999928474426270e+00 1.149418383836746216e+00
7.624999880790710449e+00 1.162179201841354370e+00
7.674999833106994629e+00 1.172885805368423462e+00
7.724999785423278809e+00 1.177489019930362701e+00
7.774999737739562988e+00 1.183855555951595306e+00
7.824999690055847168e+00 1.185003854334354401e+00
7.874999642372131348e+00 1.184343881905078888e+00
7.924999594688415527e+00 1.182398967444896698e+00
7.974999547004699707e+00 1.180682055652141571e+00
8.025000095367431641e+00 1.175405114889144897e+00
8.075000047683715820e+00 1.165205039083957672e+00
8.125000000000000000e+00 1.160873465240001678e+00
8.174999952316284180e+00 1.148499771952629089e+00
8.224999904632568359e+00 1.136945396661758423e+00
8.274999856948852539e+00 1.128068782389163971e+00
8.324999809265136719e+00 1.115126907825469971e+00
8.374999761581420898e+00 1.098023369908332825e+00
8.424999713897705078e+00 1.088544011116027832e+00
8.474999666213989258e+00 1.077388875186443329e+00
8.524999618530273438e+00 1.060101248323917389e+00
8.574999570846557617e+00 1.049417063593864441e+00
8.624999523162841797e+00 1.037554398179054260e+00
8.675000071525573730e+00 1.023490309715270996e+00
8.725000023841857910e+00 1.011394396424293518e+00
8.774999976158142090e+00 1.001028008759021759e+00
8.824999928474426270e+00 9.901155717670917511e-01
8.874999880790710449e+00 9.796437919139862061e-01
8.924999833106994629e+00 9.702633656561374664e-01
8.974999785423278809e+00 9.614281728863716125e-01
9.024999737739562988e+00 9.512481726706027985e-01
9.074999690055847168e+00 9.458294622600078583e-01
9.124999642372131348e+00 9.377807304263114929e-01
9.174999594688415527e+00 9.298361837863922119e-01
9.224999547004699707e+00 9.253787584602832794e-01
9.275000095367431641e+00 9.226272888481616974e-01
9.325000047683715820e+00 9.164336398243904114e-01
9.375000000000000000e+00 9.127390980720520020e-01
9.424999952316284180e+00 9.095583334565162659e-01
9.474999904632568359e+00 9.088165871798992157e-01
9.524999856948852539e+00 9.077397882938385010e-01
9.574999809265136719e+00 9.064073823392391205e-01
9.624999761581420898e+00 9.064283780753612518e-01
9.674999713897705078e+00 9.072112180292606354e-01
9.724999666213989258e+00 9.080239497125148773e-01
9.774999618530273438e+00 9.101184159517288208e-01
9.824999570846557617e+00 9.128668867051601410e-01
9.874999523162841797e+00 9.146073572337627411e-01
9.924999475479125977e+00 9.160312823951244354e-01
9.975000023841857910e+00 9.223247990012168884e-01
1.002500057220458984e+01 9.270412400364875793e-01
1.007499933242797852e+01 9.301784709095954895e-01
1.012500047683715820e+01 9.348553493618965149e-01
1.017499923706054688e+01 9.392866529524326324e-01
1.022500038146972656e+01 9.459810927510261536e-01
1.027499914169311523e+01 9.519873000681400299e-01
1.032500028610229492e+01 9.570939354598522186e-01
1.037499904632568359e+01 9.651647508144378662e-01
1.042500019073486328e+01 9.681192375719547272e-01
1.047499895095825195e+01 9.759487845003604889e-01
1.052500009536743164e+01 9.815124161541461945e-01
1.057499885559082031e+01 9.832454733550548553e-01
1.062500000000000000e+01 9.933441989123821259e-01
1.067499876022338867e+01 9.965409412980079651e-01
1.072499990463256836e+01 1.002548996359109879e+00
1.077499866485595703e+01 1.007775142788887024e+00
1.082499980926513672e+01 1.012328967452049255e+00
1.087499976158142090e+01 1.019189901649951935e+00
1.092499971389770508e+01 1.022119902074337006e+00
1.097500085830688477e+01 1.026083469390869141e+00
1.102499961853027344e+01 1.028825283050537109e+00
1.107500076293945312e+01 1.033335566520690918e+00
1.112499952316284180e+01 1.036311075091362000e+00
1.117500066757202148e+01 1.039100185036659241e+00
1.122499942779541016e+01 1.040405109524726868e+00
1.127500057220458984e+01 1.043131530284881592e+00
1.132499933242797852e+01 1.041875727474689484e+00
1.137500047683715820e+01 1.044055894017219543e+00
1.142499923706054688e+01 1.044569142162799835e+00
1.147500038146972656e+01 1.045002698898315430e+00
1.152499914169311523e+01 1.043254755437374115e+00
1.157500028610229492e+01 1.041942998766899109e+00
1.162499904632568359e+01 1.043211929500102997e+00
1.167500019073486328e+01 1.041131533682346344e+00
1.172499895095825195e+01 1.039263218641281128e+00
1.177500009536743164e+01 1.039000228047370911e+00
1.182499885559082031e+01 1.033642590045928955e+00
1.187500000000000000e+01 1.033676892518997192e+00
1.192499876022338867e+01 1.028512582182884216e+00
1.197499990463256836e+01 1.026188038289546967e+00
1.202499866485595703e+01 1.023960240185260773e+00
1.207499980926513672e+01 1.019859757274389267e+00
1.212499856948852539e+01 1.016366321593523026e+00
1.217499971389770508e+01 1.013595629483461380e+00
1.222500085830688477e+01 1.010592345148324966e+00
1.227499961853027344e+01 1.007196031510829926e+00
1.232500076293945312e+01 1.003098994493484497e+00
1.237499952316284180e+01 1.000076215714216232e+00
1.242500066757202148e+01 9.964690133929252625e-01
1.247499942779541016e+01 9.936909936368465424e-01
