2.499999944120645523e-02 0.000000000000000000e+00
7.499999832361936569e-02 0.000000000000000000e+00
1.249999925494194031e-01 0.000000000000000000e+00
1.750000007450580597e-01 0.000000000000000000e+00
2.249999903142452240e-01 0.000000000000000000e+00
2.749999985098838806e-01 0.000000000000000000e+00
3.249999880790710449e-01 0.000000000000000000e+00
3.750000149011611938e-01 0.000000000000000000e+00
4.249999672174453735e-01 0.000000000000000000e+00
4.749999940395355225e-01 0.000000000000000000e+00
5.249999836087226868e-01 0.000000000000000000e+00
5.749999731779098511e-01 0.000000000000000000e+00
6.250000000000000000e-01 0.000000000000000000e+00
6.749999523162841797e-01 0.000000000000000000e+00
7.249999791383743286e-01 0.000000000000000000e+00
7.750000059604644775e-01 0.000000000000000000e+00
8.249999582767486572e-01 0.000000000000000000e+00
8.749999850988388062e-01 0.000000000000000000e+00
9.250000119209289551e-01 0.000000000000000000e+00
9.749999642372131348e-01 0.000000000000000000e+00
1.024999916553497314e+00 0.000000000000000000e+00
1.075000017881393433e+00 0.000000000000000000e+00
1.124999970197677612e+00 0.000000000000000000e+00
1.174999922513961792e+00 0.000000000000000000e+00
1.225000023841857910e+00 0.000000000000000000e+00
1.274999976158142090e+00 0.000000000000000000e+00
1.324999928474426270e+00 0.000000000000000000e+00
1.374999880790710449e+00 0.000000000000000000e+00
1.424999982118606567e+00 0.000000000000000000e+00
1.474999934434890747e+00 0.000000000000000000e+00
1.525000035762786865e+00 0.000000000000000000e+00
1.574999988079071045e+00 0.000000000000000000e+00
1.624999940395355225e+00 0.000000000000000000e+00
1.674999892711639404e+00 0.000000000000000000e+00
1.724999994039535522e+00 0.000000000000000000e+00
1.774999946355819702e+00 0.000000000000000000e+00
1.825000047683715820e+00 0.000000000000000000e+00
1.875000000000000000e+00 0.000000000000000000e+00
1.924999952316284180e+00 0.000000000000000000e+00
1.974999904632568359e+00 0.000000000000000000e+00
2.024999856948852539e+00 0.000000000000000000e+00
2.074999958276748657e+00 0.000000000000000000e+00
2.124999910593032837e+00 0.000000000000000000e+00
2.175000011920928955e+00 0.000000000000000000e+00
2.224999964237213135e+00 0.000000000000000000e+00
2.274999916553497314e+00 0.000000000000000000e+00
2.324999868869781494e+00 0.000000000000000000e+00
2.374999970197677612e+00 0.000000000000000000e+00
2.424999922513961792e+00 0.000000000000000000e+00
2.475000023841857910e+00 0.000000000000000000e+00
2.524999976158142090e+00 0.000000000000000000e+00
2.574999928474426270e+00 0.000000000000000000e+00
2.624999880790710449e+00 0.000000000000000000e+00
2.674999833106994629e+00 0.000000000000000000e+00
2.724999785423278809e+00 0.000000000000000000e+00
2.775000035762786865e+00 0.000000000000000000e+00
2.824999988079071045e+00 0.000000000000000000e+00
2.874999940395355225e+00 0.000000000000000000e+00
2.924999892711639404e+00 0.000000000000000000e+00
2.974999845027923584e+00 0.000000000000000000e+00
3.025000095367431641e+00 0.000000000000000000e+00
3.075000047683715820e+00 0.000000000000000000e+00
3.125000000000000000e+00 0.000000000000000000e+00
3.174999952316284180e+00 0.000000000000000000e+00
3.224999904632568359e+00 0.000000000000000000e+00
3.274999856948852539e+00 3.472222260825219564e-06
3.324999809265136719e+00 5.555555583214299986e-05
3.374999761581420898e+00 3.854166661767521873e-04
3.425000011920928955e+00 2.041666695731692016e-03
3.474999964237213135e+00 7.777777762385085225e-03
3.524999916553497314e+00 2.301041665486991405e-02
3.574999868869781494e+00 5.667534749954938889e-02
3.624999821186065674e+00 1.180312517099082470e-01
3.675000071525573730e+00 2.174288230016827583e-01
3.725000023841857910e+00 3.625520896166563034e-01
3.774999976158142090e+00 5.548810847103595734e-01
3.824999928474426270e+00 7.942378595471382141e-01
3.874999880790710449e+00 1.074892371892929077e+00
3.924999833106994629e+00 1.390045158565044403e+00
3.974999785423278809e+00 1.729506120085716248e+00
4.024999737739562988e+00 2.088408052921295166e+00
4.074999988079071045e+00 2.457706674933433533e+00
4.124999940395355225e+00 2.830372467637062073e+00
4.174999892711639404e+00 3.202961862087249756e+00
4.224999845027923584e+00 3.569099009037017822e+00
4.274999797344207764e+00 3.930076465010643005e+00
4.325000047683715820e+00 4.278430640697479248e+00
4.375000000000000000e+00 4.618763118982315063e+00
4.424999952316284180e+00 4.945522665977478027e+00
4.474999904632568359e+00 5.261305630207061768e+00
4.524999856948852539e+00 5.566671967506408691e+00
4.574999809265136719e+00 5.860434174537658691e+00
4.624999761581420898e+00 6.144430667161941528e+00
4.675000011920928955e+00 6.418053954839706421e+00
4.724999964237213135e+00 6.682302206754684448e+00
4.774999916553497314e+00 6.938329160213470459e+00
4.824999868869781494e+00 7.187810957431793213e+00
4.874999821186065674e+00 7.430250167846679688e+00
4.924999773502349854e+00 7.666403025388717651e+00
4.975000023841857910e+00 7.896637409925460815e+00
5.024999976158142090e+00 8.121903061866760254e+00
5.074999928474426270e+00 8.342291176319122314e+00
5.124999880790710449e+00 8.559145331382751465e+00
5.174999833106994629e+00 8.771915376186370850e+00
5.224999785423278809e+00 8.982722699642181396e+00
5.274999737739562988e+00 9.190063118934631348e+00
5.324999690055847168e+00 9.396372139453887939e+00
5.374999642372131348e+00 9.601469337940216064e+00
5.425000190734863281e+00 9.806130051612854004e+00
5.475000143051147461e+00 1.000963532924652100e+01
5.525000095367431641e+00 1.021362674236297607e+01
5.575000047683715820e+00 1.041761893033981323e+01
5.625000000000000000e+00 1.062347298860549927e+01
5.674999952316284180e+00 1.083011794090270996e+01
5.724999904632568359e+00 1.103843301534652710e+01
5.774999856948852539e+00 1.124726814031600952e+01
5.824999809265136719e+00 1.146080100536346436e+01
5.874999761581420898e+00 1.167465871572494507e+01
5.924999713897705078e+00 1.189255285263061523e+01
5.974999666213989258e+00 1.211457556486129761e+01
6.024999618530273438e+00 1.234065985679626465e+01
6.074999570846557617e+00 1.257166683673858643e+01
6.125000119209289551e+00 1.280845767259597778e+01
6.175000071525573730e+00 1.305016601085662842e+01
6.225000023841857910e+00 1.329790377616882324e+01
6.274999976158142090e+00 1.355366599559783936e+01
6.324999928474426270e+00 1.381756001710891724e+01
6.374999880790710449e+00 1.408854436874389648e+01
6.424999833106994629e+00 1.437031871080398560e+01
6.474999785423278809e+00 1.466029953956604004e+01
6.524999737739562988e+00 1.496190023422241211e+01
6.574999690055847168e+00 1.527208161354064941e+01
6.624999642372131348e+00 1.559334462881088257e+01
6.674999594688415527e+00 1.592617464065551758e+01
6.725000143051147461e+00 1.627114439010620117e+01
6.775000095367431641e+00 1.662950396537780762e+01
6.825000047683715820e+00 1.700047099590301514e+01
6.875000000000000000e+00 1.738448500633239746e+01
6.924999952316284180e+00 1.778164815902709961e+01
6.974999904632568359e+00 1.819353616237640381e+01
7.024999856948852539e+00 1.862048316001892090e+01
7.074999809265136719e+00 1.906207942962646484e+01
7.124999761581420898e+00 1.951728606224060059e+01
7.174999713897705078e+00 1.998839974403381348e+01
7.224999666213989258e+00 2.047467851638793945e+01
7.274999618530273438e+00 2.097765171527862549e+01
7.324999570846557617e+00 2.149341547489166260e+01
7.374999523162841797e+00 2.202607333660125732e+01
7.425000071525573730e+00 2.257303595542907715e+01
7.475000023841857910e+00 2.313372886180877686e+01
7.524999976158142090e+00 2.370832502841949463e+01
7.574999928474426270e+00 2.429702889919281006e+01
7.624999880790710449e+00 2.489883184432983398e+01
7.674999833106994629e+00 2.551378059387207031e+01
7.724999785423278809e+00 2.614003682136535645e+01
7.774999737739562988e+00 2.677422428131103516e+01
7.824999690055847168e+00 2.741864931583404541e+01
7.874999642372131348e+00 2.807330644130706787e+01
7.924999594688415527e+00 2.873500359058380127e+01
7.974999547004699707e+00 2.940365564823150635e+01
8.025000095367431641e+00 3.007664453983306885e+01
8.075000047683715820e+00 3.075346565246582031e+01
8.125000000000000000e+00 3.143435025215148926e+01
8.174999952316284180e+00 3.211802887916564941e+01
8.224999904632568359e+00 3.280502033233642578e+01
8.274999856948852539e+00 3.349135446548461914e+01
8.324999809265136719e+00 3.417840981483459473e+01
8.374999761581420898e+00 3.486690592765808105e+01
8.424999713897705078e+00 3.555705523490905762e+01
8.474999666213989258e+00 3.624748468399047852e+01
8.524999618530273438e+00 3.693626046180725098e+01
8.574999570846557617e+00 3.762536048889160156e+01
8.624999523162841797e+00 3.831139850616455078e+01
8.675000071525573730e+00 3.899971866607666016e+01
8.725000023841857910e+00 3.968712067604064941e+01
8.774999976158142090e+00 4.037588071823120117e+01
8.824999928474426270e+00 4.106225228309631348e+01
8.874999880790710449e+00 4.175159406661987305e+01
8.924999833106994629e+00 4.244140005111694336e+01
8.974999785423278809e+00 4.313240075111389160e+01
9.024999737739562988e+00 4.382241320610046387e+01
9.074999690055847168e+00 4.451584649085998535e+01
9.124999642372131348e+00 4.521050262451171875e+01
9.174999594688415527e+00 4.590713882446289062e+01
9.224999547004699707e+00 4.660778641700744629e+01
9.275000095367431641e+00 4.731078219413757324e+01
9.325000047683715820e+00 4.801885962486267090e+01
9.375000000000000000e+00 4.873129820823669434e+01
9.424999952316284180e+00 4.945094704627990723e+01
9.474999904632568359e+00 5.017513227462768555e+01
9.524999856948852539e+00 5.090777111053466797e+01
9.574999809265136719e+00 5.164685845375061035e+01
9.624999761581420898e+00 5.239515042304992676e+01
9.674999713897705078e+00 5.315083885192871094e+01
9.724999666213989258e+00 5.391492438316345215e+01
9.774999618530273438e+00 5.468777632713317871e+01
9.824999570846557617e+00 5.547106170654296875e+01
9.874999523162841797e+00 5.626377105712890625e+01
9.924999475479125977e+00 5.706812000274658203e+01
9.975000023841857910e+00 5.788291716575622559e+01
1.002500057220458984e+01 5.871138238906860352e+01
1.007499933242797852e+01 5.955039644241333008e+01
1.012500047683715820e+01 6.040415406227111816e+01
1.017499923706054688e+01 6.127089905738830566e+01
1.022500038146972656e+01 6.215138673782348633e+01
1.027499914169311523e+01 6.304484605789184570e+01
1.032500028610229492e+01 6.395372152328491211e+01
1.037499904632568359e+01 6.487727737426757812e+01
1.042500019073486328e+01 6.581771421432495117e+01
1.047499895095825195e+01 6.676819705963134766e+01
1.052500009536743164e+01 6.773696374893188477e+01
1.057499885559082031e+01 6.872100019454956055e+01
1.062500000000000000e+01 6.971726179122924805e+01
1.067499876022338867e+01 7.073298883438110352e+01
1.072499990463256836e+01 7.176182174682617188e+01
1.077499866485595703e+01 7.280479192733764648e+01
1.082499980926513672e+01 7.386226654052734375e+01
1.087499976158142090e+01 7.493385982513427734e+01
1.092499971389770508e+01 7.602125215530395508e+01
1.097500085830688477e+01 7.712155771255493164e+01
1.102499961853027344e+01 7.823935937881469727e+01
1.107500076293945312e+01 7.936740636825561523e+01
1.112499952316284180e+01 8.051157379150390625e+01
1.117500066757202148e+01 8.166913080215454102e+01
1.122499942779541016e+01 8.283549451828002930e+01
1.127500057220458984e+01 8.401634120941162109e+01
1.132499933242797852e+01 8.520980501174926758e+01
1.137500047683715820e+01 8.641309928894042969e+01
1.142499923706054688e+01 8.762533283233642578e+01
1.147500038146972656e+01 8.885337829589843750e+01
1.152499914169311523e+01 9.008780097961425781e+01
1.157500028610229492e+01 9.133281469345092773e+01
1.162499904632568359e+01 9.258690977096557617e+01
1.167500019073486328e+01 9.384821271896362305e+01
1.172499895095825195e+01 9.511842918395996094e+01
1.177500009536743164e+01 9.640034818649291992e+01
1.182499885559082031e+01 9.768832063674926758e+01
1.187500000000000000e+01 9.898681497573852539e+01
1.192499876022338867e+01 1.002895097732543945e+02
1.197499990463256836e+01 1.016015586853027344e+02
1.202499866485595703e+01 1.029203786849975586e+02
1.207499980926513672e+01 1.042448949813842773e+02
1.212499856948852539e+01 1.055774493217468262e+02
1.217499971389770508e+01 1.069143753051757812e+02
1.222500085830688477e+01 1.082606673240661621e+02
1.227499961853027344e+01 1.096112189292907715e+02
1.232500076293945312e+01 1.109698338508605957e+02
1.237499952316284180e+01 1.123347043991088867e+02
1.242500066757202148e+01 1.137074470520019531e+02
1.247499942779541016e+01 1.150827326774597168e+02
