2.499999944120645523e-02 0.000000000000000000e+00
7.499999832361936569e-02 0.000000000000000000e+00
1.249999925494194031e-01 0.000000000000000000e+00
1.750000007450580597e-01 0.000000000000000000e+00
2.249999903142452240e-01 0.000000000000000000e+00
2.749999985098838806e-01 0.000000000000000000e+00
3.249999880790710449e-01 0.000000000000000000e+00
3.750000149011611938e-01 0.000000000000000000e+00
4.249999672174453735e-01 0.000000000000000000e+00
4.749999940395355225e-01 0.000000000000000000e+00
5.249999836087226868e-01 0.000000000000000000e+00
5.749999731779098511e-01 0.000000000000000000e+00
6.250000000000000000e-01 0.000000000000000000e+00
6.749999523162841797e-01 0.000000000000000000e+00
7.249999791383743286e-01 0.000000000000000000e+00
7.750000059604644775e-01 0.000000000000000000e+00
8.249999582767486572e-01 0.000000000000000000e+00
8.749999850988388062e-01 0.000000000000000000e+00
9.250000119209289551e-01 0.000000000000000000e+00
9.749999642372131348e-01 0.000000000000000000e+00
1.024999916553497314e+00 0.000000000000000000e+00
1.075000017881393433e+00 0.000000000000000000e+00
1.124999970197677612e+00 0.000000000000000000e+00
1.174999922513961792e+00 0.000000000000000000e+00
1.225000023841857910e+00 0.000000000000000000e+00
1.274999976158142090e+00 0.000000000000000000e+00
1.324999928474426270e+00 0.000000000000000000e+00
1.374999880790710449e+00 0.000000000000000000e+00
1.424999982118606567e+00 0.000000000000000000e+00
1.474999934434890747e+00 0.000000000000000000e+00
1.525000035762786865e+00 0.000000000000000000e+00
1.574999988079071045e+00 0.000000000000000000e+00
1.624999940395355225e+00 0.000000000000000000e+00
1.674999892711639404e+00 0.000000000000000000e+00
1.724999994039535522e+00 0.000000000000000000e+00
1.774999946355819702e+00 0.000000000000000000e+00
1.825000047683715820e+00 0.000000000000000000e+00
1.875000000000000000e+00 0.000000000000000000e+00
1.924999952316284180e+00 0.000000000000000000e+00
1.974999904632568359e+00 0.000000000000000000e+00
2.024999856948852539e+00 0.000000000000000000e+00
2.074999958276748657e+00 0.000000000000000000e+00
2.124999910593032837e+00 0.000000000000000000e+00
2.175000011920928955e+00 0.000000000000000000e+00
2.224999964237213135e+00 0.000000000000000000e+00
2.274999916553497314e+00 0.000000000000000000e+00
2.324999868869781494e+00 0.000000000000000000e+00
2.374999970197677612e+00 0.000000000000000000e+00
2.424999922513961792e+00 0.000000000000000000e+00
2.475000023841857910e+00 0.000000000000000000e+00
2.524999976158142090e+00 0.000000000000000000e+00
2.574999928474426270e+00 0.000000000000000000e+00
2.624999880790710449e+00 0.000000000000000000e+00
2.674999833106994629e+00 0.000000000000000000e+00
2.724999785423278809e+00 0.000000000000000000e+00
2.775000035762786865e+00 0.000000000000000000e+00
2.824999988079071045e+00 0.000000000000000000e+00
2.874999940395355225e+00 0.000000000000000000e+00
2.924999892711639404e+00 0.000000000000000000e+00
2.974999845027923584e+00 0.000000000000000000e+00
3.025000095367431641e+00 0.000000000000000000e+00
3.075000047683715820e+00 0.000000000000000000e+00
3.125000000000000000e+00 0.000000000000000000e+00
3.174999952316284180e+00 0.000000000000000000e+00
3.224999904632568359e+00 0.000000000000000000e+00
3.274999856948852539e+00 3.651818769867531955e-05
3.324999809265136719e+00 5.303061006998177618e-04
3.374999761581420898e+00 3.270193650678265840e-03
3.425000011920928955e+00 1.592808420537039638e-02
3.474999964237213135e+00 5.353666120208799839e-02
3.524999916553497314e+00 1.381895001977682114e-01
3.574999868869781494e+00 2.969564255326986313e-01
3.624999821186065674e+00 5.263390205800533295e-01
3.675000071525573730e+00 8.296386674046516418e-01
3.725000023841857910e+00 1.179060421884059906e+00
3.774999976158142090e+00 1.521525189280509949e+00
3.824999928474426270e+00 1.844216883182525635e+00
3.874999880790710449e+00 2.107093557715415955e+00
3.924999833106994629e+00 2.306041255593299866e+00
3.974999785423278809e+00 2.421953648328781128e+00
4.024999737739562988e+00 2.497353076934814453e+00
4.074999988079071045e+00 2.507052972912788391e+00
4.124999940395355225e+00 2.469016149640083313e+00
4.174999892711639404e+00 2.409827455878257751e+00
4.224999845027923584e+00 2.312276154756546021e+00
4.274999797344207764e+00 2.226686462759971619e+00
4.325000047683715820e+00 2.099404439330101013e+00
4.375000000000000000e+00 2.004362493753433228e+00
4.424999952316284180e+00 1.881295464932918549e+00
4.474999904632568359e+00 1.777640387415885925e+00
4.524999856948852539e+00 1.681271120905876160e+00
4.574999809265136719e+00 1.582239106297492981e+00
4.624999761581420898e+00 1.496697217226028442e+00
4.675000011920928955e+00 1.411323413252830505e+00
4.724999964237213135e+00 1.334386445581912994e+00
4.774999916553497314e+00 1.265852563083171844e+00
4.824999868869781494e+00 1.207971014082431793e+00
4.874999821186065674e+00 1.149948835372924805e+00
4.924999773502349854e+00 1.097598366439342499e+00
4.975000023841857910e+00 1.048709385097026825e+00
5.024999976158142090e+00 1.005709525197744370e+00
5.074999928474426270e+00 9.647175259888172150e-01
5.124999880790710449e+00 9.307460598647594452e-01
5.174999833106994629e+00 8.956861756742000580e-01
5.224999785423278809e+00 8.705007508397102356e-01
5.274999737739562988e+00 8.400244265794754028e-01
5.324999690055847168e+00 8.201706185936927795e-01
5.374999642372131348e+00 8.003474958240985870e-01
5.425000190734863281e+00 7.839719615876674652e-01
5.475000143051147461e+00 7.653433494269847870e-01
5.525000095367431641e+00 7.533138357102870941e-01
5.575000047683715820e+00 7.398765645921230316e-01
5.625000000000000000e+00 7.334532402455806732e-01
5.674999952316284180e+00 7.233458533883094788e-01
5.724999904632568359e+00 7.165051922202110291e-01
5.774999856948852539e+00 7.058603093028068542e-01
5.824999809265136719e+00 7.094508409500122070e-01
5.874999761581420898e+00 6.984908245503902435e-01
5.924999713897705078e+00 6.996579430997371674e-01
5.974999666213989258e+00 7.010687552392482758e-01
6.024999618530273438e+00 7.021166644990444183e-01
6.074999570846557617e+00 7.056442908942699432e-01
6.125000119209289551e+00 7.115357778966426849e-01
6.175000071525573730e+00 7.146071828901767731e-01
6.225000023841857910e+00 7.207601368427276611e-01
6.274999976158142090e+00 7.322579398751258850e-01
6.324999928474426270e+00 7.435857206583023071e-01
6.374999880790710449e+00 7.516281679272651672e-01
6.424999833106994629e+00 7.695518136024475098e-01
6.474999785423278809e+00 7.797775752842426300e-01
6.524999737739562988e+00 7.986092120409011841e-01
6.574999690055847168e+00 8.088216856122016907e-01
6.624999642372131348e+00 8.251744881272315979e-01
6.674999594688415527e+00 8.421135693788528442e-01
6.725000143051147461e+00 8.598942086100578308e-01
6.775000095367431641e+00 8.801716566085815430e-01
6.825000047683715820e+00 8.978402167558670044e-01
6.875000000000000000e+00 9.159217700362205505e-01
6.924999952316284180e+00 9.336062595248222351e-01
6.974999904632568359e+00 9.544361941516399384e-01
7.024999856948852539e+00 9.753513857722282410e-01
7.074999809265136719e+00 9.945703074336051941e-01
7.124999761581420898e+00 1.010824821889400482e+00
7.174999713897705078e+00 1.031661488115787506e+00
7.224999666213989258e+00 1.050196245312690735e+00
7.274999618530273438e+00 1.071272730827331543e+00
7.324999570846557617e+00 1.083608351647853851e+00
7.374999523162841797e+00 1.103996716439723969e+00
7.425000071525573730e+00 1.118445724248886108e+00
7.475000023841857910e+00 1.131237328052520752e+00
7.524999976158142090e+00 1.143932141363620758e+00
7.574999928474426270e+00 1.156579412519931793e+00
7.624999880790710449e+00 1.166896067559719086e+00
7.674999833106994629e+00 1.176893875002861023e+00
7.724999785423278809e+00 1.183067061007022858e+00
7.774999737739562988e+00 1.182682499289512634e+00
7.824999690055847168e+00 1.186449684202671051e+00
7.874999642372131348e+00 1.190061412751674652e+00
7.924999594688415527e+00 1.187651872634887695e+00
7.974999547004699707e+00 1.185191504657268524e+00
8.025000095367431641e+00 1.178030982613563538e+00
8.075000047683715820e+00 1.170175537467002869e+00
8.125000000000000000e+00 1.162764824926853180e+00
8.174999952316284180e+00 1.153298802673816681e+00
8.224999904632568359e+00 1.144801564514636993e+00
8.274999856948852539e+00 1.129961065948009491e+00
8.324999809265136719e+00 1.117590792477130890e+00
8.374999761581420898e+00 1.106587268412113190e+00
8.424999713897705078e+00 1.096118800342082977e+00
8.474999666213989258e+00 1.083657003939151764e+00
8.524999618530273438e+00 1.068434901535511017e+00
8.574999570846557617e+00 1.056471578776836395e+00
8.624999523162841797e+00 1.039632409811019897e+00
8.675000071525573730e+00 1.031108327209949493e+00
8.725000023841857910e+00 1.017987616360187531e+00
8.774999976158142090e+00 1.008347544819116592e+00
8.824999928474426270e+00 9.935361705720424652e-01
8.874999880790710449e+00 9.866070225834846497e-01
8.924999833106994629e+00 9.762790463864803314e-01
8.974999785423278809e+00 9.670945107936859131e-01
9.024999737739562988e+00 9.550164826214313507e-01
9.074999690055847168e+00 9.491964168846607208e-01
9.124999642372131348e+00 9.405141845345497131e-01
9.174999594688415527e+00 9.329424127936363220e-01
9.224999547004699707e+00 9.281469844281673431e-01
9.275000095367431641e+00 9.212293438613414764e-01
9.325000047683715820e+00 9.179786331951618195e-01
9.375000000000000000e+00 9.138134643435478210e-01
9.424999952316284180e+00 9.132878966629505157e-01
9.474999904632568359e+00 9.093617796897888184e-01
9.524999856948852539e+00 9.103181846439838409e-01
9.574999809265136719e+00 9.088025279343128204e-01
9.624999761581420898e+00 9.105891361832618713e-01
9.674999713897705078e+00 9.101004302501678467e-01
9.724999666213989258e+00 9.107954986393451691e-01
9.774999618530273438e+00 9.118160083889961243e-01
9.824999570846557617e+00 9.147482030093669891e-01
9.874999523162841797e+00 9.164237305521965027e-01
9.924999475479125977e+00 9.205128140747547150e-01
9.975000023841857910e+00 9.231819324195384979e-01
1.002500057220458984e+01 9.293007217347621918e-01
1.007499933242797852e+01 9.318237826228141785e-01
1.012500047683715820e+01 9.388310238718986511e-01
1.017499923706054688e+01 9.437575712800025940e-01
1.022500038146972656e+01 9.493584744632244110e-01
1.027499914169311523e+01 9.540519751608371735e-01
1.032500028610229492e+01 9.611180722713470459e-01
1.037499904632568359e+01 9.672415405511856079e-01
1.042500019073486328e+01 9.755053445696830750e-01
1.047499895095825195e+01 9.765287749469280243e-01
1.052500009536743164e+01 9.858313091099262238e-01
1.057499885559082031e+01 9.919723197817802429e-01
1.062500000000000000e+01 9.948676712810993195e-01
1.067499876022338867e+01 1.004799429327249527e+00
1.072499990463256836e+01 1.008324824273586273e+00
1.077499866485595703e+01 1.012733701616525650e+00
1.082499980926513672e+01 1.017344214022159576e+00
1.087499976158142090e+01 1.021472230553627014e+00
1.092499971389770508e+01 1.027098841965198517e+00
1.097500085830688477e+01 1.029810182750225067e+00
1.102499961853027344e+01 1.036732785403728485e+00
1.107500076293945312e+01 1.036802984774112701e+00
1.112499952316284180e+01 1.042195267975330353e+00
1.117500066757202148e+01 1.044968277215957642e+00
1.122499942779541016e+01 1.043571628630161285e+00
1.127500057220458984e+01 1.047153793275356293e+00
1.132499933242797852e+01 1.049032971262931824e+00
1.137500047683715820e+01 1.048354290425777435e+00
1.142499923706054688e+01 1.046950027346611023e+00
1.147500038146972656e+01 1.051409773528575897e+00
1.152499914169311523e+01 1.047691471874713898e+00
1.157500028610229492e+01 1.047593705356121063e+00
1.162499904632568359e+01 1.046161755919456482e+00
1.167500019073486328e+01 1.043177761137485504e+00
1.172499895095825195e+01 1.041589908301830292e+00
1.177500009536743164e+01 1.042281597852706909e+00
1.182499885559082031e+01 1.038392253220081329e+00
1.187500000000000000e+01 1.038055472075939178e+00
1.192499876022338867e+01 1.032731510698795319e+00
1.197499990463256836e+01 1.031421720981597900e+00
1.202499866485595703e+01 1.028196983039379120e+00
1.207499980926513672e+01 1.024114698171615601e+00
1.212499856948852539e+01 1.021789684891700745e+00
1.217499971389770508e+01 1.016759175807237625e+00
1.222500085830688477e+01 1.015550076961517334e+00
1.227499961853027344e+01 1.010473277419805527e+00
1.232500076293945312e+01 1.008255168795585632e+00
1.237499952316284180e+01 1.004711471498012543e+00
1.242500066757202148e+01 1.002436451613903046e+00
1.247499942779541016e+01 9.962328635156154633e-01
