1.369482710957527161e+00 9.797190476579288620e-05
1.372759208083152771e+00 5.364556995947985276e-05
1.376035705208778381e+00 1.013592143717300872e-04
1.379312202334403992e+00 1.365778149981576963e-04
1.382588699460029602e+00 2.288079260684914022e-04
1.385865196585655212e+00 3.435844678150693659e-04
1.389141693711280823e+00 6.016509850079005631e-04
1.392418190836906433e+00 1.503513919566369390e-03
1.395694687962532043e+00 1.958037120913729695e-03
1.398971185088157654e+00 3.368612964918014843e-03
1.402247682213783264e+00 4.434868555613992978e-03
1.405524179339408875e+00 6.222300861887864083e-03
1.408800676465034485e+00 9.088532043259614501e-03
1.412077173590660095e+00 1.294376840605716318e-02
1.415353670716285706e+00 1.893105642402589592e-02
1.418630167841911316e+00 2.810040799390196159e-02
1.421906664967536926e+00 4.149676223612908804e-02
1.425183162093162537e+00 5.687129392925348303e-02
1.428459659218788147e+00 7.606020383950144736e-02
1.431736156344413757e+00 1.122768435182409791e-01
1.435012653470039368e+00 1.511784703994186185e-01
1.438289150595664978e+00 2.048460875123205294e-01
1.441565647721290588e+00 2.722547656707146047e-01
1.444842144846916199e+00 3.647824399953698560e-01
1.448118641972541809e+00 4.625384896450926986e-01
1.451395139098167419e+00 6.154567617618119657e-01
1.454671636223793030e+00 7.816464764989152769e-01
1.457948133349418640e+00 9.702412957150866601e-01
1.461224630475044250e+00 1.227464953495540634e+00
1.464501127600669861e+00 1.520093680148645987e+00
1.467777624726295471e+00 1.851841470607440421e+00
1.471054121851921082e+00 2.272796525985425031e+00
1.474330618977546692e+00 2.701529893338593613e+00
1.477607116103172302e+00 3.169032133400232265e+00
1.480883613228797913e+00 3.783316501261283715e+00
1.484160110354423523e+00 4.376855955318271540e+00
1.487436607480049133e+00 5.050232071743323559e+00
1.490713104605674744e+00 5.746229121680554996e+00
1.493989601731300354e+00 6.519718684725069657e+00
1.497266098856925964e+00 7.189695498043162658e+00
1.500542595982551575e+00 8.048505327921230190e+00
1.503819093108177185e+00 8.770167684870184388e+00
1.507095590233802795e+00 9.465692785377587626e+00
1.510372087359428406e+00 1.012975839333817696e+01
1.513648584485054016e+00 1.078204184519709408e+01
1.516925081610679626e+00 1.122850306989842828e+01
1.520201578736305237e+00 1.165409057959192118e+01
1.523478075861930847e+00 1.199094049548670782e+01
1.526754572987556458e+00 1.216890532000855707e+01
1.530031070113182068e+00 1.228556139223112531e+01
1.533307567238807678e+00 1.214512297592191636e+01
1.536584064364433289e+00 1.202383584073304945e+01
1.539860561490058899e+00 1.171663747866210414e+01
1.543137058615684509e+00 1.141044582059683243e+01
1.546413555741310120e+00 1.074662554224044086e+01
1.549690052866935730e+00 1.026634134078757477e+01
1.552966549992561340e+00 9.629649897061732133e+00
1.556243047118186951e+00 8.879398915672382486e+00
1.559519544243812561e+00 8.100134879085715056e+00
1.562796041369438171e+00 7.380482240812315631e+00
1.566072538495063782e+00 6.632660693096092963e+00
1.569349035620689392e+00 5.868990272010737641e+00
1.572625532746315002e+00 5.170590593952621994e+00
1.575902029871940613e+00 4.494109241751106154e+00
1.579178526997566223e+00 3.871041092443388010e+00
1.582455024123191833e+00 3.310255988370010893e+00
1.585731521248817444e+00 2.773931139970397641e+00
1.589008018374443054e+00 2.326069951614715414e+00
1.592284515500068665e+00 1.956174116667502183e+00
1.595561012625694275e+00 1.584564825422144496e+00
1.598837509751319885e+00 1.270965927597140999e+00
1.602114006876945496e+00 1.023858398886936083e+00
1.605390504002571106e+00 8.200592513206009793e-01
1.608667001128196716e+00 6.424841465134251139e-01
1.611943498253822327e+00 4.965292279397924280e-01
1.615219995379447937e+00 3.799649369365180607e-01
1.618496492505073547e+00 2.917507210240553039e-01
1.621772989630699158e+00 2.217194068198076740e-01
1.625049486756324768e+00 1.660111796876514723e-01
1.628325983881950378e+00 1.234545766972492964e-01
1.631602481007575989e+00 8.902423712679044532e-02
1.634878978133201599e+00 6.575056007237184419e-02
1.638155475258827209e+00 4.463121718739418431e-02
1.641431972384452820e+00 3.233288166390025503e-02
1.644708469510078430e+00 2.162719760497621574e-02
1.647984966635704041e+00 1.453378513859886201e-02
1.651261463761329651e+00 1.069721332800593720e-02
1.654537960886955261e+00 7.861800206322015414e-03
1.657814458012580872e+00 4.912471870727796140e-03
1.661090955138206482e+00 3.768495765934668298e-03
1.664367452263832092e+00 2.143325954870994952e-03
1.667643949389457703e+00 9.260051642579566642e-04
1.670920446515083313e+00 8.111837225245320006e-04
1.674196943640708923e+00 5.104675788230580774e-04
1.677473440766334534e+00 2.811621537517174150e-04
1.680749937891960144e+00 1.249886252748466328e-04
1.684026435017585754e+00 1.995440717813788949e-04
1.687302932143211365e+00 2.154304897032957523e-04
1.690579429268836975e+00 3.150820769517754806e-05
1.693855926394462585e+00 6.414112526552482197e-05
