9.417996329069138195e-01 5.661383326101936255e-05
9.447617298364638927e-01 7.231555540887716206e-05
9.477238267660141879e-01 6.060227594607932777e-05
9.506859236955642611e-01 1.622583477433817286e-04
9.536480206251144454e-01 1.805241884774047394e-04
9.566101175546646296e-01 3.248462949663564613e-04
9.595722144842147028e-01 4.210936609244241729e-04
9.625343114137649980e-01 8.539514914562386979e-04
9.654964083433150712e-01 1.277633083469067402e-03
9.684585052728653665e-01 1.981930304585638632e-03
9.714206022024154397e-01 2.990240237155385086e-03
9.743826991319657349e-01 4.817980604189329996e-03
9.773447960615158081e-01 6.765876804454127105e-03
9.803068929910658813e-01 9.961970025560115335e-03
9.832689899206161765e-01 1.458251455759176571e-02
9.862310868501662497e-01 2.148238168608969725e-02
9.891931837797165450e-01 3.094702368807264806e-02
9.921552807092666182e-01 4.314043544712355821e-02
9.951173776388169134e-01 6.178043920450389248e-02
9.980794745683669866e-01 8.303295823151837785e-02
1.001041571497917282e+00 1.189034244325751638e-01
1.004003668427467355e+00 1.559971952216945290e-01
1.006965765357017428e+00 2.128008866733908933e-01
1.009927862286567724e+00 2.739668070300330105e-01
1.012889959216118019e+00 3.793911789829332859e-01
1.015852056145667870e+00 4.837152613210881635e-01
1.018814153075218165e+00 6.248925229657898983e-01
1.021776250004768460e+00 8.184635510193515318e-01
1.024738346934318534e+00 1.016901298576801782e+00
1.027700443863868607e+00 1.268775542800034239e+00
1.030662540793418902e+00 1.591862550693977640e+00
1.033624637722969197e+00 1.978996962532539206e+00
1.036586734652519270e+00 2.327209223435347418e+00
1.039548831582069344e+00 2.818220381145151165e+00
1.042510928511619639e+00 3.431529906767901927e+00
1.045473025441169712e+00 3.937651721840226937e+00
1.048435122370719785e+00 4.661428262586587934e+00
1.051397219300270081e+00 5.411152300925849090e+00
1.054359316229820376e+00 6.190802023799148124e+00
1.057321413159370449e+00 6.932616596768673034e+00
1.060283510088920522e+00 7.705366684215766426e+00
1.063245607018470817e+00 8.680692142562895341e+00
1.066207703948020891e+00 9.327762260537710404e+00
1.069169800877570964e+00 1.020603372721786961e+01
1.072131897807121259e+00 1.087052122292637968e+01
1.075093994736671554e+00 1.178269165004590491e+01
1.078056091666221628e+00 1.218447209735657388e+01
1.081018188595771701e+00 1.265080401823084166e+01
1.083980285525321996e+00 1.325981153683640379e+01
1.086942382454872069e+00 1.331994764586514712e+01
1.089904479384422142e+00 1.345447717361460604e+01
1.092866576313972438e+00 1.356955431508600718e+01
1.095828673243522733e+00 1.328768612198986077e+01
1.098790770173072806e+00 1.303692627609419574e+01
1.101752867102622879e+00 1.264409093404459128e+01
1.104714964032173175e+00 1.229435045752323141e+01
1.107677060961723470e+00 1.132118286355023606e+01
1.110639157891273543e+00 1.103384294458259163e+01
1.113601254820823616e+00 1.003482582982586990e+01
1.116563351750373911e+00 9.122055229540421806e+00
1.119525448679923985e+00 8.500385835465010587e+00
1.122487545609474058e+00 7.596008925083897800e+00
1.125449642539024353e+00 6.758965723906975143e+00
1.128411739468574648e+00 5.937531904733308608e+00
1.131373836398124721e+00 5.316595375670319257e+00
1.134335933327674795e+00 4.483573130980708754e+00
1.137298030257225090e+00 3.819216746573487420e+00
1.140260127186775163e+00 3.323859686343383579e+00
1.143222224116325236e+00 2.727489250369989904e+00
1.146184321045875532e+00 2.275183788031577059e+00
1.149146417975425827e+00 1.866253404713700270e+00
1.152108514904975900e+00 1.521211916177056755e+00
1.155070611834525973e+00 1.242393251954654776e+00
1.158032708764076268e+00 9.597819072706492705e-01
1.160994805693626342e+00 7.812831009774694468e-01
1.163956902623176415e+00 6.014558661081897961e-01
1.166918999552726710e+00 4.669386611725421243e-01
1.169881096482277005e+00 3.520797599861752447e-01
1.172843193411827079e+00 2.726712620444136648e-01
1.175805290341377152e+00 2.013498361057436958e-01
1.178767387270927447e+00 1.465912284740327476e-01
1.181729484200477742e+00 1.079954478598329493e-01
1.184691581130027815e+00 7.934763243149625667e-02
1.187653678059577889e+00 5.603978117148521870e-02
1.190615774989128184e+00 4.126164240334997957e-02
1.193577871918678257e+00 2.894061260750372538e-02
1.196539968848228330e+00 1.930426553000789275e-02
1.199502065777778625e+00 1.420039740121564233e-02
1.202464162707328921e+00 9.132028944825237513e-03
1.205426259636878994e+00 6.157230558435980265e-03
1.208388356566429067e+00 4.052173764427111947e-03
1.211350453495979362e+00 2.752217015758673824e-03
1.214312550425529436e+00 2.008537113056400956e-03
1.217274647355079509e+00 1.283289635665949956e-03
1.220236744284629804e+00 6.858569924343901891e-04
1.223198841214180099e+00 4.752932975022765077e-04
1.226160938143730172e+00 1.966911540713569954e-04
1.229123035073280246e+00 1.397188558852698764e-04
1.232085132002830541e+00 1.571962514805211309e-04
1.235047228932380614e+00 5.913523406115519832e-05
