8.360035276412963734e-01 1.652347119219763647e-05
8.385197687149047452e-01 2.846850722251355564e-05
8.410360097885132280e-01 4.851583590362438023e-05
8.435522508621215998e-01 8.178200579043898061e-05
8.460684919357299716e-01 1.363601321070213152e-04
8.485847330093383434e-01 2.248912118683824425e-04
8.511009740829467152e-01 3.668706525174257149e-04
8.536172151565551980e-01 5.919825097386298982e-04
8.561334562301635698e-01 9.448441859533284956e-04
8.586496973037719416e-01 1.491649993062514872e-03
8.611659383773804244e-01 2.329319604284904501e-03
8.636821794509887962e-01 3.597879793294925851e-03
8.661984205245971680e-01 5.496922737148670669e-03
8.687146615982055398e-01 8.307073099754950715e-03
8.712309026718139116e-01 1.241743363461409420e-02
8.737471437454223944e-01 1.835993244969601201e-02
8.762633848190307662e-01 2.685132532521735532e-02
8.787796258926391380e-01 3.884327055781972016e-02
8.812958669662475097e-01 5.558034897713803185e-02
8.838121080398559926e-01 7.866511189031820395e-02
8.863283491134643644e-01 1.101281835775712731e-01
8.888445901870727361e-01 1.525001263784092342e-01
8.913608312606811079e-01 2.088802348091303440e-01
8.938770723342895907e-01 2.829957454829091779e-01
8.963933134078979625e-01 3.792432693806976896e-01
8.989095544815063343e-01 5.027027642474768410e-01
9.014257955551147061e-01 6.591133084399879438e-01
9.039420366287231889e-01 8.547995880418398640e-01
9.064582777023315607e-01 1.096538649103912633e+00
9.089745187759399325e-01 1.391358351132053306e+00
9.114907598495483043e-01 1.746262269287681246e+00
9.140070009231566761e-01 2.167880594884378898e+00
9.165232419967651589e-01 2.662052776792633413e+00
9.190394830703735307e-01 3.233354933387864616e+00
9.215557241439819025e-01 3.884592937498825727e+00
9.240719652175903853e-01 4.616289828495152570e+00
9.265882062911987571e-01 5.426202974775206300e+00
9.291044473648071289e-01 6.308911257461010003e+00
9.316206884384155007e-01 7.255514560700406790e+00
9.341369295120238725e-01 8.253486275531042082e+00
9.366531705856323553e-01 9.286713870957429506e+00
9.391694116592407271e-01 1.033575276593054504e+01
9.416856527328490989e-01 1.137830512441385089e+01
9.442018938064574707e-01 1.238991865943369675e+01
9.467181348800659535e-01 1.334488239019648859e+01
9.492343759536743253e-01 1.421727821437353967e+01
9.517506170272826971e-01 1.498213098044246827e+01
9.542668581008910689e-01 1.561658728757274162e+01
9.567830991744995517e-01 1.610104606181301889e+01
9.592993402481079235e-01 1.642016314799094800e+01
9.618155813217162953e-01 1.656365817351884218e+01
9.643318223953246671e-01 1.652686451326938766e+01
9.668480634689331499e-01 1.631098131518339756e+01
9.693643045425415217e-01 1.592300860011316921e+01
9.718805456161498935e-01 1.537537033565967093e+01
9.743967866897582653e-01 1.468525379612452575e+01
9.769130277633666370e-01 1.387371420868108096e+01
9.794292688369751199e-01 1.296460971825062281e+01
9.819455099105834917e-01 1.198344168778169916e+01
9.844617509841918634e-01 1.095617857876077927e+01
9.869779920578002352e-01 9.908138160373011871e+00
9.894942331314087181e-01 8.862993305465147742e+00
9.920104742050170898e-01 7.841952451956564651e+00
9.945267152786254616e-01 6.863148629873465190e+00
9.970429563522338334e-01 5.941252630988190120e+00
9.995591974258423162e-01 5.087308225307556775e+00
1.002075438499450577e+00 4.308771847810088929e+00
1.004591679573059171e+00 3.609727033985562272e+00
1.007107920646667321e+00 2.991235741429344230e+00
1.009624161720275914e+00 2.451784735724860553e+00
1.012140402793884286e+00 1.987785179860004581e+00
1.014656643867492658e+00 1.594086837548375213e+00
1.017172884941101252e+00 1.264474044879153380e+00
1.019689126014709402e+00 9.921178848840690456e-01
1.022205367088317995e+00 7.699668972138060674e-01
1.024721608161926145e+00 5.910663641580961025e-01
1.027237849235534739e+00 4.488031052187355652e-01
1.029754090309142889e+00 3.370783633278222058e-01
1.032270331382751483e+00 2.504155628849558113e-01
1.034786572456359854e+00 1.840124346493065277e-01
1.037302813529968226e+00 1.337483530562214862e-01
1.039819054603576820e+00 9.615793547521846174e-02
1.042335295677184970e+00 6.838128125098279220e-02
1.044851536750793564e+00 4.809996422003059297e-02
1.047367777824401713e+00 3.346629914635905478e-02
1.049884018898010307e+00 2.303170239966082292e-02
1.052400259971618457e+00 1.567833023097984710e-02
1.054916501045227051e+00 1.055671971859352583e-02
1.057432742118835423e+00 7.030943218846039816e-03
1.059948983192443794e+00 4.631840609774378476e-03
1.062465224266052388e+00 3.018207108077149842e-03
1.064981465339660538e+00 1.945359566625983567e-03
1.067497706413269132e+00 1.240241183626070946e-03
1.070013947486877282e+00 7.821099805171241072e-04
1.072530188560485875e+00 4.878484432018653804e-04
1.075046429634094247e+00 3.009937202944567257e-04
1.077562670707702619e+00 1.836899357982731639e-04
1.080078911781310991e+00 1.108839544659831261e-04
1.082595152854919363e+00 6.620754209138066636e-05
1.085111393928527956e+00 3.910224034130971283e-05
