8.360035276412963734e-01 8.650127491243807373e-05
8.385197687149047452e-01 7.543993454470151010e-06
8.410360097885132280e-01 1.247832721535253772e-07
8.435522508621215998e-01 4.680294045888222168e-05
8.460684919357299716e-01 2.377280018360313114e-04
8.485847330093383434e-01 6.591910010660156005e-05
8.511009740829467152e-01 2.648824714564872152e-04
8.536172151565551980e-01 5.085911027251905194e-04
8.561334562301635698e-01 5.834561354167026913e-04
8.586496973037719416e-01 1.101608063328603443e-03
8.611659383773804244e-01 2.039518350513357201e-03
8.636821794509887962e-01 2.982526820818891256e-03
8.661984205245971680e-01 4.283015126821171879e-03
8.687146615982055398e-01 6.778308688531394476e-03
8.712309026718139116e-01 1.184409254815271643e-02
8.737471437454223944e-01 1.592454833448389215e-02
8.762633848190307662e-01 2.080429013186861978e-02
8.787796258926391380e-01 3.566424010724957711e-02
8.812958669662475097e-01 5.091094265679139280e-02
8.838121080398559926e-01 6.881322247199783693e-02
8.863283491134643644e-01 1.032189803543708678e-01
8.888445901870727361e-01 1.367740267564620249e-01
8.913608312606811079e-01 1.940741597927270468e-01
8.938770723342895907e-01 2.614012244042689947e-01
8.963933134078979625e-01 3.510030043755756890e-01
8.989095544815063343e-01 4.710172401958588329e-01
9.014257955551147061e-01 6.264079207935855376e-01
9.039420366287231889e-01 8.101391805544929658e-01
9.064582777023315607e-01 1.032686695197684967e+00
9.089745187759399325e-01 1.332665579759572339e+00
9.114907598495483043e-01 1.672108853062463707e+00
9.140070009231566761e-01 2.154175637516243302e+00
9.165232419967651589e-01 2.538894419925180834e+00
9.190394830703735307e-01 3.109114652105140930e+00
9.215557241439819025e-01 3.827539044409116187e+00
9.240719652175903853e-01 4.547927409310673852e+00
9.265882062911987571e-01 5.286964499673429962e+00
9.291044473648071289e-01 6.121325586643854066e+00
9.316206884384155007e-01 7.236736372755995461e+00
9.341369295120238725e-01 8.138798131903858035e+00
9.366531705856323553e-01 9.235953968566411376e+00
9.391694116592407271e-01 1.004068735412683289e+01
9.416856527328490989e-01 1.143475532209265744e+01
9.442018938064574707e-01 1.240983090413704559e+01
9.467181348800659535e-01 1.306603803950895148e+01
9.492343759536743253e-01 1.430147904670505632e+01
9.517506170272826971e-01 1.492742790789977470e+01
9.542668581008910689e-01 1.567223648928400515e+01
9.567830991744995517e-01 1.611343967192702564e+01
9.592993402481079235e-01 1.626057318728865653e+01
9.618155813217162953e-01 1.668003931899037440e+01
9.643318223953246671e-01 1.666877076631462984e+01
9.668480634689331499e-01 1.610280029256578516e+01
9.693643045425415217e-01 1.572861721891088571e+01
9.718805456161498935e-01 1.554268929223870011e+01
9.743967866897582653e-01 1.444638148451903348e+01
9.769130277633666370e-01 1.398584434456362224e+01
9.794292688369751199e-01 1.273351092563660458e+01
9.819455099105834917e-01 1.187614074434791789e+01
9.844617509841918634e-01 1.106017047647932650e+01
9.869779920578002352e-01 9.640702798193371947e+00
9.894942331314087181e-01 8.744257019434103384e+00
9.920104742050170898e-01 7.748293358963073807e+00
9.945267152786254616e-01 6.679413925950491659e+00
9.970429563522338334e-01 5.814637504311346738e+00
9.995591974258423162e-01 4.984697990301554249e+00
1.002075438499450577e+00 4.182046825722371075e+00
1.004591679573059171e+00 3.506378762117359660e+00
1.007107920646667321e+00 2.889996534859262223e+00
1.009624161720275914e+00 2.336007527224754909e+00
1.012140402793884286e+00 1.939147152146522002e+00
1.014656643867492658e+00 1.505846770228348452e+00
1.017172884941101252e+00 1.201196848269724171e+00
1.019689126014709402e+00 9.470692234788586905e-01
1.022205367088317995e+00 7.295587003293073636e-01
1.024721608161926145e+00 5.650445971935940115e-01
1.027237849235534739e+00 4.182722472545755688e-01
1.029754090309142889e+00 3.163291272519986874e-01
1.032270331382751483e+00 2.395486524896862368e-01
1.034786572456359854e+00 1.741610807050000265e-01
1.037302813529968226e+00 1.180584572323509079e-01
1.039819054603576820e+00 8.760347364025385108e-02
1.042335295677184970e+00 6.475960745625780612e-02
1.044851536750793564e+00 4.481064269608919792e-02
1.047367777824401713e+00 3.089976350299995095e-02
1.049884018898010307e+00 2.119349533436069508e-02
1.052400259971618457e+00 1.515868313931314007e-02
1.054916501045227051e+00 8.952985157881640163e-03
1.057432742118835423e+00 6.322888360785580697e-03
1.059948983192443794e+00 4.162430009950221152e-03
1.062465224266052388e+00 2.030344725681316586e-03
1.064981465339660538e+00 1.303703974351107632e-03
1.067497706413269132e+00 9.018272128347346560e-04
1.070013947486877282e+00 5.107389117120088957e-04
1.072530188560485875e+00 2.655227323282486306e-04
1.075046429634094247e+00 1.827650493964675640e-04
1.077562670707702619e+00 1.294753856427555659e-04
1.080078911781310991e+00 1.384380567893553414e-04
1.082595152854919363e+00 1.113436354931365999e-05
1.085111393928527956e+00 8.650215039873730726e-05
