2.499999944120645523e-02 0.000000000000000000e+00
7.499999832361936569e-02 0.000000000000000000e+00
1.249999925494194031e-01 0.000000000000000000e+00
1.750000007450580597e-01 0.000000000000000000e+00
2.249999903142452240e-01 0.000000000000000000e+00
2.749999985098838806e-01 0.000000000000000000e+00
3.249999880790710449e-01 0.000000000000000000e+00
3.750000149011611938e-01 0.000000000000000000e+00
4.249999672174453735e-01 0.000000000000000000e+00
4.749999940395355225e-01 0.000000000000000000e+00
5.249999836087226868e-01 0.000000000000000000e+00
5.749999731779098511e-01 0.000000000000000000e+00
6.250000000000000000e-01 0.000000000000000000e+00
6.749999523162841797e-01 0.000000000000000000e+00
7.249999791383743286e-01 0.000000000000000000e+00
7.750000059604644775e-01 0.000000000000000000e+00
8.249999582767486572e-01 0.000000000000000000e+00
8.749999850988388062e-01 0.000000000000000000e+00
9.250000119209289551e-01 0.000000000000000000e+00
9.749999642372131348e-01 0.000000000000000000e+00
1.024999916553497314e+00 0.000000000000000000e+00
1.075000017881393433e+00 0.000000000000000000e+00
1.124999970197677612e+00 0.000000000000000000e+00
1.174999922513961792e+00 0.000000000000000000e+00
1.225000023841857910e+00 0.000000000000000000e+00
1.274999976158142090e+00 0.000000000000000000e+00
1.324999928474426270e+00 0.000000000000000000e+00
1.374999880790710449e+00 0.000000000000000000e+00
1.424999982118606567e+00 0.000000000000000000e+00
1.474999934434890747e+00 0.000000000000000000e+00
1.525000035762786865e+00 0.000000000000000000e+00
1.574999988079071045e+00 0.000000000000000000e+00
1.624999940395355225e+00 0.000000000000000000e+00
1.674999892711639404e+00 0.000000000000000000e+00
1.724999994039535522e+00 0.000000000000000000e+00
1.774999946355819702e+00 0.000000000000000000e+00
1.825000047683715820e+00 0.000000000000000000e+00
1.875000000000000000e+00 0.000000000000000000e+00
1.924999952316284180e+00 0.000000000000000000e+00
1.974999904632568359e+00 0.000000000000000000e+00
2.024999856948852539e+00 0.000000000000000000e+00
2.074999958276748657e+00 0.000000000000000000e+00
2.124999910593032837e+00 0.000000000000000000e+00
2.175000011920928955e+00 0.000000000000000000e+00
2.224999964237213135e+00 0.000000000000000000e+00
2.274999916553497314e+00 0.000000000000000000e+00
2.324999868869781494e+00 0.000000000000000000e+00
2.374999970197677612e+00 4.203687649351195432e-05
2.424999922513961792e+00 1.494731199272791855e-03
2.475000023841857910e+00 2.482131932629272342e-02
2.524999976158142090e+00 1.915641240775585175e-01
2.574999928474426270e+00 7.643675971776247025e-01
2.624999880790710449e+00 1.887360285967588425e+00
2.674999833106994629e+00 3.263656973838806152e+00
2.724999785423278809e+00 4.308237001299858093e+00
2.775000035762786865e+00 4.699867814779281616e+00
2.824999988079071045e+00 4.470980659127235413e+00
2.874999940395355225e+00 3.855982951819896698e+00
2.924999892711639404e+00 3.105622276663780212e+00
2.974999845027923584e+00 2.405610442161560059e+00
3.025000095367431641e+00 1.813868928700685501e+00
3.075000047683715820e+00 1.360477004200220108e+00
3.125000000000000000e+00 1.024471214041113853e+00
3.174999952316284180e+00 7.771650627255439758e-01
3.224999904632568359e+00 6.035764962434768677e-01
3.274999856948852539e+00 4.815534688532352448e-01
3.324999809265136719e+00 3.935924815014004707e-01
3.374999761581420898e+00 3.368485458195209503e-01
3.425000011920928955e+00 2.964409543201327324e-01
3.474999964237213135e+00 2.735665421932935715e-01
3.524999916553497314e+00 2.588429907336831093e-01
3.574999868869781494e+00 2.512047877535223961e-01
3.624999821186065674e+00 2.547126892022788525e-01
3.675000071525573730e+00 2.611166429705917835e-01
3.725000023841857910e+00 2.695577181875705719e-01
3.774999976158142090e+00 2.879429487511515617e-01
3.824999928474426270e+00 3.027853136882185936e-01
3.874999880790710449e+00 3.244866356253623962e-01
3.924999833106994629e+00 3.447062084451317787e-01
3.974999785423278809e+00 3.727175761014223099e-01
4.024999737739562988e+00 4.026602553203701973e-01
4.074999988079071045e+00 4.326996104791760445e-01
4.124999940395355225e+00 4.673646576702594757e-01
4.174999892711639404e+00 5.018807500600814819e-01
4.224999845027923584e+00 5.394251588732004166e-01
4.274999797344207764e+00 5.852203499525785446e-01
4.325000047683715820e+00 6.326820608228445053e-01
4.375000000000000000e+00 6.841379851102828979e-01
4.424999952316284180e+00 7.370530031621456146e-01
4.474999904632568359e+00 7.892483267933130264e-01
4.524999856948852539e+00 8.421891275793313980e-01
4.574999809265136719e+00 8.920652698725461960e-01
4.624999761581420898e+00 9.302524626255035400e-01
4.675000011920928955e+00 9.623913131654262543e-01
4.724999964237213135e+00 9.868613965809345245e-01
4.774999916553497314e+00 1.011800892651081085e+00
4.824999868869781494e+00 1.026698784902691841e+00
4.874999821186065674e+00 1.032669760286808014e+00
4.924999773502349854e+00 1.039738722145557404e+00
4.975000023841857910e+00 1.043063517659902573e+00
5.024999976158142090e+00 1.041903801262378693e+00
5.074999928474426270e+00 1.040972493588924408e+00
5.124999880790710449e+00 1.033585917204618454e+00
5.174999833106994629e+00 1.029200181365013123e+00
5.224999785423278809e+00 1.018108313903212547e+00
5.274999737739562988e+00 1.005949931219220161e+00
5.324999690055847168e+00 9.939346555620431900e-01
5.374999642372131348e+00 9.766843374818563461e-01
5.425000190734863281e+00 9.664066974073648453e-01
5.475000143051147461e+00 9.507571402937173843e-01
5.525000095367431641e+00 9.385259300470352173e-01
5.575000047683715820e+00 9.274606071412563324e-01
5.625000000000000000e+00 9.186055306345224380e-01
5.674999952316284180e+00 9.084249865263700485e-01
5.724999904632568359e+00 9.057841263711452484e-01
5.774999856948852539e+00 9.019181858748197556e-01
5.824999809265136719e+00 8.990465123206377029e-01
5.874999761581420898e+00 8.978798910975456238e-01
5.924999713897705078e+00 9.000910706818103790e-01
5.974999666213989258e+00 9.018816072493791580e-01
6.024999618530273438e+00 9.020847417414188385e-01
6.074999570846557617e+00 9.051745086908340454e-01
6.125000119209289551e+00 9.090838711708784103e-01
6.175000071525573730e+00 9.129468500614166260e-01
6.225000023841857910e+00 9.173026755452156067e-01
6.274999976158142090e+00 9.237890783697366714e-01
6.324999928474426270e+00 9.299281723797321320e-01
6.374999880790710449e+00 9.375105518847703934e-01
6.424999833106994629e+00 9.442742764949798584e-01
6.474999785423278809e+00 9.543061796575784683e-01
6.524999737739562988e+00 9.615667462348937988e-01
6.574999690055847168e+00 9.717671349644660950e-01
6.624999642372131348e+00 9.840836934745311737e-01
6.674999594688415527e+00 9.912485312670469284e-01
6.725000143051147461e+00 1.004086090251803398e+00
6.775000095367431641e+00 1.014485387131571770e+00
6.825000047683715820e+00 1.022473590448498726e+00
6.875000000000000000e+00 1.032440871000289917e+00
6.924999952316284180e+00 1.038819868117570877e+00
6.974999904632568359e+00 1.047838412225246429e+00
7.024999856948852539e+00 1.052146714180707932e+00
7.074999809265136719e+00 1.057441487908363342e+00
7.124999761581420898e+00 1.060910265892744064e+00
7.174999713897705078e+00 1.064466807991266251e+00
7.224999666213989258e+00 1.065384704619646072e+00
7.274999618530273438e+00 1.066203806549310684e+00
7.324999570846557617e+00 1.064363129436969757e+00
7.374999523162841797e+00 1.063233751803636551e+00
7.425000071525573730e+00 1.059780977666378021e+00
7.475000023841857910e+00 1.056991528719663620e+00
7.524999976158142090e+00 1.054090373218059540e+00
7.574999928474426270e+00 1.052793893963098526e+00
7.624999880790710449e+00 1.048461344093084335e+00
7.674999833106994629e+00 1.046971477568149567e+00
7.724999785423278809e+00 1.042741108685731888e+00
7.774999737739562988e+00 1.038096431642770767e+00
7.824999690055847168e+00 1.036283329129219055e+00
7.874999642372131348e+00 1.033238641917705536e+00
7.924999594688415527e+00 1.031951278448104858e+00
7.974999547004699707e+00 1.028942968696355820e+00
8.025000095367431641e+00 1.026310309767723083e+00
8.075000047683715820e+00 1.026171084493398666e+00
8.125000000000000000e+00 1.023604506626725197e+00
8.174999952316284180e+00 1.023940004408359528e+00
8.224999904632568359e+00 1.023378826677799225e+00
8.274999856948852539e+00 1.023332389071583748e+00
8.324999809265136719e+00 1.023634975776076317e+00
8.374999761581420898e+00 1.024310991168022156e+00
8.424999713897705078e+00 1.022807288914918900e+00
8.474999666213989258e+00 1.025401487946510315e+00
8.524999618530273438e+00 1.024051968008279800e+00
8.574999570846557617e+00 1.026820529252290726e+00
8.624999523162841797e+00 1.025513600558042526e+00
8.675000071525573730e+00 1.026413876563310623e+00
8.725000023841857910e+00 1.028686944395303726e+00
8.774999976158142090e+00 1.026801105588674545e+00
8.824999928474426270e+00 1.028605148196220398e+00
8.874999880790710449e+00 1.030395887792110443e+00
8.924999833106994629e+00 1.029867395758628845e+00
8.974999785423278809e+00 1.032012425363063812e+00
9.024999737739562988e+00 1.030302584171295166e+00
9.074999690055847168e+00 1.030705347657203674e+00
9.124999642372131348e+00 1.031934682279825211e+00
9.174999594688415527e+00 1.031490348279476166e+00
9.224999547004699707e+00 1.032370228320360184e+00
9.275000095367431641e+00 1.030352517962455750e+00
9.325000047683715820e+00 1.030802931636571884e+00
9.375000000000000000e+00 1.028918579220771790e+00
9.424999952316284180e+00 1.029778204858303070e+00
9.474999904632568359e+00 1.027209818363189697e+00
9.524999856948852539e+00 1.026902452111244202e+00
9.574999809265136719e+00 1.025274701416492462e+00
9.624999761581420898e+00 1.024920724332332611e+00
9.674999713897705078e+00 1.023366039618849754e+00
9.724999666213989258e+00 1.022436840459704399e+00
9.774999618530273438e+00 1.020162967965006828e+00
9.824999570846557617e+00 1.017638267949223518e+00
9.874999523162841797e+00 1.015370929613709450e+00
9.924999475479125977e+00 1.014785772189497948e+00
9.975000023841857910e+00 1.012436455115675926e+00
1.002500057220458984e+01 1.011259388178586960e+00
1.007499933242797852e+01 1.010927857831120491e+00
1.012500047683715820e+01 1.006852308288216591e+00
1.017499923706054688e+01 1.006605669856071472e+00
1.022500038146972656e+01 1.004570357501506805e+00
1.027499914169311523e+01 1.004044706001877785e+00
1.032500028610229492e+01 1.002980383113026619e+00
1.037499904632568359e+01 1.001989474520087242e+00
1.042500019073486328e+01 9.996815882623195648e-01
1.047499895095825195e+01 9.992940016090869904e-01
1.052500009536743164e+01 9.990208968520164490e-01
1.057499885559082031e+01 9.985207356512546539e-01
1.062500000000000000e+01 9.979975726455450058e-01
1.067499876022338867e+01 9.981755353510379791e-01
1.072499990463256836e+01 9.970607794821262360e-01
1.077499866485595703e+01 9.969446565955877304e-01
1.082499980926513672e+01 9.956069029867649078e-01
1.087499976158142090e+01 9.957562536001205444e-01
1.092499971389770508e+01 9.974655341356992722e-01
1.097500085830688477e+01 9.963300451636314392e-01
1.102499961853027344e+01 9.959411360323429108e-01
1.107500076293945312e+01 9.962978810071945190e-01
1.112499952316284180e+01 9.981192108243703842e-01
1.117500066757202148e+01 9.984517935663461685e-01
1.122499942779541016e+01 9.974063672125339508e-01
1.127500057220458984e+01 9.972939323633909225e-01
1.132499933242797852e+01 9.967720471322536469e-01
1.137500047683715820e+01 9.981073401868343353e-01
1.142499923706054688e+01 9.985838048160076141e-01
1.147500038146972656e+01 9.979828167706727982e-01
1.152499914169311523e+01 9.981289021670818329e-01
1.157500028610229492e+01 9.988221973180770874e-01
1.162499904632568359e+01 9.993293900042772293e-01
1.167500019073486328e+01 9.987291190773248672e-01
1.172499895095825195e+01 9.990804363042116165e-01
1.177500009536743164e+01 9.997231625020503998e-01
1.182499885559082031e+01 9.990407172590494156e-01
1.187500000000000000e+01 1.000278184190392494e+00
1.192499876022338867e+01 9.996233712881803513e-01
1.197499990463256836e+01 1.000134011730551720e+00
1.202499866485595703e+01 1.000118946656584740e+00
1.207499980926513672e+01 1.001904157921671867e+00
1.212499856948852539e+01 1.000185135751962662e+00
1.217499971389770508e+01 1.000626541674137115e+00
1.222500085830688477e+01 1.000257231295108795e+00
1.227499961853027344e+01 9.993288237601518631e-01
1.232500076293945312e+01 1.000980464741587639e+00
1.237499952316284180e+01 1.000186959281563759e+00
1.242500066757202148e+01 1.000272668898105621e+00
1.247499942779541016e+01 1.000945096835494041e+00
