2.499999944120645523e-02 0.000000000000000000e+00
7.499999832361936569e-02 0.000000000000000000e+00
1.249999925494194031e-01 0.000000000000000000e+00
1.750000007450580597e-01 0.000000000000000000e+00
2.249999903142452240e-01 0.000000000000000000e+00
2.749999985098838806e-01 0.000000000000000000e+00
3.249999880790710449e-01 0.000000000000000000e+00
3.750000149011611938e-01 0.000000000000000000e+00
4.249999672174453735e-01 0.000000000000000000e+00
4.749999940395355225e-01 0.000000000000000000e+00
5.249999836087226868e-01 0.000000000000000000e+00
5.749999731779098511e-01 0.000000000000000000e+00
6.250000000000000000e-01 0.000000000000000000e+00
6.749999523162841797e-01 0.000000000000000000e+00
7.249999791383743286e-01 0.000000000000000000e+00
7.750000059604644775e-01 0.000000000000000000e+00
8.249999582767486572e-01 0.000000000000000000e+00
8.749999850988388062e-01 0.000000000000000000e+00
9.250000119209289551e-01 0.000000000000000000e+00
9.749999642372131348e-01 0.000000000000000000e+00
1.024999916553497314e+00 0.000000000000000000e+00
1.075000017881393433e+00 0.000000000000000000e+00
1.124999970197677612e+00 0.000000000000000000e+00
1.174999922513961792e+00 0.000000000000000000e+00
1.225000023841857910e+00 0.000000000000000000e+00
1.274999976158142090e+00 0.000000000000000000e+00
1.324999928474426270e+00 0.000000000000000000e+00
1.374999880790710449e+00 0.000000000000000000e+00
1.424999982118606567e+00 0.000000000000000000e+00
1.474999934434890747e+00 0.000000000000000000e+00
1.525000035762786865e+00 0.000000000000000000e+00
1.574999988079071045e+00 0.000000000000000000e+00
1.624999940395355225e+00 0.000000000000000000e+00
1.674999892711639404e+00 0.000000000000000000e+00
1.724999994039535522e+00 0.000000000000000000e+00
1.774999946355819702e+00 0.000000000000000000e+00
1.825000047683715820e+00 0.000000000000000000e+00
1.875000000000000000e+00 0.000000000000000000e+00
1.924999952316284180e+00 0.000000000000000000e+00
1.974999904632568359e+00 0.000000000000000000e+00
2.024999856948852539e+00 0.000000000000000000e+00
2.074999958276748657e+00 0.000000000000000000e+00
2.124999910593032837e+00 0.000000000000000000e+00
2.175000011920928955e+00 0.000000000000000000e+00
2.224999964237213135e+00 0.000000000000000000e+00
2.274999916553497314e+00 0.000000000000000000e+00
2.324999868869781494e+00 0.000000000000000000e+00
2.374999970197677612e+00 2.083333356495131738e-06
2.424999922513961792e+00 5.625000108011590783e-05
2.475000023841857910e+00 1.012500008073402569e-03
2.524999976158142090e+00 8.858333399984985590e-03
2.574999928474426270e+00 4.174270923249423504e-02
2.624999880790710449e+00 1.268020840361714363e-01
2.674999833106994629e+00 2.797390688210725784e-01
2.724999785423278809e+00 4.896364733576774597e-01
2.775000035762786865e+00 7.263541892170906067e-01
2.824999988079071045e+00 9.593651220202445984e-01
2.874999940395355225e+00 1.167638018727302551e+00
2.924999892711639404e+00 1.340674489736557007e+00
2.974999845027923584e+00 1.479071885347366333e+00
3.025000095367431641e+00 1.586025021970272064e+00
3.075000047683715820e+00 1.668931253254413605e+00
3.125000000000000000e+00 1.733492709696292877e+00
3.174999952316284180e+00 1.783416673541069031e+00
3.224999904632568359e+00 1.823527097702026367e+00
3.274999856948852539e+00 1.856405206024646759e+00
3.324999809265136719e+00 1.884110413491725922e+00
3.374999761581420898e+00 1.908424988389015198e+00
3.425000011920928955e+00 1.930428110063076019e+00
3.474999964237213135e+00 1.951364561915397644e+00
3.524999916553497314e+00 1.971705183386802673e+00
3.574999868869781494e+00 1.991858310997486115e+00
3.624999821186065674e+00 2.013026013970375061e+00
3.675000071525573730e+00 2.035577058792114258e+00
3.725000023841857910e+00 2.059483319520950317e+00
3.774999976158142090e+00 2.085736423730850220e+00
3.824999928474426270e+00 2.113986402750015259e+00
3.874999880790710449e+00 2.145242661237716675e+00
3.924999833106994629e+00 2.179265603423118591e+00
3.974999785423278809e+00 2.217110410332679749e+00
4.024999737739562988e+00 2.259220838546752930e+00
4.074999988079071045e+00 2.305613547563552856e+00
4.124999940395355225e+00 2.357065618038177490e+00
4.174999892711639404e+00 2.413526013493537903e+00
4.224999845027923584e+00 2.475413486361503601e+00
4.274999797344207764e+00 2.544709846377372742e+00
4.325000047683715820e+00 2.620985344052314758e+00
4.375000000000000000e+00 2.705624923110008240e+00
4.424999952316284180e+00 2.798968687653541565e+00
4.474999904632568359e+00 2.901118695735931396e+00
4.524999856948852539e+00 3.012494206428527832e+00
4.574999809265136719e+00 3.133967667818069458e+00
4.624999761581420898e+00 3.262914568185806274e+00
4.675000011920928955e+00 3.398952066898345947e+00
4.724999964237213135e+00 3.541821867227554321e+00
4.774999916553497314e+00 3.691509351134300232e+00
4.824999868869781494e+00 3.846827074885368347e+00
4.874999821186065674e+00 4.006149530410766602e+00
4.924999773502349854e+00 4.169828146696090698e+00
4.975000023841857910e+00 4.337545871734619141e+00
5.024999976158142090e+00 4.508655220270156860e+00
5.074999928474426270e+00 4.682580173015594482e+00
5.124999880790710449e+00 4.858155190944671631e+00
5.174999833106994629e+00 5.037385404109954834e+00
5.224999785423278809e+00 5.217943698167800903e+00
5.274999737739562988e+00 5.399614572525024414e+00
5.324999690055847168e+00 5.582345873117446899e+00
5.374999642372131348e+00 5.765195846557617188e+00
5.425000190734863281e+00 5.949385970830917358e+00
5.475000143051147461e+00 6.133756786584854126e+00
5.525000095367431641e+00 6.318520873785018921e+00
5.575000047683715820e+00 6.504839092493057251e+00
5.625000000000000000e+00 6.692235440015792847e+00
5.674999952316284180e+00 6.880907326936721802e+00
5.724999904632568359e+00 7.072921901941299438e+00
5.774999856948852539e+00 7.267223984003067017e+00
5.824999809265136719e+00 7.464235424995422363e+00
5.874999761581420898e+00 7.664717704057693481e+00
5.924999713897705078e+00 7.869462490081787109e+00
5.974999666213989258e+00 8.077657699584960938e+00
6.024999618530273438e+00 8.289362907409667969e+00
6.074999570846557617e+00 8.505732715129852295e+00
6.125000119209289551e+00 8.727059841156005859e+00
6.175000071525573730e+00 8.952663362026214600e+00
6.225000023841857910e+00 9.182620227336883545e+00
6.274999976158142090e+00 9.419057190418243408e+00
6.324999928474426270e+00 9.659411370754241943e+00
6.374999880790710449e+00 9.906663358211517334e+00
6.424999833106994629e+00 1.015886127948760986e+01
6.474999785423278809e+00 1.041784256696701050e+01
6.524999737739562988e+00 1.068326699733734131e+01
6.574999690055847168e+00 1.095525497198104858e+01
6.624999642372131348e+00 1.123563581705093384e+01
6.674999594688415527e+00 1.152169674634933472e+01
6.725000143051147461e+00 1.181640821695327759e+01
6.775000095367431641e+00 1.211907380819320679e+01
6.825000047683715820e+00 1.242749100923538208e+01
6.875000000000000000e+00 1.274423265457153320e+01
6.924999952316284180e+00 1.306747895479202271e+01
6.974999904632568359e+00 1.339838677644729614e+01
7.024999856948852539e+00 1.373531997203826904e+01
7.074999809265136719e+00 1.407861006259918213e+01
7.124999761581420898e+00 1.442769610881805420e+01
7.174999713897705078e+00 1.478356856107711792e+01
7.224999666213989258e+00 1.514433145523071289e+01
7.274999618530273438e+00 1.551046693325042725e+01
7.324999570846557617e+00 1.588115656375885010e+01
7.374999523162841797e+00 1.625619518756866455e+01
7.425000071525573730e+00 1.663509261608123779e+01
7.475000023841857910e+00 1.701871037483215332e+01
7.524999976158142090e+00 1.740602064132690430e+01
7.574999928474426270e+00 1.779849469661712646e+01
7.624999880790710449e+00 1.819383609294891357e+01
7.674999833106994629e+00 1.859475994110107422e+01
7.724999785423278809e+00 1.899806463718414307e+01
7.774999737739562988e+00 1.940475630760192871e+01
7.824999690055847168e+00 1.981603038311004639e+01
7.874999642372131348e+00 2.023118138313293457e+01
7.924999594688415527e+00 2.065126669406890869e+01
7.974999547004699707e+00 2.107555985450744629e+01
8.025000095367431641e+00 2.150394821166992188e+01
8.075000047683715820e+00 2.193815982341766357e+01
8.125000000000000000e+00 2.237570202350616455e+01
8.174999952316284180e+00 2.281921017169952393e+01
8.224999904632568359e+00 2.326764869689941406e+01
8.274999856948852539e+00 2.372178876399993896e+01
8.324999809265136719e+00 2.418108344078063965e+01
8.374999761581420898e+00 2.464649248123168945e+01
8.424999713897705078e+00 2.511760723590850830e+01
8.474999666213989258e+00 2.559529805183410645e+01
8.524999618530273438e+00 2.607725453376770020e+01
8.574999570846557617e+00 2.656706905364990234e+01
8.624999523162841797e+00 2.706187665462493896e+01
8.675000071525573730e+00 2.756202101707458496e+01
8.725000023841857910e+00 2.806987226009368896e+01
8.774999976158142090e+00 2.858256101608276367e+01
8.824999928474426270e+00 2.910134422779083252e+01
8.874999880790710449e+00 2.962777245044708252e+01
8.924999833106994629e+00 3.015936470031738281e+01
8.974999785423278809e+00 3.069891941547393799e+01
9.024999737739562988e+00 3.124338006973266602e+01
9.074999690055847168e+00 3.179402375221252441e+01
9.124999642372131348e+00 3.235163927078247070e+01
9.174999594688415527e+00 3.291462564468383789e+01
9.224999547004699707e+00 3.348461985588073730e+01
9.275000095367431641e+00 3.405874967575073242e+01
9.325000047683715820e+00 3.463934731483459473e+01
9.375000000000000000e+00 3.522509026527404785e+01
9.424999952316284180e+00 3.581734561920166016e+01
9.474999904632568359e+00 3.641466140747070312e+01
9.524999856948852539e+00 3.701826262474060059e+01
9.574999809265136719e+00 3.762718796730041504e+01
9.624999761581420898e+00 3.824259281158447266e+01
9.674999713897705078e+00 3.886378526687622070e+01
9.724999666213989258e+00 3.949111604690551758e+01
9.774999618530273438e+00 4.012285947799682617e+01
9.824999570846557617e+00 4.075921297073364258e+01
9.874999523162841797e+00 4.140022468566894531e+01
9.924999475479125977e+00 4.204854369163513184e+01
9.975000023841857910e+00 4.270175671577453613e+01
1.002500057220458984e+01 4.336055731773376465e+01
1.007499933242797852e+01 4.402539110183715820e+01
1.012500047683715820e+01 4.469323348999023438e+01
1.017499923706054688e+01 4.536864113807678223e+01
1.022500038146972656e+01 4.604991936683654785e+01
1.027499914169311523e+01 4.673672056198120117e+01
1.032500028610229492e+01 4.742991948127746582e+01
1.037499904632568359e+01 4.812852501869201660e+01
1.042500019073486328e+01 4.883292388916015625e+01
1.047499895095825195e+01 4.954344153404235840e+01
1.052500009536743164e+01 5.026067614555358887e+01
1.057499885559082031e+01 5.098405003547668457e+01
1.062500000000000000e+01 5.171370530128479004e+01
1.067499876022338867e+01 5.245136404037475586e+01
1.072499990463256836e+01 5.319433021545410156e+01
1.077499866485595703e+01 5.394498515129089355e+01
1.082499980926513672e+01 5.470054364204406738e+01
1.087499976158142090e+01 5.546394181251525879e+01
1.092499971389770508e+01 5.623561072349548340e+01
1.097500085830688477e+01 5.701377248764038086e+01
1.102499961853027344e+01 5.779878091812133789e+01
1.107500076293945312e+01 5.859082245826721191e+01
1.112499952316284180e+01 5.939257764816284180e+01
1.117500066757202148e+01 6.020120477676391602e+01
1.122499942779541016e+01 6.101586198806762695e+01
1.127500057220458984e+01 6.183766222000122070e+01
1.132499933242797852e+01 6.266669225692749023e+01
1.137500047683715820e+01 6.350307703018188477e+01
1.142499923706054688e+01 6.434813785552978516e+01
1.147500038146972656e+01 6.519968795776367188e+01
1.152499914169311523e+01 6.605900096893310547e+01
1.157500028610229492e+01 6.692675113677978516e+01
1.162499904632568359e+01 6.780150747299194336e+01
1.167500019073486328e+01 6.868320322036743164e+01
1.172499895095825195e+01 6.957338953018188477e+01
1.177500009536743164e+01 7.047267627716064453e+01
1.182499885559082031e+01 7.137864303588867188e+01
1.187500000000000000e+01 7.229294157028198242e+01
1.192499876022338867e+01 7.321462583541870117e+01
1.197499990463256836e+01 7.414497280120849609e+01
1.202499866485595703e+01 7.508179330825805664e+01
1.207499980926513672e+01 7.602962017059326172e+01
1.212499856948852539e+01 7.698326873779296875e+01
1.217499971389770508e+01 7.794578456878662109e+01
1.222500085830688477e+01 7.891575908660888672e+01
1.227499961853027344e+01 7.989099168777465820e+01
1.232500076293945312e+01 8.087686109542846680e+01
1.237499952316284180e+01 8.186890172958374023e+01
1.242500066757202148e+01 8.287116765975952148e+01
1.247499942779541016e+01 8.388125085830688477e+01
