2.499999944120645523e-02 0.000000000000000000e+00
7.499999832361936569e-02 0.000000000000000000e+00
1.249999925494194031e-01 0.000000000000000000e+00
1.750000007450580597e-01 0.000000000000000000e+00
2.249999903142452240e-01 0.000000000000000000e+00
2.749999985098838806e-01 0.000000000000000000e+00
3.249999880790710449e-01 0.000000000000000000e+00
3.750000149011611938e-01 0.000000000000000000e+00
4.249999672174453735e-01 0.000000000000000000e+00
4.749999940395355225e-01 0.000000000000000000e+00
5.249999836087226868e-01 0.000000000000000000e+00
5.749999731779098511e-01 0.000000000000000000e+00
6.250000000000000000e-01 0.000000000000000000e+00
6.749999523162841797e-01 0.000000000000000000e+00
7.249999791383743286e-01 0.000000000000000000e+00
7.750000059604644775e-01 0.000000000000000000e+00
8.249999582767486572e-01 0.000000000000000000e+00
8.749999850988388062e-01 0.000000000000000000e+00
9.250000119209289551e-01 0.000000000000000000e+00
9.749999642372131348e-01 0.000000000000000000e+00
1.024999916553497314e+00 0.000000000000000000e+00
1.075000017881393433e+00 0.000000000000000000e+00
1.124999970197677612e+00 0.000000000000000000e+00
1.174999922513961792e+00 0.000000000000000000e+00
1.225000023841857910e+00 0.000000000000000000e+00
1.274999976158142090e+00 0.000000000000000000e+00
1.324999928474426270e+00 0.000000000000000000e+00
1.374999880790710449e+00 0.000000000000000000e+00
1.424999982118606567e+00 0.000000000000000000e+00
1.474999934434890747e+00 0.000000000000000000e+00
1.525000035762786865e+00 0.000000000000000000e+00
1.574999988079071045e+00 0.000000000000000000e+00
1.624999940395355225e+00 0.000000000000000000e+00
1.674999892711639404e+00 0.000000000000000000e+00
1.724999994039535522e+00 0.000000000000000000e+00
1.774999946355819702e+00 0.000000000000000000e+00
1.825000047683715820e+00 0.000000000000000000e+00
1.875000000000000000e+00 0.000000000000000000e+00
1.924999952316284180e+00 0.000000000000000000e+00
1.974999904632568359e+00 0.000000000000000000e+00
2.024999856948852539e+00 0.000000000000000000e+00
2.074999958276748657e+00 0.000000000000000000e+00
2.124999910593032837e+00 0.000000000000000000e+00
2.175000011920928955e+00 0.000000000000000000e+00
2.224999964237213135e+00 0.000000000000000000e+00
2.274999916553497314e+00 0.000000000000000000e+00
2.324999868869781494e+00 0.000000000000000000e+00
2.374999970197677612e+00 5.604244597634533420e-05
2.424999922513961792e+00 2.245469535409938544e-03
2.475000023841857910e+00 2.959074277896434069e-02
2.524999976158142090e+00 2.019834648817777634e-01
2.574999928474426270e+00 7.475016228854656219e-01
2.624999880790710449e+00 1.766080908477306366e+00
2.674999833106994629e+00 2.991166368126869202e+00
2.724999785423278809e+00 3.921479538083076477e+00
2.775000035762786865e+00 4.338513135910034180e+00
2.824999988079071045e+00 4.174932479858398438e+00
2.874999940395355225e+00 3.698141738772392273e+00
2.924999892711639404e+00 3.071890667080879211e+00
2.974999845027923584e+00 2.458795517683029175e+00
3.025000095367431641e+00 1.911589674651622772e+00
3.075000047683715820e+00 1.486827284097671509e+00
3.125000000000000000e+00 1.156596370041370392e+00
3.174999952316284180e+00 9.008515924215316772e-01
3.224999904632568359e+00 7.124317735433578491e-01
3.274999856948852539e+00 5.848096683621406555e-01
3.324999809265136719e+00 4.907518252730369568e-01
3.374999761581420898e+00 4.192447643727064133e-01
3.425000011920928955e+00 3.727372828871011734e-01
3.474999964237213135e+00 3.408235069364309311e-01
3.524999916553497314e+00 3.200878873467445374e-01
3.574999868869781494e+00 3.106124773621559143e-01
3.624999821186065674e+00 3.047414384782314301e-01
3.675000071525573730e+00 3.057683855295181274e-01
3.725000023841857910e+00 3.131009135395288467e-01
3.774999976158142090e+00 3.246302623301744461e-01
3.824999928474426270e+00 3.401183374226093292e-01
3.874999880790710449e+00 3.591997623443603516e-01
3.924999833106994629e+00 3.780352231115102768e-01
3.974999785423278809e+00 4.007168747484683990e-01
4.024999737739562988e+00 4.243770595639944077e-01
4.074999988079071045e+00 4.538260977715253830e-01
4.124999940395355225e+00 4.846270997077226639e-01
4.174999892711639404e+00 5.202436298131942749e-01
4.224999845027923584e+00 5.588273108005523682e-01
4.274999797344207764e+00 5.962116122245788574e-01
4.325000047683715820e+00 6.403496600687503815e-01
4.375000000000000000e+00 6.904961764812469482e-01
4.424999952316284180e+00 7.404867671430110931e-01
4.474999904632568359e+00 7.888869009912014008e-01
4.524999856948852539e+00 8.333450295031070709e-01
4.574999809265136719e+00 8.721931949257850647e-01
4.624999761581420898e+00 9.103937447071075439e-01
4.675000011920928955e+00 9.388693347573280334e-01
4.724999964237213135e+00 9.597155898809432983e-01
4.774999916553497314e+00 9.799978323280811310e-01
4.824999868869781494e+00 9.933912158012390137e-01
4.874999821186065674e+00 1.004764113575220108e+00
4.924999773502349854e+00 1.008503556251525879e+00
4.975000023841857910e+00 1.011715479195117950e+00
5.024999976158142090e+00 1.012324716895818710e+00
5.074999928474426270e+00 1.016976110637187958e+00
5.124999880790710449e+00 1.009611770510673523e+00
5.174999833106994629e+00 1.006920792162418365e+00
5.224999785423278809e+00 9.977449588477611542e-01
5.274999737739562988e+00 9.932869635522365570e-01
5.324999690055847168e+00 9.820797406136989594e-01
5.374999642372131348e+00 9.729264602065086365e-01
5.425000190734863281e+00 9.595375061035156250e-01
5.475000143051147461e+00 9.481020458042621613e-01
5.525000095367431641e+00 9.393211863934993744e-01
5.575000047683715820e+00 9.303396157920360565e-01
5.625000000000000000e+00 9.219843558967113495e-01
5.674999952316284180e+00 9.177295416593551636e-01
5.724999904632568359e+00 9.092615060508251190e-01
5.774999856948852539e+00 9.079672172665596008e-01
5.824999809265136719e+00 9.030116461217403412e-01
5.874999761581420898e+00 9.005063362419605255e-01
5.924999713897705078e+00 8.995586447417736053e-01
5.974999666213989258e+00 9.007836729288101196e-01
6.024999618530273438e+00 8.999210111796855927e-01
6.074999570846557617e+00 9.066169783473014832e-01
6.125000119209289551e+00 9.082393050193786621e-01
6.175000071525573730e+00 9.091163948178291321e-01
6.225000023841857910e+00 9.142091386020183563e-01
6.274999976158142090e+00 9.160733669996261597e-01
6.324999928474426270e+00 9.254617393016815186e-01
6.374999880790710449e+00 9.288601689040660858e-01
6.424999833106994629e+00 9.361915849149227142e-01
6.474999785423278809e+00 9.437725767493247986e-01
6.524999737739562988e+00 9.533208981156349182e-01
6.574999690055847168e+00 9.602259323000907898e-01
6.624999642372131348e+00 9.704291708767414093e-01
6.674999594688415527e+00 9.795828163623809814e-01
6.725000143051147461e+00 9.886269532144069672e-01
6.775000095367431641e+00 9.984251260757446289e-01
6.825000047683715820e+00 1.007000766694545746e+00
6.875000000000000000e+00 1.016277249902486801e+00
6.924999952316284180e+00 1.023880265653133392e+00
6.974999904632568359e+00 1.032365165650844574e+00
7.024999856948852539e+00 1.035122446715831757e+00
7.074999809265136719e+00 1.042505286633968353e+00
7.124999761581420898e+00 1.042597435414791107e+00
7.174999713897705078e+00 1.045355156064033508e+00
7.224999666213989258e+00 1.049603447318077087e+00
7.274999618530273438e+00 1.048579014837741852e+00
7.324999570846557617e+00 1.050747118890285492e+00
7.374999523162841797e+00 1.048669427633285522e+00
7.425000071525573730e+00 1.047037757933139801e+00
7.475000023841857910e+00 1.045880146324634552e+00
7.524999976158142090e+00 1.043556667864322662e+00
7.574999928474426270e+00 1.040644794702529907e+00
7.624999880790710449e+00 1.038327455520629883e+00
7.674999833106994629e+00 1.036120377480983734e+00
7.724999785423278809e+00 1.032670825719833374e+00
7.774999737739562988e+00 1.029931820929050446e+00
7.824999690055847168e+00 1.030444301664829254e+00
7.874999642372131348e+00 1.027435615658760071e+00
7.924999594688415527e+00 1.023647591471672058e+00
7.974999547004699707e+00 1.023808181285858154e+00
8.025000095367431641e+00 1.020409367978572845e+00
8.075000047683715820e+00 1.022286355495452881e+00
8.125000000000000000e+00 1.022567182779312134e+00
8.174999952316284180e+00 1.019366137683391571e+00
8.224999904632568359e+00 1.018724229186773300e+00
8.274999856948852539e+00 1.018753781914710999e+00
8.324999809265136719e+00 1.020558930933475494e+00
8.374999761581420898e+00 1.020695872604846954e+00
8.424999713897705078e+00 1.021034270524978638e+00
8.474999666213989258e+00 1.022917166352272034e+00
8.524999618530273438e+00 1.019058801233768463e+00
8.574999570846557617e+00 1.021400667726993561e+00
8.624999523162841797e+00 1.021427474915981293e+00
8.675000071525573730e+00 1.021227158606052399e+00
8.725000023841857910e+00 1.021604746580123901e+00
8.774999976158142090e+00 1.025759331881999969e+00
8.824999928474426270e+00 1.023716218769550323e+00
8.874999880790710449e+00 1.026443943381309509e+00
8.924999833106994629e+00 1.025178804993629456e+00
8.974999785423278809e+00 1.026024781167507172e+00
9.024999737739562988e+00 1.026874192059040070e+00
9.074999690055847168e+00 1.025161571800708771e+00
9.124999642372131348e+00 1.028230302035808563e+00
9.174999594688415527e+00 1.026958629488945007e+00
9.224999547004699707e+00 1.027154169976711273e+00
9.275000095367431641e+00 1.028971076011657715e+00
9.325000047683715820e+00 1.026981279253959656e+00
9.375000000000000000e+00 1.025097727775573730e+00
9.424999952316284180e+00 1.026697218418121338e+00
9.474999904632568359e+00 1.023645944893360138e+00
9.524999856948852539e+00 1.023771613836288452e+00
9.574999809265136719e+00 1.024669557809829712e+00
9.624999761581420898e+00 1.021496511995792389e+00
9.674999713897705078e+00 1.021425269544124603e+00
9.724999666213989258e+00 1.019242465496063232e+00
9.774999618530273438e+00 1.018783904612064362e+00
9.824999570846557617e+00 1.013752087950706482e+00
9.874999523162841797e+00 1.014339562505483627e+00
9.924999475479125977e+00 1.011638958007097244e+00
9.975000023841857910e+00 1.010456722229719162e+00
1.002500057220458984e+01 1.009016837924718857e+00
1.007499933242797852e+01 1.006933089345693588e+00
1.012500047683715820e+01 1.004685491323471069e+00
1.017499923706054688e+01 1.006336554884910583e+00
1.022500038146972656e+01 1.002694264054298401e+00
1.027499914169311523e+01 1.003709550946950912e+00
1.032500028610229492e+01 1.000986576080322266e+00
1.037499904632568359e+01 9.997663721442222595e-01
1.042500019073486328e+01 9.993534162640571594e-01
1.047499895095825195e+01 9.997748620808124542e-01
1.052500009536743164e+01 9.968379065394401550e-01
1.057499885559082031e+01 9.968245662748813629e-01
1.062500000000000000e+01 9.960289783775806427e-01
1.067499876022338867e+01 9.967246167361736298e-01
1.072499990463256836e+01 9.952468797564506531e-01
1.077499866485595703e+01 9.961852133274078369e-01
1.082499980926513672e+01 9.941718466579914093e-01
1.087499976158142090e+01 9.953676424920558929e-01
1.092499971389770508e+01 9.941722117364406586e-01
1.097500085830688477e+01 9.954594075679779053e-01
1.102499961853027344e+01 9.932465106248855591e-01
1.107500076293945312e+01 9.945914447307586670e-01
1.112499952316284180e+01 9.946862161159515381e-01
1.117500066757202148e+01 9.955556131899356842e-01
1.122499942779541016e+01 9.941253028810024261e-01
1.127500057220458984e+01 9.953320696949958801e-01
1.132499933242797852e+01 9.941110461950302124e-01
1.137500047683715820e+01 9.954427964985370636e-01
1.142499923706054688e+01 9.948778189718723297e-01
1.147500038146972656e+01 9.934735074639320374e-01
1.152499914169311523e+01 9.936062842607498169e-01
1.157500028610229492e+01 9.953031502664089203e-01
1.162499904632568359e+01 9.943346194922924042e-01
1.167500019073486328e+01 9.946540668606758118e-01
1.172499895095825195e+01 9.940217472612857819e-01
1.177500009536743164e+01 9.961899816989898682e-01
1.182499885559082031e+01 9.954379983246326447e-01
1.187500000000000000e+01 9.956444762647151947e-01
1.192499876022338867e+01 9.940950982272624969e-01
1.197499990463256836e+01 9.970722943544387817e-01
1.202499866485595703e+01 9.968223236501216888e-01
1.207499980926513672e+01 9.953235574066638947e-01
1.212499856948852539e+01 9.965814389288425446e-01
1.217499971389770508e+01 9.934336580336093903e-01
1.222500085830688477e+01 9.958497211337089539e-01
1.227499961853027344e+01 9.966532997786998749e-01
1.232500076293945312e+01 9.957976303994655609e-01
1.237499952316284180e+01 9.959049522876739502e-01
1.242500066757202148e+01 9.967986531555652618e-01
1.247499942779541016e+01 9.965351521968841553e-01
