2.499999944120645523e-02 0.000000000000000000e+00
7.499999832361936569e-02 0.000000000000000000e+00
1.249999925494194031e-01 0.000000000000000000e+00
1.750000007450580597e-01 0.000000000000000000e+00
2.249999903142452240e-01 0.000000000000000000e+00
2.749999985098838806e-01 0.000000000000000000e+00
3.249999880790710449e-01 0.000000000000000000e+00
3.750000149011611938e-01 0.000000000000000000e+00
4.249999672174453735e-01 0.000000000000000000e+00
4.749999940395355225e-01 0.000000000000000000e+00
5.249999836087226868e-01 0.000000000000000000e+00
5.749999731779098511e-01 0.000000000000000000e+00
6.250000000000000000e-01 0.000000000000000000e+00
6.749999523162841797e-01 0.000000000000000000e+00
7.249999791383743286e-01 0.000000000000000000e+00
7.750000059604644775e-01 0.000000000000000000e+00
8.249999582767486572e-01 0.000000000000000000e+00
8.749999850988388062e-01 0.000000000000000000e+00
9.250000119209289551e-01 0.000000000000000000e+00
9.749999642372131348e-01 0.000000000000000000e+00
1.024999916553497314e+00 0.000000000000000000e+00
1.075000017881393433e+00 0.000000000000000000e+00
1.124999970197677612e+00 0.000000000000000000e+00
1.174999922513961792e+00 0.000000000000000000e+00
1.225000023841857910e+00 0.000000000000000000e+00
1.274999976158142090e+00 0.000000000000000000e+00
1.324999928474426270e+00 0.000000000000000000e+00
1.374999880790710449e+00 0.000000000000000000e+00
1.424999982118606567e+00 0.000000000000000000e+00
1.474999934434890747e+00 0.000000000000000000e+00
1.525000035762786865e+00 0.000000000000000000e+00
1.574999988079071045e+00 0.000000000000000000e+00
1.624999940395355225e+00 0.000000000000000000e+00
1.674999892711639404e+00 0.000000000000000000e+00
1.724999994039535522e+00 0.000000000000000000e+00
1.774999946355819702e+00 0.000000000000000000e+00
1.825000047683715820e+00 0.000000000000000000e+00
1.875000000000000000e+00 0.000000000000000000e+00
1.924999952316284180e+00 0.000000000000000000e+00
1.974999904632568359e+00 0.000000000000000000e+00
2.024999856948852539e+00 0.000000000000000000e+00
2.074999958276748657e+00 0.000000000000000000e+00
2.124999910593032837e+00 0.000000000000000000e+00
2.175000011920928955e+00 0.000000000000000000e+00
2.224999964237213135e+00 0.000000000000000000e+00
2.274999916553497314e+00 0.000000000000000000e+00
2.324999868869781494e+00 0.000000000000000000e+00
2.374999970197677612e+00 1.996007995330728590e-06
2.424999922513961792e+00 8.582834379922132939e-05
2.475000023841857910e+00 1.237025935552082956e-03
2.524999976158142090e+00 9.414670814294368029e-03
2.574999928474426270e+00 4.089046944864094257e-02
2.624999880790710449e+00 1.181726548820734024e-01
2.674999833106994629e+00 2.540973033756017685e-01
2.724999785423278809e+00 4.390199594199657440e-01
2.775000035762786865e+00 6.511841267347335815e-01
2.824999988079071045e+00 8.627694547176361084e-01
2.874999940395355225e+00 1.056887969374656677e+00
2.924999892711639404e+00 1.223791427910327911e+00
2.974999845027923584e+00 1.361988291144371033e+00
3.025000095367431641e+00 1.473074115812778473e+00
3.075000047683715820e+00 1.562354803085327148e+00
3.125000000000000000e+00 1.634086340665817261e+00
3.174999952316284180e+00 1.691756494343280792e+00
3.224999904632568359e+00 1.738809898495674133e+00
3.274999856948852539e+00 1.778643719851970673e+00
3.324999809265136719e+00 1.813098318874835968e+00
3.374999761581420898e+00 1.843426682054996490e+00
3.425000011920928955e+00 1.871195144951343536e+00
3.474999964237213135e+00 1.897332854568958282e+00
3.524999916553497314e+00 1.922589838504791260e+00
3.574999868869781494e+00 1.947799421846866608e+00
3.624999821186065674e+00 1.973230563104152679e+00
3.675000071525573730e+00 1.999455623328685760e+00
3.725000023841857910e+00 2.027044460177421570e+00
3.774999976158142090e+00 2.056422695517539978e+00
3.824999928474426270e+00 2.088021963834762573e+00
3.874999880790710449e+00 2.122273474931716919e+00
3.924999833106994629e+00 2.159256041049957275e+00
3.974999785423278809e+00 2.199465125799179077e+00
4.024999737739562988e+00 2.243123814463615417e+00
4.074999988079071045e+00 2.290980592370033264e+00
4.124999940395355225e+00 2.343348369002342224e+00
4.174999892711639404e+00 2.400936171412467957e+00
4.224999845027923584e+00 2.464284002780914307e+00
4.274999797344207764e+00 2.533479630947113037e+00
4.325000047683715820e+00 2.609545513987541199e+00
4.375000000000000000e+00 2.693475157022476196e+00
4.424999952316284180e+00 2.785550504922866821e+00
4.474999904632568359e+00 2.885873854160308838e+00
4.524999856948852539e+00 2.994230136275291443e+00
4.574999809265136719e+00 3.110161274671554565e+00
4.624999761581420898e+00 3.233827680349349976e+00
4.675000011920928955e+00 3.364129334688186646e+00
4.724999964237213135e+00 3.500195696949958801e+00
4.774999916553497314e+00 3.642092689871788025e+00
4.824999868869781494e+00 3.788957208395004272e+00
4.874999821186065674e+00 3.940599948167800903e+00
4.924999773502349854e+00 4.095944732427597046e+00
4.975000023841857910e+00 4.254960954189300537e+00
5.024999976158142090e+00 4.417287111282348633e+00
5.074999928474426270e+00 4.583625942468643188e+00
5.124999880790710449e+00 4.752023667097091675e+00
5.174999833106994629e+00 4.923266142606735229e+00
5.224999785423278809e+00 5.096247464418411255e+00
5.274999737739562988e+00 5.271758675575256348e+00
5.324999690055847168e+00 5.448600053787231445e+00
5.374999642372131348e+00 5.627097606658935547e+00
5.425000190734863281e+00 5.806431919336318970e+00
5.475000143051147461e+00 5.986906737089157104e+00
5.525000095367431641e+00 6.168988794088363647e+00
5.575000047683715820e+00 6.352611511945724487e+00
5.625000000000000000e+00 6.537864953279495239e+00
5.674999952316284180e+00 6.725553870201110840e+00
5.724999904632568359e+00 6.914804637432098389e+00
5.774999856948852539e+00 7.107106506824493408e+00
5.824999809265136719e+00 7.301677823066711426e+00
5.874999761581420898e+00 7.499050587415695190e+00
5.924999713897705078e+00 7.699595034122467041e+00
5.974999666213989258e+00 7.903813093900680542e+00
6.024999618530273438e+00 8.111259877681732178e+00
6.074999570846557617e+00 8.323740243911743164e+00
6.125000119209289551e+00 8.540120422840118408e+00
6.175000071525573730e+00 8.760258316993713379e+00
6.225000023841857910e+00 8.985225379467010498e+00
6.274999976158142090e+00 9.214291155338287354e+00
6.324999928474426270e+00 9.449403226375579834e+00
6.374999880790710449e+00 9.689126133918762207e+00
6.424999833106994629e+00 9.934544324874877930e+00
6.474999785423278809e+00 1.018581044673919678e+01
6.524999737739562988e+00 1.044356054067611694e+01
6.574999690055847168e+00 1.070717012882232666e+01
6.624999642372131348e+00 1.097765123844146729e+01
6.674999594688415527e+00 1.125482517480850220e+01
6.725000143051147461e+00 1.153875851631164551e+01
6.775000095367431641e+00 1.182978928089141846e+01
6.825000047683715820e+00 1.212766033411026001e+01
6.875000000000000000e+00 1.243270277976989746e+01
6.924999952316284180e+00 1.274451154470443726e+01
6.974999904632568359e+00 1.306345623731613159e+01
7.024999856948852539e+00 1.338785147666931152e+01
7.074999809265136719e+00 1.371923357248306274e+01
7.124999761581420898e+00 1.405533939599990845e+01
7.174999713897705078e+00 1.439709341526031494e+01
7.224999666213989258e+00 1.474502366781234741e+01
7.274999618530273438e+00 1.509745115041732788e+01
7.324999570846557617e+00 1.545547330379486084e+01
7.374999523162841797e+00 1.581769090890884399e+01
7.425000071525573730e+00 1.618426346778869629e+01
7.475000023841857910e+00 1.655536544322967529e+01
7.524999976158142090e+00 1.693062150478363037e+01
7.574999928474426270e+00 1.730981588363647461e+01
7.624999880790710449e+00 1.769317770004272461e+01
7.674999833106994629e+00 1.808076095581054688e+01
7.724999785423278809e+00 1.847209537029266357e+01
7.774999737739562988e+00 1.886747145652770996e+01
7.824999690055847168e+00 1.926814424991607666e+01
7.874999642372131348e+00 1.967276763916015625e+01
7.924999594688415527e+00 2.008103573322296143e+01
7.974999547004699707e+00 2.049454581737518311e+01
8.025000095367431641e+00 2.091186821460723877e+01
8.075000047683715820e+00 2.133518218994140625e+01
8.125000000000000000e+00 2.176386260986328125e+01
8.174999952316284180e+00 2.219647848606109619e+01
8.224999904632568359e+00 2.263412201404571533e+01
8.274999856948852539e+00 2.307712030410766602e+01
8.324999809265136719e+00 2.352628159523010254e+01
8.374999761581420898e+00 2.398091876506805420e+01
8.424999713897705078e+00 2.444114983081817627e+01
8.474999666213989258e+00 2.490771889686584473e+01
8.524999618530273438e+00 2.537802803516387939e+01
8.574999570846557617e+00 2.585497224330902100e+01
8.624999523162841797e+00 2.633750820159912109e+01
8.675000071525573730e+00 2.682554960250854492e+01
8.725000023841857910e+00 2.731941366195678711e+01
8.774999976158142090e+00 2.782099127769470215e+01
8.824999928474426270e+00 2.832729327678680420e+01
8.874999880790710449e+00 2.884069991111755371e+01
8.924999833106994629e+00 2.935927546024322510e+01
8.974999785423278809e+00 2.988410341739654541e+01
9.024999737739562988e+00 3.041523981094360352e+01
9.074999690055847168e+00 3.095138454437255859e+01
9.124999642372131348e+00 3.149507880210876465e+01
9.174999594688415527e+00 3.204406642913818359e+01
9.224999547004699707e+00 3.259916019439697266e+01
9.275000095367431641e+00 3.316128921508789062e+01
9.325000047683715820e+00 3.372838783264160156e+01
9.375000000000000000e+00 3.430053114891052246e+01
9.424999952316284180e+00 3.487969827651977539e+01
9.474999904632568359e+00 3.546328067779541016e+01
9.524999856948852539e+00 3.605312252044677734e+01
9.574999809265136719e+00 3.664968895912170410e+01
9.624999761581420898e+00 3.725063204765319824e+01
9.674999713897705078e+00 3.785779976844787598e+01
9.724999666213989258e+00 3.846993684768676758e+01
9.774999618530273438e+00 3.908810567855834961e+01
9.824999570846557617e+00 3.970953035354614258e+01
9.874999523162841797e+00 4.033767342567443848e+01
9.924999475479125977e+00 4.097049784660339355e+01
9.975000023841857910e+00 4.160896825790405273e+01
1.002500057220458984e+01 4.225293159484863281e+01
1.007499933242797852e+01 4.290199780464172363e+01
1.012500047683715820e+01 4.355606007575988770e+01
1.017499923706054688e+01 4.421768283843994141e+01
1.022500038146972656e+01 4.488341188430786133e+01
1.027499914169311523e+01 4.555634284019470215e+01
1.032500028610229492e+01 4.623399329185485840e+01
1.037499904632568359e+01 4.691738438606262207e+01
1.042500019073486328e+01 4.760710477828979492e+01
1.047499895095825195e+01 4.830374670028686523e+01
1.052500009536743164e+01 4.900498843193054199e+01
1.057499885559082031e+01 4.971289157867431641e+01
1.062500000000000000e+01 5.042692637443542480e+01
1.067499876022338867e+01 5.114820909500122070e+01
1.072499990463256836e+01 5.187520146369934082e+01
1.077499866485595703e+01 5.260966181755065918e+01
1.082499980926513672e+01 5.334946537017822266e+01
1.087499976158142090e+01 5.409702539443969727e+01
1.092499971389770508e+01 5.485056257247924805e+01
1.097500085830688477e+01 5.561198592185974121e+01
1.102499961853027344e+01 5.637865281105041504e+01
1.107500076293945312e+01 5.715334892272949219e+01
1.112499952316284180e+01 5.793513226509094238e+01
1.117500066757202148e+01 5.872464323043823242e+01
1.122499942779541016e+01 5.952008962631225586e+01
1.127500057220458984e+01 6.032360005378723145e+01
1.132499933242797852e+01 6.113326787948608398e+01
1.137500047683715820e+01 6.195119142532348633e+01
1.142499923706054688e+01 6.277585625648498535e+01
1.147500038146972656e+01 6.360657596588134766e+01
1.152499914169311523e+01 6.444466876983642578e+01
1.157500028610229492e+01 6.529148578643798828e+01
1.162499904632568359e+01 6.614481115341186523e+01
1.167500019073486328e+01 6.700576972961425781e+01
1.172499895095825195e+01 6.787356567382812500e+01
1.177500009536743164e+01 6.875068473815917969e+01
1.182499885559082031e+01 6.963460159301757812e+01
1.187500000000000000e+01 7.052620506286621094e+01
1.192499876022338867e+01 7.142392635345458984e+01
1.197499990463256836e+01 7.233190822601318359e+01
1.202499866485595703e+01 7.324724578857421875e+01
1.207499980926513672e+01 7.416883087158203125e+01
1.212499856948852539e+01 7.509924507141113281e+01
1.217499971389770508e+01 7.603439617156982422e+01
1.222500085830688477e+01 7.697952508926391602e+01
1.227499961853027344e+01 7.793316364288330078e+01
1.232500076293945312e+01 7.889376306533813477e+01
1.237499952316284180e+01 7.986227130889892578e+01
1.242500066757202148e+01 8.083949279785156250e+01
1.247499942779541016e+01 8.182433843612670898e+01
