1.528845212459564173e+00 2.810472697826721725e-02
1.528848354816436661e+00 8.456559535305398223e-02
1.528851497173309371e+00 1.933173990226753347e-01
1.528854639530181858e+00 3.880460380631861050e-01
1.528857781887054568e+00 8.567938946438407033e-01
1.528860924243927055e+00 1.768424443124535284e+00
1.528864066600799543e+00 3.353502422736089450e+00
1.528867208957672030e+00 5.576221504948730257e+00
1.528870351314544740e+00 1.036332646694860316e+01
1.528873493671417227e+00 1.692767397662228035e+01
1.528876636028289937e+00 2.659998388083846876e+01
1.528879778385162425e+00 4.098123843015549994e+01
1.528882920742034912e+00 6.255955091700377579e+01
1.528886063098907400e+00 9.101172738309168153e+01
1.528889205455779887e+00 1.330976820267765390e+02
1.528892347812652597e+00 1.841320481449728277e+02
1.528895490169525084e+00 2.490262258246712292e+02
1.528898632526397794e+00 3.292137068055345139e+02
1.528901774883270281e+00 4.411031263532274238e+02
1.528904917240142769e+00 5.788019982724035799e+02
1.528908059597015257e+00 7.354814883268675203e+02
1.528911201953887966e+00 9.167508034658148972e+02
1.528914344310760454e+00 1.125604459480616470e+03
1.528917486667633163e+00 1.357621128259088437e+03
1.528920629024505651e+00 1.612380960426649381e+03
1.528923771381378138e+00 1.890306186992128914e+03
1.528926913738250626e+00 2.171699559873094131e+03
1.528930056095123335e+00 2.493039259871262857e+03
1.528933198451995823e+00 2.823311073056327587e+03
1.528936340808868533e+00 3.167612713358967085e+03
1.528939483165741020e+00 3.542447398095090193e+03
1.528942625522613508e+00 3.905151795624769420e+03
1.528945767879485995e+00 4.315960951980269783e+03
1.528948910236358705e+00 4.708338844885056460e+03
1.528952052593231192e+00 5.097807289730626508e+03
1.528955194950103902e+00 5.503643026868780908e+03
1.528958337306976389e+00 5.894877583035669886e+03
1.528961479663848877e+00 6.276692305151072105e+03
1.528964622020721364e+00 6.665311865679136645e+03
1.528967764377593852e+00 7.045665943575438178e+03
1.528970906734466562e+00 7.400123102031298913e+03
1.528974049091339049e+00 7.781709789245868706e+03
1.528977191448211759e+00 8.106907288370155584e+03
1.528980333805084246e+00 8.385276945082263410e+03
1.528983476161956734e+00 8.668934295906958141e+03
1.528986618518829221e+00 8.898756495823650766e+03
1.528989760875701931e+00 9.102815682111933711e+03
1.528992903232574418e+00 9.260075234487447233e+03
1.528996045589447128e+00 9.346377177614755055e+03
1.528999187946319616e+00 9.384967943212890532e+03
1.529002330303192103e+00 9.379130131517540576e+03
1.529005472660064591e+00 9.331753644908158094e+03
1.529008615016937300e+00 9.209339556751114287e+03
1.529011757373809788e+00 9.009560446531031630e+03
1.529014899730682497e+00 8.795595597704555985e+03
1.529018042087554985e+00 8.555409333022935243e+03
1.529021184444427472e+00 8.262453539724274378e+03
1.529024326801299960e+00 7.935859846810380077e+03
1.529027469158172670e+00 7.588345039804551561e+03
1.529030611515045157e+00 7.251417656491637899e+03
1.529033753871917867e+00 6.878744529663467802e+03
1.529036896228790354e+00 6.487090028237898878e+03
1.529040038585662842e+00 6.098951071534102994e+03
1.529043180942535329e+00 5.711483916151358244e+03
1.529046323299407817e+00 5.286580161730104919e+03
1.529049465656280526e+00 4.897206029687044975e+03
1.529052608013153014e+00 4.491481141160737934e+03
1.529055750370025724e+00 4.114028547236487611e+03
1.529058892726898211e+00 3.728730697387414239e+03
1.529062035083770699e+00 3.363103052925992415e+03
1.529065177440643186e+00 3.005757485118118893e+03
1.529068319797515896e+00 2.669381240599075227e+03
1.529071462154388383e+00 2.341996577951086692e+03
1.529074604511261093e+00 2.031676930261141251e+03
1.529077746868133580e+00 1.746682717953787460e+03
1.529080889225006068e+00 1.484455701229607030e+03
1.529084031581878556e+00 1.238034020483490167e+03
1.529087173938751265e+00 1.023484337132489372e+03
1.529090316295623753e+00 8.261598180662111872e+02
1.529093458652496462e+00 6.566487403576699080e+02
1.529096601009368950e+00 5.100131137926478004e+02
1.529099743366241437e+00 3.878423095141977228e+02
1.529102885723113925e+00 2.941257616267254775e+02
1.529106028079986634e+00 2.150233692820286819e+02
1.529109170436859122e+00 1.534200794872208178e+02
1.529112312793731832e+00 1.097517087374845488e+02
1.529115455150604319e+00 7.738590986609786171e+01
1.529118597507476807e+00 5.146391634736915677e+01
1.529121739864349294e+00 3.362453526648823043e+01
1.529124882221221782e+00 2.201839369969038529e+01
1.529128024578094491e+00 1.355195649013930748e+01
1.529131166934966979e+00 7.814858003669275632e+00
1.529134309291839688e+00 4.203790000198783794e+00
1.529137451648712176e+00 2.228425860858244789e+00
1.529140594005584664e+00 1.410384663783022630e+00
1.529143736362457151e+00 6.740304144891350324e-01
1.529146878719329861e+00 2.367234434259704867e-01
1.529150021076202348e+00 6.581345725386840428e-02
1.529153163433075058e+00 5.536828622323324012e-02
1.529156305789947545e+00 1.605675222837774085e-02
