1.089844269156456047e+00 1.557925966013939782e-02
1.089847453236580055e+00 5.482182397916440103e-02
1.089850637316703841e+00 1.368762572971097546e-01
1.089853821396827627e+00 3.276238945946614578e-01
1.089857005476951635e+00 7.207096438443592046e-01
1.089860189557075643e+00 1.354423600791272664e+00
1.089863373637199429e+00 2.669677537597912487e+00
1.089866557717323214e+00 4.989392555936905893e+00
1.089869741797447222e+00 8.674854346295594709e+00
1.089872925877571230e+00 1.477220456811913074e+01
1.089876109957695016e+00 2.467522825763334993e+01
1.089879294037818802e+00 3.867539461123634936e+01
1.089882478117942810e+00 5.900309162366291105e+01
1.089885662198066818e+00 8.745873285467048674e+01
1.089888846278190604e+00 1.252311597567336037e+02
1.089892030358314390e+00 1.749566889947590766e+02
1.089895214438438398e+00 2.409810521343863172e+02
1.089898398518562406e+00 3.254065692255668978e+02
1.089901582598686192e+00 4.331379977915651693e+02
1.089904766678809978e+00 5.682086265770507225e+02
1.089907950758933985e+00 7.316123283641202306e+02
1.089911134839057993e+00 9.128137363760704375e+02
1.089914318919181779e+00 1.124483726822104927e+03
1.089917502999305565e+00 1.359104999512451514e+03
1.089920687079429573e+00 1.616707235162449479e+03
1.089923871159553581e+00 1.895204856956226649e+03
1.089927055239677589e+00 2.191321307345480363e+03
1.089930239319801375e+00 2.512160613576625565e+03
1.089933423399925161e+00 2.852281204041166347e+03
1.089936607480049169e+00 3.210081848035224994e+03
1.089939791560173177e+00 3.571633988322755158e+03
1.089942975640296963e+00 3.958558040551467002e+03
1.089946159720420749e+00 4.341856190657478692e+03
1.089949343800544757e+00 4.738147627903347711e+03
1.089952527880668764e+00 5.122019557488512874e+03
1.089955711960792550e+00 5.568663357589212865e+03
1.089958896040916336e+00 5.961723969784168730e+03
1.089962080121040344e+00 6.332549645363113996e+03
1.089965264201164352e+00 6.760031661246904150e+03
1.089968448281288138e+00 7.125593695888945149e+03
1.089971632361411924e+00 7.509521769591638076e+03
1.089974816441535932e+00 7.837815115267723741e+03
1.089978000521659940e+00 8.171402825880546516e+03
1.089981184601783726e+00 8.496185486333728477e+03
1.089984368681907512e+00 8.742461966129563734e+03
1.089987552762031520e+00 8.996560714819501300e+03
1.089990736842155528e+00 9.145815028456596337e+03
1.089993920922279314e+00 9.295786322766893136e+03
1.089997105002403099e+00 9.365536487804858552e+03
1.090000289082527107e+00 9.442527663417789881e+03
1.090003473162651115e+00 9.345221421485330211e+03
1.090006657242775123e+00 9.296013484582561432e+03
1.090009841322898909e+00 9.130014761844136956e+03
1.090013025403022695e+00 8.921744934131937043e+03
1.090016209483146703e+00 8.705758818664173305e+03
1.090019393563270711e+00 8.435330507505495916e+03
1.090022577643394497e+00 8.093357351048009150e+03
1.090025761723518283e+00 7.777403235629396477e+03
1.090028945803642291e+00 7.454531120100354201e+03
1.090032129883766299e+00 7.058353856061434271e+03
1.090035313963890085e+00 6.677967218873640377e+03
1.090038498044013870e+00 6.292527476872733132e+03
1.090041682124137878e+00 5.881214698068899452e+03
1.090044866204261886e+00 5.485360353672267593e+03
1.090048050284385672e+00 5.076211412837738862e+03
1.090051234364509458e+00 4.656887683240797742e+03
1.090054418444633466e+00 4.285007530143433542e+03
1.090057602524757474e+00 3.882399856977750005e+03
1.090060786604881260e+00 3.507578928619878752e+03
1.090063970685005046e+00 3.139592380144279105e+03
1.090067154765129054e+00 2.791836336636639771e+03
1.090070338845253062e+00 2.459480479582191037e+03
1.090073522925376848e+00 2.136187802856293729e+03
1.090076707005500634e+00 1.834628358201077845e+03
1.090079891085624642e+00 1.571954003826969483e+03
1.090083075165748649e+00 1.316198626141784416e+03
1.090086259245872657e+00 1.081032832029013207e+03
1.090089443325996443e+00 8.807969010021754457e+02
1.090092627406120229e+00 6.986089962274855907e+02
1.090095811486244237e+00 5.439992938360345534e+02
1.090098995566368245e+00 4.143170078134741061e+02
1.090102179646492031e+00 3.111898348440884092e+02
1.090105363726615817e+00 2.286923507526225876e+02
1.090108547806739825e+00 1.661486977189214258e+02
1.090111731886863833e+00 1.173935881717320484e+02
1.090114915966987619e+00 8.155082054737607677e+01
1.090118100047111405e+00 5.467573515547718443e+01
1.090121284127235413e+00 3.583749110098800372e+01
1.090124468207359421e+00 2.254454635376234961e+01
1.090127652287483206e+00 1.369092514966924412e+01
1.090130836367606992e+00 7.787280420580215079e+00
1.090134020447731000e+00 4.509958756870187990e+00
1.090137204527855008e+00 2.323514078785313242e+00
1.090140388607978794e+00 1.421418005640384452e+00
1.090143572688102580e+00 6.932714145221298141e-01
1.090146756768226588e+00 3.509376582390323351e-01
1.090149940848350596e+00 1.250929617986587805e-01
1.090153124928474382e+00 4.626376805492777439e-02
1.090156309008598168e+00 2.082508815487655457e-02
1.090159493088722176e+00 4.405126945087962410e-03
