1.409844554662704308e+00 1.478221183196556932e-02
1.409847728013992274e+00 4.059257789102829750e-02
1.409850901365280240e+00 2.057278174052802611e-01
1.409854074716567984e+00 3.338745500964102608e-01
1.409857248067855728e+00 8.724454841432799368e-01
1.409860421419143695e+00 1.452361157409852277e+00
1.409863594770431661e+00 2.691146164229968996e+00
1.409866768121719405e+00 5.238660383048825864e+00
1.409869941473007149e+00 9.497794705875151067e+00
1.409873114824295115e+00 1.525880699554882369e+01
1.409876288175582859e+00 2.515127186708100382e+01
1.409879461526870603e+00 3.905665908604492387e+01
1.409882634878158569e+00 6.009094591533545326e+01
1.409885808229446535e+00 8.897304861092648309e+01
1.409888981580734280e+00 1.270869080231580028e+02
1.409892154932022024e+00 1.805212504944655052e+02
1.409895328283309990e+00 2.480396629477875194e+02
1.409898501634597734e+00 3.294879328388584554e+02
1.409901674985885478e+00 4.388006317087035768e+02
1.409904848337173444e+00 5.707344882392523004e+02
1.409908021688461410e+00 7.283762736825452748e+02
1.409911195039749154e+00 9.167257970281226562e+02
1.409914368391036898e+00 1.120894830551997529e+03
1.409917541742324865e+00 1.350996801381849536e+03
1.409920715093612831e+00 1.611698650603388614e+03
1.409923888444900353e+00 1.894700434617660221e+03
1.409927061796188319e+00 2.186663296388096114e+03
1.409930235147476285e+00 2.513239652547445985e+03
1.409933408498764029e+00 2.856613587777265820e+03
1.409936581850051773e+00 3.198773008187351479e+03
1.409939755201339739e+00 3.574233976625874675e+03
1.409942928552627706e+00 3.934767967363414755e+03
1.409946101903915450e+00 4.338612827617677794e+03
1.409949275255203194e+00 4.722845240743269642e+03
1.409952448606491160e+00 5.133425315283999225e+03
1.409955621957778904e+00 5.525636830876487693e+03
1.409958795309066648e+00 5.949929384654678870e+03
1.409961968660354614e+00 6.331780904788271073e+03
1.409965142011642580e+00 6.737511703917610248e+03
1.409968315362930324e+00 7.119408900637312399e+03
1.409971488714218069e+00 7.503999644167451152e+03
1.409974662065506035e+00 7.817707844639243376e+03
1.409977835416793779e+00 8.168002993048128701e+03
1.409981008768081523e+00 8.457644447683453109e+03
1.409984182119369489e+00 8.730701731540882975e+03
1.409987355470657455e+00 8.930008785641563009e+03
1.409990528821945199e+00 9.162910609126611234e+03
1.409993702173232943e+00 9.276264133109654722e+03
1.409996875524520910e+00 9.400517583450273378e+03
1.410000048875808876e+00 9.394614084839791758e+03
1.410003222227096398e+00 9.411319352729115053e+03
1.410006395578384364e+00 9.257052978427889684e+03
1.410009568929672330e+00 9.141582005059495714e+03
1.410012742280960074e+00 8.927094977369410117e+03
1.410015915632247818e+00 8.739840884990151608e+03
1.410019088983535784e+00 8.460626385585172102e+03
1.410022262334823751e+00 8.185743048472625560e+03
1.410025435686111495e+00 7.820689670554035729e+03
1.410028609037399239e+00 7.477988495367875657e+03
1.410031782388687205e+00 7.096662209901181086e+03
1.410034955739974949e+00 6.726891314427321049e+03
1.410038129091262693e+00 6.341037838074243155e+03
1.410041302442550659e+00 5.940969506864144932e+03
1.410044475793838625e+00 5.533591434404529537e+03
1.410047649145126369e+00 5.131079657971445158e+03
1.410050822496414114e+00 4.730799630872103080e+03
1.410053995847702080e+00 4.336195726425405155e+03
1.410057169198989824e+00 3.948941706372697809e+03
1.410060342550277568e+00 3.559568507403337662e+03
1.410063515901565534e+00 3.203170715939472302e+03
1.410066689252853500e+00 2.837527715670088128e+03
1.410069862604141244e+00 2.510704521248322635e+03
1.410073035955428988e+00 2.187604743986693393e+03
1.410076209306716954e+00 1.887138721858384315e+03
1.410079382658004921e+00 1.602429025723749646e+03
1.410082556009292443e+00 1.352218944218600200e+03
1.410085729360580409e+00 1.118401189405465402e+03
1.410088902711868375e+00 9.130469094004522503e+02
1.410092076063156119e+00 7.281065440767567907e+02
1.410095249414443863e+00 5.705453719183210524e+02
1.410098422765731829e+00 4.357922831822261287e+02
1.410101596117019795e+00 3.287075200634751582e+02
1.410104769468307540e+00 2.429263519408439720e+02
1.410107942819595284e+00 1.797322815809679071e+02
1.410111116170883250e+00 1.261433201746547468e+02
1.410114289522170994e+00 8.842019959503670634e+01
1.410117462873458738e+00 6.010451278637609107e+01
1.410120636224746704e+00 3.924516256306007733e+01
1.410123809576034670e+00 2.611213754762351869e+01
1.410126982927322414e+00 1.575579339573953952e+01
1.410130156278610158e+00 9.527047469984879058e+00
1.410133329629898125e+00 5.154670546689938959e+00
1.410136502981185869e+00 2.728649629878396876e+00
1.410139676332473613e+00 1.680703409945232041e+00
1.410142849683761579e+00 8.085152766210158548e-01
1.410146023035049545e+00 4.003779442487058748e-01
1.410149196386337289e+00 1.878880673889115616e-01
1.410152369737625033e+00 6.904574293951304398e-02
1.410155543088912999e+00 5.944088986150777507e-03
1.410158716440200966e+00 1.457628211492136873e-02
