9.448424997925758406e-01 4.063806026630720214e-02
9.448456832766533031e-01 4.473608094205729080e-02
9.448488667607307656e-01 1.146226454940104250e-01
9.448520502448082281e-01 2.523344653620641642e-01
9.448552337288856906e-01 5.716348411832881116e-01
9.448584172129631531e-01 8.812029028917707230e-01
9.448616006970405046e-01 1.886026368164304134e+00
9.448647841811179671e-01 3.770632129417062384e+00
9.448679676651954296e-01 6.500915594798551744e+00
9.448711511492728921e-01 1.080018420739584073e+01
9.448743346333503546e-01 1.870900850352600386e+01
9.448775181174278170e-01 2.998367024621405363e+01
9.448807016015052795e-01 4.606802964735867079e+01
9.448838850855827420e-01 7.125639485373902460e+01
9.448870685696602045e-01 1.038349973419380063e+02
9.448902520537376670e-01 1.457299035382706336e+02
9.448934355378151295e-01 2.033487436431495894e+02
9.448966190218925920e-01 2.778072567996729276e+02
9.448998025059700545e-01 3.743478945994297078e+02
9.449029859900474060e-01 4.878595254546088427e+02
9.449061694741248685e-01 6.345887305845469655e+02
9.449093529582023310e-01 8.124274083680822969e+02
9.449125364422797935e-01 1.011123317533847967e+03
9.449157199263572560e-01 1.231045579145552665e+03
9.449189034104347185e-01 1.474565542748377311e+03
9.449220868945121810e-01 1.737627948317228856e+03
9.449252703785896434e-01 2.024138404623620090e+03
9.449284538626671059e-01 2.334594406287998481e+03
9.449316373467445684e-01 2.655073057469194282e+03
9.449348208308220309e-01 2.997369453557739689e+03
9.449380043148994934e-01 3.372404044252652966e+03
9.449411877989768449e-01 3.735973471177203010e+03
9.449443712830543074e-01 4.115926476167156579e+03
9.449475547671317699e-01 4.524764097226685408e+03
9.449507382512092324e-01 4.937469341943526160e+03
9.449539217352866949e-01 5.335345918571621951e+03
9.449571052193641574e-01 5.720900407564869965e+03
9.449602887034416199e-01 6.136166999162193861e+03
9.449634721875190824e-01 6.529278199116693031e+03
9.449666556715965449e-01 6.917713197455767840e+03
9.449698391556740074e-01 7.298329535540936376e+03
9.449730226397514699e-01 7.667714529610018872e+03
9.449762061238289323e-01 7.997163591440051277e+03
9.449793896079063948e-01 8.307166648542412076e+03
9.449825730919837463e-01 8.573391426442492957e+03
9.449857565760612088e-01 8.849540059266901153e+03
9.449889400601386713e-01 9.095633202958228139e+03
9.449921235442161338e-01 9.242482678939206380e+03
9.449953070282935963e-01 9.329080063591383805e+03
9.449984905123710588e-01 9.390107880446073978e+03
9.450016739964485213e-01 9.386407094104799398e+03
9.450048574805259838e-01 9.319775002218864756e+03
9.450080409646034463e-01 9.225705721892214569e+03
9.450112244486809088e-01 9.054811879975593911e+03
9.450144079327583713e-01 8.831668302900947310e+03
9.450175914168358338e-01 8.595906723883001177e+03
9.450207749009131852e-01 8.291449477775115156e+03
9.450239583849906477e-01 7.976211935714991341e+03
9.450271418690681102e-01 7.630889902538148817e+03
9.450303253531455727e-01 7.268138892915347242e+03
9.450335088372230352e-01 6.891738315123170651e+03
9.450366923213004977e-01 6.512574887804839818e+03
9.450398758053779602e-01 6.091468193925818923e+03
9.450430592894554227e-01 5.699282006298304623e+03
9.450462427735328852e-01 5.298215512062733069e+03
9.450494262576103477e-01 4.901357638294072785e+03
9.450526097416878102e-01 4.498576098604066829e+03
9.450557932257652727e-01 4.102853663117873111e+03
9.450589767098427352e-01 3.729085956304734736e+03
9.450621601939200866e-01 3.360515927044045384e+03
9.450653436779975491e-01 3.000696243011620936e+03
9.450685271620750116e-01 2.646475341110866793e+03
9.450717106461524741e-01 2.330544386378517629e+03
9.450748941302299366e-01 2.015424320209265034e+03
9.450780776143073991e-01 1.712183015929672820e+03
9.450812610983848616e-01 1.451696851138486409e+03
9.450844445824623241e-01 1.207104870281835701e+03
9.450876280665397866e-01 9.948290659235908606e+02
9.450908115506172491e-01 7.928678330218959900e+02
9.450939950346947116e-01 6.247652605280530906e+02
9.450971785187721741e-01 4.857626722035404896e+02
9.451003620028495256e-01 3.696916374788219173e+02
9.451035454869269881e-01 2.714697694071387559e+02
9.451067289710044506e-01 2.016405727884859687e+02
9.451099124550819131e-01 1.429684528602433886e+02
9.451130959391593755e-01 1.006020952800097206e+02
9.451162794232368380e-01 6.860707431477737828e+01
9.451194629073143005e-01 4.773175557068418584e+01
9.451226463913917630e-01 3.011304235270724305e+01
9.451258298754692255e-01 1.843545089383653135e+01
9.451290133595466880e-01 1.173684421361348384e+01
9.451321968436241505e-01 6.344163775663313132e+00
9.451353803277016130e-01 3.526211218295310257e+00
9.451385638117790755e-01 1.897156283519059849e+00
9.451417472958564270e-01 9.648969241570338751e-01
9.451449307799338895e-01 4.826112944817558814e-01
9.451481142640113520e-01 1.774566409383676324e-01
9.451512977480888145e-01 9.331745380497724618e-02
9.451544812321662770e-01 5.482098695544236622e-02
9.451576647162437395e-01 4.739067130105580755e-02
